person_age,person_income,person_home_ownership,person_emp_length,loan_intent,loan_grade,loan_amnt,loan_int_rate,loan_status,loan_percent_income,cb_person_default_on_file,cb_person_cred_hist_length
144,6000000,MORTGAGE,12,PERSONAL,C,5000,12.73,0,0,N,25
144,250000,RENT,4,VENTURE,C,4800,13.57,0,0.02,N,3
144,200000,MORTGAGE,4,EDUCATION,B,6000,11.86,0,0.03,N,2
123,78000,RENT,7,VENTURE,B,20000,,0,0.26,N,4
123,80004,RENT,2,EDUCATION,B,20400,10.25,0,0.25,N,3
94,24000,RENT,1,MEDICAL,C,6500,,0,0.27,N,27
84,94800,MORTGAGE,2,PERSONAL,A,10000,7.51,0,0.11,N,24
80,64000,RENT,7,MEDICAL,B,6800,11.71,0,0.11,N,25
78,48000,RENT,41,MEDICAL,A,3000,7.51,0,0.06,N,25
76,75000,RENT,23,MEDICAL,A,15000,8.94,0,0.2,N,25
73,42000,MORTGAGE,7,PERSONAL,A,5000,7.49,0,0.12,N,28
73,75000,RENT,0,MEDICAL,A,7800,,0,0.1,N,24
73,39240,RENT,0,MEDICAL,B,1800,12.53,0,0.05,N,21
70,30000,RENT,1,MEDICAL,B,5000,10.96,0,0.17,N,28
70,44000,MORTGAGE,3,PERSONAL,C,7000,11.66,0,0.16,N,24
70,42000,RENT,1,MEDICAL,B,8000,9.63,0,0.19,N,24
70,48000,RENT,0,MEDICAL,A,15000,6.99,1,0.31,N,24
70,132000,MORTGAGE,0,PERSONAL,A,14000,,0,0.11,N,24
70,30000,RENT,0,DEBTCONSOLIDATION,D,1000,17.49,1,0.03,Y,21
70,39996,RENT,,MEDICAL,C,3600,15.23,0,0.09,Y,19
69,120000,MORTGAGE,3,PERSONAL,D,20000,14.84,0,0.17,N,27
69,37000,RENT,6,MEDICAL,D,10750,14.59,0,0.29,Y,27
69,24000,RENT,3,MEDICAL,A,6000,6.62,0,0.25,N,23
69,80000,RENT,12,MEDICAL,C,4800,14.79,0,0.06,Y,22
69,24000,RENT,3,MEDICAL,A,6000,6.62,0,0.25,N,20
67,200000,MORTGAGE,2,PERSONAL,C,3000,10.28,0,0.01,N,26
66,42000,RENT,2,MEDICAL,B,6475,9.99,0,0.15,N,30
66,40000,RENT,2,EDUCATION,E,7000,15.68,1,0.17,Y,29
66,60000,RENT,4,MEDICAL,C,27050,,1,0.45,Y,28
66,54000,RENT,3,MEDICAL,D,8000,16.02,0,0.15,Y,26
66,42000,RENT,2,MEDICAL,B,6475,9.99,0,0.15,N,24
66,43000,RENT,17,DEBTCONSOLIDATION,D,22250,14.59,1,0.52,Y,23
66,300000,MORTGAGE,3,PERSONAL,A,28000,6.62,0,0.09,N,23
66,82000,MORTGAGE,8,PERSONAL,A,28000,7.9,0,0.34,N,20
66,38400,RENT,14,MEDICAL,A,11000,5.42,0,0.29,N,19
65,45900,RENT,2,PERSONAL,C,10000,,0,0.22,N,29
65,76000,RENT,3,HOMEIMPROVEMENT,B,35000,10.99,1,0.46,N,28
65,76000,RENT,3,EDUCATION,B,35000,10.99,1,0.46,N,27
65,93000,MORTGAGE,27,PERSONAL,B,25000,9.99,0,0.27,N,27
65,57996,RENT,4,EDUCATION,D,3000,,0,0.05,N,27
65,133000,MORTGAGE,2,DEBTCONSOLIDATION,E,18000,,1,0.14,N,25
65,46000,RENT,5,VENTURE,E,10500,16.32,0,0.23,Y,24
65,120000,MORTGAGE,0,PERSONAL,B,12000,11.48,0,0.1,N,21
65,45900,RENT,2,EDUCATION,C,10000,,0,0.22,Y,19
64,105000,RENT,8,HOMEIMPROVEMENT,E,20000,18.64,0,0.19,N,30
64,87000,MORTGAGE,12,PERSONAL,A,15000,7.51,0,0.17,N,27
64,120000,MORTGAGE,0,PERSONAL,B,20000,11.11,0,0.17,N,25
64,46000,RENT,2,PERSONAL,C,4800,11.09,0,0.1,Y,24
64,119000,MORTGAGE,3,PERSONAL,A,5000,8,0,0.04,N,22
64,24000,RENT,1,MEDICAL,A,3000,6.99,0,0.13,N,21
64,56000,RENT,0,DEBTCONSOLIDATION,E,10000,16.82,1,0.18,Y,18
63,1782000,RENT,13,EDUCATION,C,12025,14.27,0,0.01,N,30
63,106000,MORTGAGE,0,PERSONAL,C,11500,12.98,0,0.11,N,23
63,37000,RENT,24,DEBTCONSOLIDATION,C,5450,15.96,1,0.15,N,22
62,76500,RENT,0,EDUCATION,D,20000,16.77,1,0.26,Y,29
62,62050,MORTGAGE,29,MEDICAL,C,25000,13.43,1,0.34,Y,28
62,68375,RENT,4,MEDICAL,C,24250,12.73,1,0.35,N,28
62,16800,RENT,0,VENTURE,A,2500,6.91,0,0.15,N,24
62,51600,RENT,2,PERSONAL,A,8525,6.54,0,0.17,N,24
62,66000,RENT,2,EDUCATION,B,6000,,0,0.09,N,23
62,60000,MORTGAGE,5,PERSONAL,A,16000,8.9,0,0.27,N,19
61,78000,MORTGAGE,1,PERSONAL,D,8525,14.54,1,0.11,Y,27
61,160000,RENT,3,PERSONAL,D,30000,,0,0.19,Y,27
61,10636,RENT,3,PERSONAL,B,4000,12.21,1,0.38,N,25
61,53000,MORTGAGE,3,PERSONAL,A,7000,7.49,0,0.13,N,23
61,85000,MORTGAGE,11,PERSONAL,B,9000,9.99,0,0.11,N,22
61,51000,RENT,2,MEDICAL,D,20000,14.09,1,0.39,N,21
61,160000,MORTGAGE,30,PERSONAL,B,24000,10.38,0,0.15,N,21
61,148000,MORTGAGE,30,DEBTCONSOLIDATION,B,24000,10.38,1,0.16,N,20
61,90000,RENT,1,MEDICAL,A,10000,5.79,0,0.11,N,20
60,49008,OWN,5,PERSONAL,C,12000,13.79,0,0.24,Y,30
60,98000,RENT,1,HOMEIMPROVEMENT,D,15000,16.29,1,0.15,N,29
60,9600,RENT,4,DEBTCONSOLIDATION,B,2800,10.99,1,0.29,N,28
60,29000,RENT,0,HOMEIMPROVEMENT,D,2500,15.33,1,0.09,Y,27
60,60000,OWN,5,PERSONAL,C,9000,13.8,0,0.15,N,27
60,31500,RENT,2,DEBTCONSOLIDATION,C,4650,13.23,0,0.15,N,27
60,37200,MORTGAGE,2,PERSONAL,A,10000,6.54,1,0.27,N,27
60,45600,RENT,1,VENTURE,B,20000,10,1,0.44,N,26
60,98000,RENT,1,DEBTCONSOLIDATION,D,15000,16.29,1,0.15,Y,25
60,72000,OWN,3,PERSONAL,B,10000,10.59,0,0.14,N,24
60,49008,OWN,5,PERSONAL,C,12000,13.79,0,0.24,Y,21
60,1900000,MORTGAGE,5,PERSONAL,A,1500,,0,0,N,21
60,45600,RENT,1,PERSONAL,B,20000,10,1,0.44,N,20
60,150000,MORTGAGE,1,PERSONAL,A,10000,5.79,0,0.07,N,18
60,88000,OWN,8,PERSONAL,C,6000,,0,0.07,Y,18
59,55000,MORTGAGE,15,PERSONAL,B,1000,10.59,0,0.02,N,29
59,175000,RENT,3,PERSONAL,B,12000,10.59,0,0.07,N,27
59,40000,MORTGAGE,5,PERSONAL,A,3600,7.49,0,0.09,N,24
59,42000,RENT,14,PERSONAL,A,9600,7.66,0,0.23,N,19
59,83768,MORTGAGE,15,PERSONAL,B,12000,11.86,0,0.14,N,18
58,20000,RENT,0,EDUCATION,B,4000,9.99,0,0.2,N,30
58,100000,RENT,6,EDUCATION,A,12000,8.9,0,0.12,N,30
58,68000,MORTGAGE,1,PERSONAL,B,8000,10.99,0,0.12,N,29
58,33600,RENT,6,EDUCATION,C,1500,14.79,0,0.04,N,28
58,900000,RENT,18,DEBTCONSOLIDATION,C,19600,13.98,0,0.02,N,28
58,85000,MORTGAGE,0,PERSONAL,B,8000,11.49,0,0.09,N,28
58,39996,RENT,2,VENTURE,B,2500,10.37,0,0.06,N,27
58,45600,MORTGAGE,20,PERSONAL,C,6000,12.99,0,0.13,N,25
58,49000,MORTGAGE,34,MEDICAL,D,7500,13.55,1,0.15,Y,24
58,72000,RENT,5,HOMEIMPROVEMENT,B,4500,,0,0.06,N,23
58,27000,RENT,0,HOMEIMPROVEMENT,D,3500,16,1,0.13,Y,21
58,43500,RENT,4,EDUCATION,D,1800,14.96,0,0.04,Y,21
58,51252,RENT,0,PERSONAL,B,13500,11.58,0,0.26,N,21
58,780000,MORTGAGE,7,PERSONAL,A,4500,6.91,0,0.01,N,20
58,45000,MORTGAGE,3,PERSONAL,A,3500,6.76,0,0.08,N,20
58,108350,RENT,5,PERSONAL,D,35000,14.91,1,0.32,N,19
58,780000,MORTGAGE,7,PERSONAL,A,4500,6.91,0,0.01,N,19
58,100000,MORTGAGE,6,PERSONAL,A,6000,5.42,0,0.06,N,19
58,72000,RENT,5,EDUCATION,B,4500,,0,0.06,N,18
57,53000,MORTGAGE,1,PERSONAL,C,5800,13.16,0,0.11,Y,30
57,53000,MORTGAGE,1,PERSONAL,C,5800,13.16,0,0.11,N,30
57,77385,RENT,4,VENTURE,A,6625,7.66,0,0.09,N,29
57,77385,RENT,4,PERSONAL,A,6625,7.66,0,0.09,N,27
57,170000,RENT,5,HOMEIMPROVEMENT,C,6300,13.11,0,0.04,N,26
57,56650,RENT,1,PERSONAL,C,5000,15.96,0,0.09,N,24
57,62004,MORTGAGE,13,PERSONAL,C,2000,13.72,0,0.03,Y,24
57,15000,MORTGAGE,1,DEBTCONSOLIDATION,C,3000,12.68,1,0.2,N,23
57,70000,RENT,0,VENTURE,B,6600,10.99,0,0.09,N,21
57,40000,RENT,1,MEDICAL,A,15000,8.9,1,0.38,N,21
57,15840,RENT,2,MEDICAL,B,3000,10.38,1,0.19,N,20
57,45600,RENT,21,VENTURE,B,3000,9.91,0,0.07,N,20
57,40000,RENT,1,DEBTCONSOLIDATION,A,15000,8.9,1,0.38,N,20
57,64000,RENT,20,VENTURE,A,8000,8.9,0,0.13,N,19
57,26400,RENT,2,PERSONAL,C,2500,13.48,0,0.09,N,18
56,150000,MORTGAGE,5,PERSONAL,B,15000,11.48,0,0.1,N,28
56,150000,MORTGAGE,5,PERSONAL,B,15000,11.48,0,0.1,N,26
56,70000,MORTGAGE,7,PERSONAL,B,15000,10.38,0,0.21,N,24
56,71884,OWN,11,PERSONAL,B,7425,9.99,0,0.1,N,24
56,65000,RENT,7,DEBTCONSOLIDATION,A,7700,5.42,0,0.12,N,24
56,70000,MORTGAGE,17,PERSONAL,A,2500,5.99,0,0.04,N,23
56,71884,OWN,11,PERSONAL,B,7425,9.99,0,0.1,N,22
56,90000,MORTGAGE,0,PERSONAL,A,7200,6.17,0,0.08,N,21
56,59200,RENT,1,DEBTCONSOLIDATION,C,10000,13.61,0,0.17,Y,20
56,150000,RENT,7,HOMEIMPROVEMENT,C,10000,13.49,0,0.07,N,20
56,95004,MORTGAGE,6,PERSONAL,B,12000,11.58,0,0.13,N,20
56,70000,MORTGAGE,7,PERSONAL,B,15000,10.38,0,0.21,N,20
56,19200,RENT,0,VENTURE,B,6025,11.71,1,0.31,N,19
56,90000,MORTGAGE,0,PERSONAL,A,7200,6.17,0,0.08,N,19
56,32400,RENT,,MEDICAL,A,8575,7.51,0,0.26,N,18
55,50000,RENT,2,HOMEIMPROVEMENT,A,20000,7.51,1,0.4,N,30
55,34000,RENT,0,DEBTCONSOLIDATION,A,12000,6.92,1,0.35,N,30
55,97243,MORTGAGE,10,PERSONAL,E,17000,,0,0.17,N,30
55,78000,MORTGAGE,2,DEBTCONSOLIDATION,D,8000,,1,0.1,N,29
55,50000,RENT,2,DEBTCONSOLIDATION,A,20000,7.51,1,0.4,N,28
55,91154,MORTGAGE,15,PERSONAL,A,10000,6.62,0,0.11,N,28
55,54000,RENT,4,DEBTCONSOLIDATION,C,1000,13.99,1,0.02,N,27
55,24543,RENT,3,VENTURE,C,4000,13.92,0,0.16,Y,27
55,39000,RENT,2,HOMEIMPROVEMENT,B,13000,11.48,1,0.33,N,27
55,123000,MORTGAGE,3,PERSONAL,B,10000,10.99,0,0.08,N,26
55,94000,MORTGAGE,11,PERSONAL,A,4000,6.62,0,0.04,N,26
55,51000,RENT,2,PERSONAL,A,8000,5.79,0,0.16,N,26
55,54000,RENT,20,VENTURE,A,5800,6.76,0,0.11,N,24
55,75000,RENT,2,MEDICAL,B,20000,11.83,0,0.27,N,23
55,28800,OWN,1,PERSONAL,D,5000,15.33,0,0.17,N,22
55,48000,RENT,1,EDUCATION,B,5500,10.62,1,0.11,N,22
55,75000,MORTGAGE,3,PERSONAL,A,10000,7.51,0,0.13,N,20
55,60900,MORTGAGE,5,PERSONAL,A,8500,6.76,0,0.14,N,20
55,75000,MORTGAGE,6,PERSONAL,D,7700,14.84,0,0.1,Y,18
55,125000,MORTGAGE,9,PERSONAL,B,8400,9.63,0,0.07,N,18
54,33600,RENT,0,DEBTCONSOLIDATION,B,1000,10.65,1,0.03,N,29
54,29000,MORTGAGE,7,PERSONAL,B,2500,11.71,0,0.09,N,28
54,53700,RENT,1,HOMEIMPROVEMENT,D,29850,,1,0.56,Y,28
54,20000,RENT,2,MEDICAL,C,5000,,0,0.25,N,28
54,154000,MORTGAGE,1,PERSONAL,B,12000,12.69,0,0.08,N,26
54,95000,MORTGAGE,3,PERSONAL,B,6500,10.65,0,0.07,N,26
54,52000,MORTGAGE,5,PERSONAL,B,1000,10,0,0.02,N,26
54,29000,MORTGAGE,7,PERSONAL,B,2500,11.71,0,0.09,N,24
54,129000,MORTGAGE,6,EDUCATION,B,9000,11.49,1,0.07,N,24
54,125000,MORTGAGE,13,PERSONAL,A,12000,6.62,0,0.1,N,24
54,22880,RENT,6,MEDICAL,B,7500,11.89,1,0.33,N,22
54,77000,RENT,24,VENTURE,C,24000,13.49,1,0.31,N,21
54,79864,MORTGAGE,5,PERSONAL,B,1800,9.88,0,0.02,N,21
54,65000,MORTGAGE,4,PERSONAL,D,9600,15.99,0,0.15,N,20
54,97800,MORTGAGE,11,PERSONAL,C,10000,13.23,0,0.1,Y,20
54,107000,RENT,27,VENTURE,B,10000,9.91,0,0.09,N,20
54,48000,OWN,20,PERSONAL,A,6000,8,0,0.13,N,20
54,50000,RENT,14,DEBTCONSOLIDATION,A,20000,7.9,1,0.4,N,20
54,120000,MORTGAGE,4,PERSONAL,A,17625,7.49,0,0.15,N,20
54,170000,MORTGAGE,12,PERSONAL,A,11000,6.62,0,0.06,N,20
54,39000,MORTGAGE,4,PERSONAL,B,20000,10.71,0,0.51,N,19
54,120000,MORTGAGE,4,PERSONAL,A,17625,7.49,0,0.15,N,19
54,20000,RENT,2,DEBTCONSOLIDATION,C,5000,,0,0.25,Y,19
54,129000,MORTGAGE,6,EDUCATION,B,9000,11.49,1,0.07,N,18
53,34000,MORTGAGE,0,MEDICAL,B,10000,10.39,1,0.29,N,30
53,43200,RENT,0,VENTURE,B,10000,9.88,0,0.23,N,30
53,95000,OWN,24,PERSONAL,A,6000,5.42,0,0.06,N,30
53,60000,RENT,0,MEDICAL,A,4425,8.9,0,0.07,N,29
53,304800,RENT,6,VENTURE,B,5000,8.88,0,0.02,N,29
53,45000,RENT,0,PERSONAL,C,5600,13.79,0,0.12,N,28
53,46000,OWN,9,PERSONAL,B,4925,11.71,0,0.11,N,28
53,85000,RENT,2,MEDICAL,A,8000,7.74,0,0.09,N,28
53,26400,RENT,3,DEBTCONSOLIDATION,A,2500,,0,0.09,N,28
53,4888,OWN,0,VENTURE,C,1400,,1,0.29,Y,28
53,54000,RENT,,MEDICAL,D,10000,14.59,1,0.19,Y,27
53,24000,RENT,0,EDUCATION,D,5000,14.42,1,0.21,Y,27
53,85000,RENT,2,PERSONAL,A,8000,7.74,0,0.09,N,26
53,28000,RENT,2,DEBTCONSOLIDATION,C,7000,6,0,0.25,N,26
53,55000,RENT,1,HOMEIMPROVEMENT,A,9500,5.42,0,0.17,N,26
53,88000,RENT,0,EDUCATION,A,5000,8.49,0,0.06,N,25
53,80000,OWN,8,PERSONAL,A,15000,6.62,0,0.19,N,24
53,24000,RENT,5,MEDICAL,B,4400,12.42,0,0.18,N,23
53,46000,OWN,9,PERSONAL,B,4925,11.71,0,0.11,N,23
53,106000,MORTGAGE,38,PERSONAL,B,20000,9.88,0,0.19,N,23
53,110000,RENT,3,VENTURE,A,6000,7.9,0,0.05,N,23
53,105000,RENT,1,EDUCATION,A,12000,6.91,0,0.11,N,23
53,45000,RENT,0,DEBTCONSOLIDATION,C,5600,13.79,0,0.12,Y,22
53,40000,RENT,6,VENTURE,C,4000,12.99,0,0.1,Y,22
53,92000,MORTGAGE,7,PERSONAL,B,15000,11.12,0,0.16,N,22
53,138000,RENT,4,PERSONAL,B,15000,12.69,1,0.11,N,21
53,70000,RENT,6,PERSONAL,D,24000,16.77,1,0.34,N,20
53,85000,RENT,19,PERSONAL,D,35000,15.65,1,0.41,N,19
53,75000,MORTGAGE,4,PERSONAL,A,10000,8.94,0,0.13,N,19
53,50004,MORTGAGE,16,PERSONAL,A,4500,,0,0.09,N,18
52,83200,RENT,0,DEBTCONSOLIDATION,C,8000,15.96,0,0.1,Y,30
52,163000,MORTGAGE,9,PERSONAL,D,25000,14.11,1,0.15,N,30
52,720000,MORTGAGE,1,PERSONAL,A,7925,8.94,0,0.01,N,30
52,36000,RENT,8,DEBTCONSOLIDATION,B,11200,12.18,1,0.31,N,29
52,52000,MORTGAGE,2,PERSONAL,A,10000,,0,0.19,N,29
52,71520,RENT,0,VENTURE,E,7000,16.82,1,0.1,N,28
52,90750,RENT,7,MEDICAL,C,4500,14.72,0,0.05,N,28
52,85000,RENT,5,MEDICAL,A,1000,8.9,0,0.01,N,28
52,150000,RENT,1,DEBTCONSOLIDATION,A,7000,6.99,0,0.05,N,28
52,50000,RENT,0,MEDICAL,D,18000,14.59,1,0.36,Y,25
52,85000,RENT,1,DEBTCONSOLIDATION,B,11000,12.42,0,0.13,N,25
52,50000,RENT,3,EDUCATION,B,4500,11.89,0,0.09,N,25
52,64500,RENT,0,PERSONAL,B,5000,11.26,0,0.08,N,25
52,100000,OWN,4,PERSONAL,B,10000,9.88,0,0.1,N,25
52,33996,RENT,5,MEDICAL,B,8000,9.25,0,0.24,N,25
52,54833,RENT,14,HOMEIMPROVEMENT,A,20000,7.49,1,0.36,N,25
52,71520,RENT,0,EDUCATION,E,7000,16.82,1,0.1,Y,24
52,84000,RENT,3,VENTURE,A,18000,8.49,0,0.21,N,24
52,54000,RENT,0,PERSONAL,A,1500,8.49,1,0.03,N,24
52,116000,MORTGAGE,6,PERSONAL,B,12800,9.99,0,0.11,N,23
52,59004,RENT,4,DEBTCONSOLIDATION,D,20000,15.58,1,0.34,N,22
52,48000,RENT,3,MEDICAL,C,11000,12.73,0,0.23,N,22
52,25000,RENT,23,MEDICAL,D,5000,12.61,1,0.2,Y,22
52,69996,OWN,3,PERSONAL,B,12000,11.11,0,0.17,N,22
52,52000,OWN,0,PERSONAL,A,9600,8.49,0,0.18,N,22
52,35000,RENT,0,PERSONAL,B,6000,,0,0.17,N,22
52,22500,MORTGAGE,2,PERSONAL,C,6000,13.49,0,0.27,N,21
52,64500,RENT,0,EDUCATION,B,5000,11.26,0,0.08,N,20
52,29000,OWN,23,PERSONAL,A,7000,7.49,0,0.24,N,20
52,15000,RENT,3,PERSONAL,B,1200,,1,0.08,N,20
52,65004,RENT,4,PERSONAL,D,20000,15.58,1,0.31,Y,19
52,52000,OWN,0,PERSONAL,A,9600,8.49,0,0.18,N,19
52,30000,RENT,6,MEDICAL,C,5000,12.73,0,0.17,Y,18
52,30000,RENT,6,VENTURE,C,5000,12.73,0,0.17,N,18
52,52000,MORTGAGE,1,MEDICAL,A,17000,7.88,1,0.33,N,18
52,75400,RENT,0,DEBTCONSOLIDATION,A,6125,7.74,0,0.08,N,18
51,36000,RENT,3,MEDICAL,D,10000,15.65,0,0.28,N,30
51,37200,RENT,4,MEDICAL,B,3000,10.62,1,0.08,N,30
51,46560,MORTGAGE,2,PERSONAL,A,11600,8.94,0,0.25,N,30
51,62046,RENT,8,VENTURE,A,8000,,0,0.13,N,30
51,94368,MORTGAGE,4,PERSONAL,A,5000,,0,0.05,N,30
51,115900,MORTGAGE,16,PERSONAL,A,12000,7.88,0,0.1,N,29
51,68000,RENT,5,PERSONAL,D,12000,16.77,0,0.18,N,28
51,72800,MORTGAGE,0,PERSONAL,A,5700,7.66,0,0.08,N,28
51,67619,MORTGAGE,11,PERSONAL,C,15000,13.11,0,0.22,N,27
51,28000,RENT,3,VENTURE,B,8000,11.86,0,0.29,N,26
51,260000,MORTGAGE,1,PERSONAL,A,14000,7.66,0,0.05,N,26
51,50000,RENT,9,DEBTCONSOLIDATION,B,12000,10.37,0,0.24,N,25
51,58000,RENT,2,MEDICAL,E,1500,19.03,1,0.03,N,24
51,52250,RENT,4,VENTURE,C,9200,13.61,0,0.18,N,24
51,60000,MORTGAGE,1,PERSONAL,A,7500,,0,0.13,N,24
51,98000,RENT,5,PERSONAL,C,6000,15.96,0,0.06,N,23
51,153000,RENT,2,PERSONAL,D,25000,15.58,1,0.16,N,23
51,60000,MORTGAGE,8,PERSONAL,C,8000,13.48,0,0.13,Y,23
51,80000,RENT,1,HOMEIMPROVEMENT,B,12000,12.69,0,0.15,N,23
51,84000,RENT,7,HOMEIMPROVEMENT,A,12000,7.49,0,0.14,N,23
51,60000,MORTGAGE,1,PERSONAL,A,7500,,0,0.13,N,23
51,58000,RENT,2,MEDICAL,E,1500,19.03,1,0.03,Y,22
51,667680,MORTGAGE,19,PERSONAL,C,10000,13.98,0,0.01,Y,22
51,99000,RENT,2,HOMEIMPROVEMENT,B,9000,11.49,0,0.09,N,22
51,16800,OWN,3,PERSONAL,B,1000,11.11,0,0.06,N,22
51,120000,MORTGAGE,2,PERSONAL,A,30000,7.9,0,0.25,N,22
51,55000,MORTGAGE,5,PERSONAL,D,16750,15.2,0,0.3,Y,21
51,71000,RENT,14,VENTURE,C,7000,,0,0.1,Y,21
51,80000,RENT,3,HOMEIMPROVEMENT,F,18000,18.78,0,0.23,Y,20
51,18408,RENT,,PERSONAL,C,1000,14.65,1,0.05,Y,20
51,42000,MORTGAGE,2,DEBTCONSOLIDATION,C,15000,13.99,1,0.36,Y,20
51,76960,MORTGAGE,0,PERSONAL,B,15000,9.99,0,0.19,N,20
51,80000,RENT,3,VENTURE,F,18000,18.78,0,0.23,N,19
51,500000,MORTGAGE,1,PERSONAL,B,20000,10.37,0,0.04,N,19
51,45000,RENT,1,DEBTCONSOLIDATION,A,16000,7.9,1,0.36,N,19
51,74628,MORTGAGE,3,PERSONAL,C,3000,13.49,0,0.04,Y,18
51,45000,RENT,2,MEDICAL,C,8400,13.11,0,0.19,Y,18
51,38000,RENT,7,PERSONAL,B,13000,12.42,1,0.34,N,18
51,60000,RENT,6,DEBTCONSOLIDATION,A,8500,5.79,0,0.14,N,18
50,120000,MORTGAGE,0,VENTURE,D,5575,15.2,0,0.05,N,17
50,85000,RENT,1,HOMEIMPROVEMENT,C,17500,13.49,0,0.21,N,17
50,76500,RENT,1,PERSONAL,B,20000,11.99,0,0.26,N,17
50,116000,MORTGAGE,22,PERSONAL,B,5000,10.25,0,0.04,N,17
50,69996,OWN,19,VENTURE,A,8000,9.32,0,0.11,N,17
50,50000,RENT,1,PERSONAL,A,16000,7.9,1,0.32,N,17
50,69000,RENT,8,DEBTCONSOLIDATION,D,15000,,1,0.22,N,17
50,41496,RENT,9,DEBTCONSOLIDATION,D,5000,15.31,1,0.12,Y,16
50,68000,MORTGAGE,5,PERSONAL,B,10000,11.49,0,0.15,N,16
50,36000,RENT,0,VENTURE,B,5000,10.37,0,0.14,N,16
50,45600,MORTGAGE,,PERSONAL,A,5000,7.9,0,0.11,N,16
50,50000,RENT,7,HOMEIMPROVEMENT,C,7500,,0,0.15,Y,16
50,58800,MORTGAGE,12,DEBTCONSOLIDATION,E,22000,17.74,1,0.37,N,15
50,56000,RENT,2,HOMEIMPROVEMENT,C,15000,13.47,0,0.27,N,15
50,75000,RENT,4,VENTURE,C,5000,13.23,0,0.07,N,15
50,30000,RENT,8,VENTURE,C,5000,12.84,0,0.17,Y,15
50,900000,MORTGAGE,11,DEBTCONSOLIDATION,B,30000,12.69,0,0.03,N,15
50,36996,RENT,6,DEBTCONSOLIDATION,C,3800,12.53,0,0.1,N,15
50,200000,RENT,1,PERSONAL,B,7000,10.99,0,0.04,N,15
50,29000,RENT,1,PERSONAL,B,1500,10.39,1,0.05,N,15
50,68608,RENT,21,VENTURE,B,7500,10.33,0,0.11,N,15
50,106000,MORTGAGE,2,MEDICAL,A,10200,9.32,0,0.1,N,15
50,60000,MORTGAGE,8,DEBTCONSOLIDATION,A,2000,7.49,0,0.03,N,15
50,56100,RENT,3,MEDICAL,D,6000,16.49,1,0.09,Y,14
50,54996,RENT,0,DEBTCONSOLIDATION,C,5000,13.47,0,0.09,N,14
50,72000,MORTGAGE,13,MEDICAL,B,8000,11.49,0,0.11,N,14
50,65000,RENT,0,VENTURE,B,3000,10.99,0,0.05,N,14
50,40000,OWN,4,HOMEIMPROVEMENT,A,8000,7.88,0,0.2,N,14
50,51500,OWN,7,VENTURE,A,10875,7.49,0,0.21,N,14
50,74400,MORTGAGE,5,VENTURE,A,7000,7.49,0,0.09,N,14
50,81510,MORTGAGE,6,MEDICAL,A,5000,,0,0.06,N,14
50,58800,MORTGAGE,12,MEDICAL,E,22000,17.74,1,0.37,Y,13
50,120000,MORTGAGE,0,HOMEIMPROVEMENT,D,5575,15.2,0,0.05,Y,13
50,42000,MORTGAGE,3,HOMEIMPROVEMENT,D,10000,14.84,0,0.24,Y,13
50,35880,RENT,0,MEDICAL,C,4600,12.23,0,0.13,Y,13
50,68000,MORTGAGE,5,PERSONAL,B,10000,11.49,0,0.15,N,13
50,90000,MORTGAGE,2,VENTURE,B,24000,11.36,0,0.27,N,13
50,137000,MORTGAGE,2,MEDICAL,A,23000,7.9,0,0.17,N,13
50,41496,RENT,9,MEDICAL,D,5000,15.31,1,0.12,Y,12
50,46000,MORTGAGE,8,EDUCATION,D,8600,14.09,0,0.19,N,12
50,118000,RENT,16,EDUCATION,C,24250,13.92,1,0.21,N,12
50,60000,RENT,13,VENTURE,C,10000,13.49,0,0.17,N,12
50,120000,RENT,0,MEDICAL,B,12000,9.62,0,0.1,N,12
50,150000,RENT,3,DEBTCONSOLIDATION,A,14000,6.91,0,0.09,N,12
50,39204,RENT,4,VENTURE,A,10000,5.99,0,0.26,N,12
50,34000,RENT,2,VENTURE,A,5000,5.79,0,0.15,N,12
50,19200,RENT,2,EDUCATION,F,4000,,1,0.21,N,12
50,44000,RENT,14,MEDICAL,G,20000,20.4,1,0.45,N,11
50,102031,MORTGAGE,9,HOMEIMPROVEMENT,D,12000,14.96,0,0.12,Y,11
50,150000,RENT,0,HOMEIMPROVEMENT,B,11200,11.14,0,0.07,N,11
50,36000,RENT,13,MEDICAL,B,6000,,0,0.17,N,11
50,19200,RENT,2,DEBTCONSOLIDATION,F,4000,,1,0.21,N,11
49,50000,MORTGAGE,8,PERSONAL,C,15850,14.26,0,0.32,N,17
49,84240,MORTGAGE,4,MEDICAL,B,14000,11.89,0,0.17,N,17
49,65000,MORTGAGE,0,PERSONAL,B,12000,10.62,0,0.18,N,17
49,115000,RENT,16,PERSONAL,B,10000,10.37,0,0.09,N,17
49,15000,RENT,6,EDUCATION,B,2400,9.91,1,0.16,N,17
49,72000,RENT,4,DEBTCONSOLIDATION,A,8000,7.49,0,0.11,N,17
49,88000,RENT,11,VENTURE,A,12000,6.62,0,0.14,N,17
49,77736,MORTGAGE,,DEBTCONSOLIDATION,A,8000,6.03,0,0.1,N,17
49,86400,RENT,0,MEDICAL,C,4000,,0,0.05,N,17
49,64800,MORTGAGE,4,HOMEIMPROVEMENT,D,6625,18.25,0,0.1,N,16
49,150000,MORTGAGE,0,EDUCATION,E,20000,16.95,0,0.13,N,16
49,69000,RENT,11,VENTURE,C,10000,13.48,0,0.14,N,16
49,70000,RENT,4,EDUCATION,B,17000,11.71,0,0.24,N,16
49,74880,RENT,6,MEDICAL,A,14300,7.51,0,0.19,N,16
49,110000,MORTGAGE,11,HOMEIMPROVEMENT,A,3000,7.51,0,0.03,N,16
49,28800,MORTGAGE,5,MEDICAL,A,12000,,0,0.42,N,16
49,90000,RENT,3,EDUCATION,B,12000,,0,0.13,N,16
49,50000,RENT,4,DEBTCONSOLIDATION,B,9200,,0,0.18,N,16
49,74000,MORTGAGE,20,DEBTCONSOLIDATION,E,12000,17.99,1,0.16,N,15
49,50000,MORTGAGE,4,DEBTCONSOLIDATION,A,10000,9.07,0,0.2,N,15
49,42000,MORTGAGE,12,MEDICAL,A,3000,8.9,0,0.07,N,15
49,80000,RENT,0,HOMEIMPROVEMENT,A,4800,7.88,0,0.06,N,15
49,41869,MORTGAGE,8,EDUCATION,A,8000,7.14,0,0.19,N,15
49,88400,MORTGAGE,4,MEDICAL,C,20000,13.92,0,0.23,Y,14
49,86400,RENT,7,PERSONAL,A,16875,7.51,0,0.2,N,14
49,142800,MORTGAGE,3,MEDICAL,B,24000,,1,0.14,N,14
49,58000,MORTGAGE,5,PERSONAL,D,16000,15.33,1,0.28,N,13
49,15000,RENT,6,MEDICAL,B,2400,9.91,1,0.16,N,13
49,105000,MORTGAGE,1,DEBTCONSOLIDATION,A,11000,9.32,0,0.1,N,13
49,95000,MORTGAGE,12,DEBTCONSOLIDATION,A,7500,6.03,0,0.08,N,13
49,56100,MORTGAGE,11,MEDICAL,B,15000,,1,0.23,N,13
49,60000,OWN,7,PERSONAL,C,7000,,0,0.12,N,13
49,82000,MORTGAGE,4,PERSONAL,D,10000,16.49,0,0.12,Y,12
49,64600,MORTGAGE,4,MEDICAL,D,10000,16.49,1,0.13,N,12
49,23004,RENT,6,PERSONAL,D,3250,15.21,0,0.14,N,12
49,69000,RENT,0,HOMEIMPROVEMENT,D,16000,14.96,1,0.23,Y,12
49,45000,RENT,8,PERSONAL,C,10000,14.22,0,0.22,N,12
49,77000,MORTGAGE,4,DEBTCONSOLIDATION,D,16000,14.09,1,0.21,Y,12
49,45000,RENT,2,DEBTCONSOLIDATION,C,15000,13.49,1,0.33,N,12
49,61776,MORTGAGE,1,PERSONAL,B,12000,12.21,0,0.19,N,12
49,42000,MORTGAGE,15,EDUCATION,B,16750,10.99,0,0.4,N,12
49,120000,MORTGAGE,12,MEDICAL,B,12000,10.99,0,0.1,N,12
49,120000,MORTGAGE,12,MEDICAL,B,12000,10.99,0,0.1,N,12
49,72000,MORTGAGE,2,VENTURE,A,14825,6.03,0,0.21,N,12
49,95000,MORTGAGE,2,HOMEIMPROVEMENT,A,3000,5.42,0,0.03,N,12
49,75000,MORTGAGE,21,DEBTCONSOLIDATION,D,15600,17.27,1,0.21,N,11
49,76872,MORTGAGE,4,PERSONAL,D,15000,14.84,0,0.2,Y,11
49,70872,MORTGAGE,4,DEBTCONSOLIDATION,D,15000,14.84,1,0.21,N,11
49,103000,MORTGAGE,14,DEBTCONSOLIDATION,A,12600,9.32,0,0.12,N,11
48,72000,MORTGAGE,5,HOMEIMPROVEMENT,D,7000,14.96,0,0.1,Y,17
48,70000,MORTGAGE,31,HOMEIMPROVEMENT,D,9000,14.54,0,0.13,N,17
48,42000,MORTGAGE,3,DEBTCONSOLIDATION,C,14400,12.87,1,0.34,Y,17
48,83000,RENT,2,VENTURE,B,12000,10.99,0,0.14,N,17
48,60000,MORTGAGE,8,MEDICAL,B,8000,10.37,0,0.13,N,17
48,32304,MORTGAGE,22,MEDICAL,B,15000,9.63,0,0.46,N,17
48,71004,RENT,5,PERSONAL,B,16000,9.25,0,0.23,N,17
48,92000,RENT,1,PERSONAL,A,4800,7.88,0,0.05,N,17
48,28000,MORTGAGE,7,EDUCATION,A,7500,7.74,0,0.27,N,17
48,40000,RENT,3,MEDICAL,A,10000,,0,0.25,N,17
48,120000,MORTGAGE,18,DEBTCONSOLIDATION,C,3600,,0,0.03,Y,17
48,32500,RENT,0,VENTURE,D,2000,17.27,1,0.06,N,16
48,94050,MORTGAGE,1,DEBTCONSOLIDATION,D,23000,14.96,1,0.24,Y,16
48,55000,RENT,9,MEDICAL,C,10200,13.92,0,0.19,N,16
48,36655,MORTGAGE,,HOMEIMPROVEMENT,B,15000,12.69,1,0.41,N,16
48,30000,MORTGAGE,21,VENTURE,B,2100,12.42,0,0.07,N,16
48,66000,RENT,6,HOMEIMPROVEMENT,B,6000,11.89,0,0.09,N,16
48,28000,MORTGAGE,7,HOMEIMPROVEMENT,A,7500,7.74,0,0.27,N,16
48,82500,RENT,4,HOMEIMPROVEMENT,A,18000,7.51,0,0.22,N,16
48,41500,RENT,3,MEDICAL,A,5000,7.29,0,0.12,N,16
48,54000,MORTGAGE,1,HOMEIMPROVEMENT,A,2000,5.99,0,0.04,N,16
48,19200,OWN,1,MEDICAL,C,7000,,1,0.36,N,16
48,120000,MORTGAGE,18,HOMEIMPROVEMENT,C,3600,,0,0.03,N,16
48,39000,RENT,7,MEDICAL,D,5800,14.54,1,0.15,N,15
48,92000,RENT,6,DEBTCONSOLIDATION,B,16500,12.69,0,0.18,N,15
48,130000,RENT,2,EDUCATION,B,24000,9.91,0,0.18,N,15
48,29004,RENT,6,MEDICAL,A,1500,7.51,0,0.05,N,15
48,36000,OWN,24,VENTURE,A,8000,6.99,0,0.22,N,15
48,185000,MORTGAGE,2,VENTURE,F,10000,20.62,0,0.05,N,14
48,15000,RENT,4,DEBTCONSOLIDATION,C,2000,12.84,0,0.13,Y,14
48,29120,RENT,0,DEBTCONSOLIDATION,D,3000,12.49,1,0.1,Y,14
48,30000,MORTGAGE,21,HOMEIMPROVEMENT,B,2100,12.42,0,0.07,N,14
48,16800,OWN,0,HOMEIMPROVEMENT,B,3300,10.99,1,0.2,N,14
48,50000,RENT,18,HOMEIMPROVEMENT,A,10000,9.63,0,0.2,N,14
48,110000,MORTGAGE,6,EDUCATION,A,6000,8.94,0,0.05,N,14
48,41500,RENT,3,MEDICAL,A,5000,7.29,0,0.12,N,14
48,56000,MORTGAGE,7,DEBTCONSOLIDATION,A,15000,6.99,0,0.27,N,14
48,32000,RENT,4,MEDICAL,A,8000,6.62,0,0.25,N,14
48,83500,RENT,7,EDUCATION,A,10200,5.79,0,0.12,N,14
48,12000,RENT,4,MEDICAL,A,4200,,1,0.35,N,14
48,228000,MORTGAGE,0,HOMEIMPROVEMENT,D,25000,15.31,1,0.11,N,13
48,40000,RENT,2,DEBTCONSOLIDATION,C,8050,12.98,0,0.2,N,13
48,44000,RENT,6,MEDICAL,B,5850,9.99,0,0.13,N,13
48,85000,MORTGAGE,0,EDUCATION,A,10000,7.51,0,0.12,N,13
48,60000,MORTGAGE,0,VENTURE,A,2500,7.29,0,0.04,N,13
48,35004,MORTGAGE,14,PERSONAL,A,3300,6.39,0,0.09,N,13
48,57996,RENT,2,HOMEIMPROVEMENT,C,7000,13.61,0,0.12,Y,12
48,19632,RENT,19,PERSONAL,C,2000,13.47,0,0.1,Y,12
48,62000,RENT,10,EDUCATION,B,14000,12.69,0,0.23,N,12
48,30000,RENT,0,DEBTCONSOLIDATION,B,6000,12.42,1,0.2,N,12
48,50000,RENT,1,HOMEIMPROVEMENT,B,5000,11.49,0,0.1,N,12
48,66948,MORTGAGE,1,VENTURE,B,24000,10.62,0,0.36,N,12
48,140000,MORTGAGE,4,EDUCATION,B,18000,9.99,0,0.13,N,12
48,39915,RENT,15,VENTURE,A,20000,7.49,1,0.5,N,12
48,20400,RENT,4,MEDICAL,A,12000,7.49,1,0.59,N,12
48,73000,MORTGAGE,14,VENTURE,A,10000,7.29,0,0.14,N,12
48,59000,RENT,2,EDUCATION,A,6000,5.99,0,0.1,N,12
48,64430,MORTGAGE,14,MEDICAL,D,15000,,1,0.2,Y,12
48,30000,OWN,0,EDUCATION,C,10000,,0,0.33,Y,12
48,19200,OWN,1,EDUCATION,C,7000,,1,0.36,Y,12
48,128000,RENT,0,EDUCATION,D,7500,17.49,1,0.06,Y,11
48,31824,RENT,18,MEDICAL,D,8800,15.62,1,0.28,N,11
48,33500,RENT,1,HOMEIMPROVEMENT,D,1500,14.74,1,0.04,N,11
48,49000,RENT,2,EDUCATION,D,6000,14.09,1,0.12,Y,11
48,66000,RENT,6,VENTURE,B,6000,11.89,0,0.09,N,11
48,50016,OTHER,1,MEDICAL,B,10400,11.58,0,0.21,N,11
48,56500,MORTGAGE,9,DEBTCONSOLIDATION,B,15000,11.14,1,0.27,N,11
48,140000,MORTGAGE,4,EDUCATION,B,18000,9.99,0,0.13,N,11
48,100000,MORTGAGE,3,DEBTCONSOLIDATION,B,15000,9.88,0,0.15,N,11
48,80000,MORTGAGE,0,DEBTCONSOLIDATION,A,7700,9.63,0,0.1,N,11
48,50004,RENT,8,EDUCATION,A,4000,7.68,0,0.08,N,11
48,70000,MORTGAGE,2,HOMEIMPROVEMENT,A,21600,7.51,0,0.31,N,11
48,60000,MORTGAGE,0,DEBTCONSOLIDATION,A,2500,7.29,0,0.04,N,11
48,66000,MORTGAGE,5,HOMEIMPROVEMENT,A,12475,6.62,0,0.19,N,11
48,55000,MORTGAGE,7,HOMEIMPROVEMENT,C,10000,,0,0.18,Y,11
47,38400,RENT,3,MEDICAL,F,22000,18.78,1,0.57,Y,17
47,90000,RENT,1,VENTURE,D,25000,15.65,1,0.28,Y,17
47,48000,RENT,14,MEDICAL,C,2500,14.65,0,0.05,Y,17
47,48000,RENT,14,DEBTCONSOLIDATION,C,2500,14.65,0,0.05,Y,17
47,65000,MORTGAGE,21,VENTURE,C,7000,14.35,0,0.11,N,17
47,75000,RENT,3,HOMEIMPROVEMENT,C,15000,13.48,0,0.2,Y,17
47,156000,MORTGAGE,5,EDUCATION,B,18000,11.99,0,0.12,N,17
47,53808,MORTGAGE,4,VENTURE,B,15000,11.71,0,0.28,N,17
47,178000,OWN,31,VENTURE,B,9000,10.99,0,0.05,N,17
47,1362000,MORTGAGE,9,VENTURE,A,6600,7.74,0,0,N,17
47,126000,RENT,1,MEDICAL,A,10000,6.91,0,0.08,N,17
47,65000,RENT,9,EDUCATION,A,12000,5.42,0,0.18,N,17
47,86500,MORTGAGE,13,MEDICAL,C,24000,,0,0.28,N,17
47,30000,OWN,1,EDUCATION,C,8000,,0,0.27,N,17
47,50000,MORTGAGE,3,VENTURE,C,4000,,0,0.08,Y,17
47,21000,RENT,9,DEBTCONSOLIDATION,D,5000,15.99,1,0.24,Y,16
47,165000,MORTGAGE,2,HOMEIMPROVEMENT,D,19800,15.65,0,0.12,N,16
47,18000,RENT,0,HOMEIMPROVEMENT,D,1000,14.84,1,0.06,Y,16
47,25000,OWN,2,PERSONAL,C,10750,14.22,0,0.43,Y,16
47,41000,RENT,2,MEDICAL,C,10000,13.79,0,0.24,N,16
47,65000,RENT,1,MEDICAL,C,3100,13.49,0,0.05,N,16
47,30000,RENT,6,PERSONAL,C,3000,12.23,0,0.1,Y,16
47,53808,MORTGAGE,4,HOMEIMPROVEMENT,B,15000,11.71,0,0.28,N,16
47,44000,OWN,3,HOMEIMPROVEMENT,B,4000,11.14,0,0.09,N,16
47,52000,RENT,3,PERSONAL,B,6000,10.99,0,0.12,N,16
47,54996,MORTGAGE,7,MEDICAL,B,9000,10.38,0,0.16,N,16
47,100000,MORTGAGE,4,VENTURE,B,2500,9.99,0,0.03,N,16
47,31400,RENT,1,VENTURE,A,6500,9.32,0,0.21,N,16
47,187000,MORTGAGE,5,HOMEIMPROVEMENT,A,14000,8.9,0,0.07,N,16
47,119000,RENT,5,PERSONAL,A,14250,7.66,0,0.12,N,16
47,52000,MORTGAGE,4,MEDICAL,A,12000,7.29,0,0.23,N,16
47,95000,MORTGAGE,13,EDUCATION,A,5000,6.03,0,0.05,N,16
47,93000,RENT,1,PERSONAL,B,10000,,0,0.11,N,16
47,24000,MORTGAGE,4,HOMEIMPROVEMENT,D,5100,,0,0.21,Y,16
47,59827,MORTGAGE,9,EDUCATION,D,6000,15.58,1,0.1,N,15
47,100000,MORTGAGE,4,EDUCATION,B,2500,9.99,0,0.03,N,15
47,85000,MORTGAGE,3,HOMEIMPROVEMENT,A,10000,8.07,0,0.12,N,15
47,37000,MORTGAGE,6,HOMEIMPROVEMENT,A,7400,8,0,0.2,N,15
47,28500,RENT,2,EDUCATION,A,5000,5.42,0,0.18,N,15
47,50004,MORTGAGE,22,VENTURE,A,8000,,0,0.16,N,15
47,44004,RENT,2,PERSONAL,B,8000,,1,0.18,N,15
47,80004,MORTGAGE,5,EDUCATION,B,7000,,0,0.09,N,15
47,70000,RENT,2,EDUCATION,C,9000,12.87,0,0.13,N,14
47,52000,RENT,5,EDUCATION,B,12000,11.99,0,0.23,N,14
47,65000,RENT,2,EDUCATION,B,9500,11.89,0,0.15,N,14
47,77533,MORTGAGE,19,EDUCATION,B,25000,10.99,0,0.32,N,14
47,52000,RENT,3,MEDICAL,B,6000,10.99,0,0.12,N,14
47,79500,MORTGAGE,0,MEDICAL,A,16000,7.51,0,0.2,N,14
47,109000,OWN,15,VENTURE,A,16000,7.05,0,0.15,N,14
47,64200,RENT,1,EDUCATION,B,10000,,0,0.16,N,14
47,43200,MORTGAGE,8,HOMEIMPROVEMENT,D,13750,14.84,0,0.32,Y,13
47,204000,MORTGAGE,6,EDUCATION,C,10000,13.06,0,0.05,Y,13
47,86000,RENT,0,HOMEIMPROVEMENT,C,9000,12.87,1,0.1,N,13
47,37000,MORTGAGE,6,PERSONAL,A,7400,8,0,0.2,N,13
47,79500,MORTGAGE,0,EDUCATION,A,16000,7.51,0,0.2,N,13
47,33888,MORTGAGE,5,PERSONAL,A,7000,7.49,0,0.21,N,13
47,52000,MORTGAGE,4,DEBTCONSOLIDATION,A,12000,7.29,0,0.23,N,13
47,47000,MORTGAGE,9,MEDICAL,A,7500,6.62,0,0.16,N,13
47,80000,MORTGAGE,2,EDUCATION,A,10000,6.54,0,0.13,N,13
47,18000,MORTGAGE,,DEBTCONSOLIDATION,A,3000,5.42,1,0.17,N,13
47,55250,RENT,9,MEDICAL,D,25000,,1,0.38,Y,13
47,140000,RENT,4,VENTURE,C,10000,,0,0.07,Y,13
47,92000,OWN,0,HOMEIMPROVEMENT,D,12000,14.11,0,0.13,N,12
47,65000,RENT,1,DEBTCONSOLIDATION,C,3100,13.49,0,0.05,Y,12
47,305000,MORTGAGE,6,HOMEIMPROVEMENT,C,10000,13.43,0,0.03,Y,12
47,27000,RENT,2,PERSONAL,D,12000,13.3,1,0.44,N,12
47,12000,OWN,,MEDICAL,B,1950,12.69,1,0.16,N,12
47,120000,MORTGAGE,9,EDUCATION,B,15000,10.99,0,0.13,N,12
47,48000,MORTGAGE,13,MEDICAL,B,16750,10.62,0,0.35,N,12
47,52000,OWN,2,VENTURE,B,5000,10.08,0,0.1,N,12
47,168000,MORTGAGE,13,EDUCATION,A,8775,8.49,0,0.05,N,12
47,70000,RENT,3,HOMEIMPROVEMENT,A,6000,8.49,0,0.09,N,12
47,85000,MORTGAGE,5,DEBTCONSOLIDATION,A,5500,6.76,0,0.06,N,12
47,45000,OWN,10,MEDICAL,A,11200,6.62,0,0.25,N,12
47,47000,MORTGAGE,9,PERSONAL,A,7500,6.62,0,0.16,N,12
47,69000,MORTGAGE,19,VENTURE,A,20000,6.54,0,0.29,N,12
47,33600,MORTGAGE,12,PERSONAL,A,10000,5.42,0,0.3,N,12
47,18000,MORTGAGE,,PERSONAL,A,3000,5.42,1,0.17,N,12
47,50000,MORTGAGE,3,EDUCATION,C,4000,,0,0.08,Y,12
47,35000,OWN,9,PERSONAL,B,2500,,0,0.07,N,12
47,72000,RENT,5,VENTURE,D,2500,15.05,0,0.03,N,11
47,65000,MORTGAGE,21,HOMEIMPROVEMENT,C,7000,14.35,0,0.11,N,11
47,244000,RENT,10,HOMEIMPROVEMENT,C,9000,13.61,0,0.04,N,11
47,30000,RENT,2,HOMEIMPROVEMENT,C,3000,12.99,1,0.1,N,11
47,75000,OTHER,1,DEBTCONSOLIDATION,C,12000,12.84,0,0.16,N,11
47,30000,RENT,5,DEBTCONSOLIDATION,B,8000,12.18,1,0.27,N,11
47,54000,MORTGAGE,1,DEBTCONSOLIDATION,B,4000,11.58,0,0.07,N,11
47,56004,RENT,2,VENTURE,B,10800,10.36,0,0.19,N,11
47,39000,MORTGAGE,5,EDUCATION,A,5600,8.59,0,0.14,N,11
47,40000,MORTGAGE,0,PERSONAL,A,6000,7.74,0,0.15,N,11
47,18000,RENT,4,EDUCATION,A,2000,7.29,0,0.11,N,11
47,18000,RENT,4,MEDICAL,A,2000,7.29,0,0.11,N,11
47,87000,MORTGAGE,15,PERSONAL,A,10000,,0,0.11,N,11
47,44004,RENT,2,MEDICAL,B,8000,,1,0.18,N,11
46,60070,RENT,2,PERSONAL,C,5500,14.22,0,0.09,Y,17
46,60000,RENT,10,MEDICAL,C,15000,13.49,0,0.25,N,17
46,102000,RENT,0,PERSONAL,C,15000,13.22,0,0.15,Y,17
46,87000,MORTGAGE,1,PERSONAL,C,20000,12.41,0,0.23,N,17
46,40452,OWN,4,EDUCATION,B,4000,11.71,0,0.1,N,17
46,60350,RENT,3,PERSONAL,A,10000,8.94,0,0.17,N,17
46,114440,MORTGAGE,0,EDUCATION,A,3000,8.59,0,0.03,N,17
46,51600,MORTGAGE,16,PERSONAL,A,10000,7.51,0,0.19,N,17
46,92000,MORTGAGE,18,EDUCATION,A,12925,,0,0.14,N,17
46,48000,MORTGAGE,0,PERSONAL,A,9600,,0,0.2,N,17
46,140000,RENT,12,VENTURE,B,3725,,0,0.03,N,17
46,91000,RENT,0,HOMEIMPROVEMENT,E,22000,18.79,1,0.24,N,16
46,48000,RENT,1,EDUCATION,F,8400,18.54,1,0.17,N,16
46,88400,MORTGAGE,1,MEDICAL,E,30000,18.39,1,0.29,N,16
46,60000,RENT,9,HOMEIMPROVEMENT,D,15000,16.32,0,0.25,N,16
46,74000,MORTGAGE,18,VENTURE,C,20000,12.68,0,0.27,Y,16
46,60000,RENT,5,MEDICAL,B,4800,12.12,0,0.08,N,16
46,60000,MORTGAGE,1,EDUCATION,C,5000,11.72,0,0.08,N,16
46,70000,RENT,0,HOMEIMPROVEMENT,B,14000,11.26,0,0.2,N,16
46,82000,RENT,2,EDUCATION,B,16000,10.99,0,0.2,N,16
46,50000,RENT,0,HOMEIMPROVEMENT,B,4350,10.99,0,0.09,N,16
46,105000,RENT,4,EDUCATION,A,6000,7.14,0,0.06,N,16
46,90000,MORTGAGE,5,DEBTCONSOLIDATION,A,20000,6.91,0,0.22,N,16
46,45000,MORTGAGE,7,MEDICAL,A,12250,6.54,0,0.27,N,16
46,56000,MORTGAGE,1,EDUCATION,A,6000,,0,0.11,N,16
46,104000,MORTGAGE,1,EDUCATION,E,30000,18.39,1,0.29,N,15
46,80000,MORTGAGE,8,VENTURE,B,5000,11.86,0,0.06,N,15
46,54000,RENT,8,PERSONAL,B,10000,11.71,1,0.19,N,15
46,185000,MORTGAGE,22,VENTURE,B,20000,11.36,0,0.11,N,15
46,50000,RENT,0,MEDICAL,B,4350,10.99,0,0.09,N,15
46,86807,MORTGAGE,0,VENTURE,A,10000,8.94,0,0.12,N,15
46,72194,RENT,8,PERSONAL,B,17000,8.88,0,0.24,N,15
46,47000,MORTGAGE,5,PERSONAL,A,6000,7.14,0,0.13,N,15
46,90000,MORTGAGE,5,DEBTCONSOLIDATION,A,20000,6.91,0,0.22,N,15
46,116000,MORTGAGE,6,DEBTCONSOLIDATION,A,10000,6.03,0,0.09,N,15
46,192000,MORTGAGE,1,VENTURE,C,25000,14.79,0,0.13,Y,14
46,107000,OWN,17,VENTURE,C,4000,13.49,0,0.04,N,14
46,336000,OWN,11,EDUCATION,B,9000,11.49,0,0.03,N,14
46,54196,MORTGAGE,17,VENTURE,B,4500,11.49,0,0.08,N,14
46,101500,MORTGAGE,8,DEBTCONSOLIDATION,B,15000,11.14,0,0.15,N,14
46,48956,RENT,0,MEDICAL,B,2800,10.59,0,0.06,N,14
46,56500,RENT,4,HOMEIMPROVEMENT,B,12000,10.37,0,0.21,N,14
46,54250,RENT,3,PERSONAL,B,3600,10,0,0.07,N,14
46,55000,MORTGAGE,3,MEDICAL,B,5000,9.91,0,0.09,N,14
46,81000,MORTGAGE,1,EDUCATION,B,7000,9.45,1,0.09,N,14
46,72194,RENT,8,HOMEIMPROVEMENT,B,17000,8.88,0,0.24,N,14
46,70000,RENT,0,MEDICAL,A,10000,8.59,0,0.14,N,14
46,30000,MORTGAGE,13,VENTURE,A,3050,7.88,0,0.1,N,14
46,47000,MORTGAGE,5,PERSONAL,A,6000,7.14,0,0.13,N,14
46,57359,MORTGAGE,3,DEBTCONSOLIDATION,A,9000,6.92,0,0.16,N,14
46,52800,MORTGAGE,1,MEDICAL,A,2800,6.76,0,0.05,N,14
46,33099,MORTGAGE,2,MEDICAL,E,12000,,1,0.36,N,14
46,135000,RENT,7,VENTURE,C,8000,,0,0.06,Y,14
46,305000,MORTGAGE,22,VENTURE,E,20000,17.93,0,0.07,N,13
46,60000,RENT,9,VENTURE,D,15000,16.32,0,0.25,N,13
46,76800,MORTGAGE,0,DEBTCONSOLIDATION,C,13000,15.96,0,0.17,Y,13
46,80000,MORTGAGE,13,HOMEIMPROVEMENT,D,20000,14.54,0,0.25,N,13
46,65000,RENT,1,EDUCATION,B,6000,12.69,0,0.09,N,13
46,35004,RENT,0,PERSONAL,C,4500,12.68,0,0.13,N,13
46,74500,MORTGAGE,0,VENTURE,C,10500,12.09,0,0.14,N,13
46,60000,MORTGAGE,1,HOMEIMPROVEMENT,C,5000,11.72,0,0.08,N,13
46,336000,OWN,11,VENTURE,B,9000,11.49,0,0.03,N,13
46,17496,RENT,6,HOMEIMPROVEMENT,B,1500,11.14,1,0.09,N,13
46,58000,MORTGAGE,10,PERSONAL,C,6300,11.03,0,0.11,N,13
46,48956,RENT,0,MEDICAL,B,2800,10.59,0,0.06,N,13
46,60000,RENT,12,DEBTCONSOLIDATION,B,11000,9.91,0,0.18,N,13
46,62047,RENT,4,MEDICAL,A,10000,9.63,1,0.14,N,13
46,50004,MORTGAGE,5,PERSONAL,A,3000,8.59,0,0.06,N,13
46,47844,OWN,16,VENTURE,A,27175,8.49,0,0.57,N,13
46,82359,MORTGAGE,6,PERSONAL,A,6600,7.66,0,0.08,N,13
46,85000,OWN,1,VENTURE,A,5000,7.43,0,0.06,N,13
46,70000,MORTGAGE,5,PERSONAL,A,8000,7.29,0,0.11,N,13
46,60000,MORTGAGE,7,PERSONAL,A,3600,6.99,0,0.06,N,13
46,80000,MORTGAGE,3,HOMEIMPROVEMENT,A,10000,6.17,0,0.13,N,13
46,56000,MORTGAGE,1,MEDICAL,A,6000,,0,0.11,N,13
46,105398,MORTGAGE,9,HOMEIMPROVEMENT,E,20700,17.43,0,0.2,N,12
46,44782,MORTGAGE,14,PERSONAL,D,6000,13.67,0,0.13,Y,12
46,30000,RENT,15,DEBTCONSOLIDATION,C,10000,13.49,1,0.33,N,12
46,39000,RENT,2,DEBTCONSOLIDATION,B,15000,10.99,1,0.38,N,12
46,180000,MORTGAGE,31,MEDICAL,B,18000,9.91,0,0.1,N,12
46,170000,MORTGAGE,13,HOMEIMPROVEMENT,B,7200,9.91,0,0.04,N,12
46,35000,RENT,1,VENTURE,A,1000,7.9,0,0.03,N,12
46,85000,OTHER,0,HOMEIMPROVEMENT,A,1000,7.68,0,0.01,N,12
46,60000,MORTGAGE,7,EDUCATION,A,3600,6.99,0,0.06,N,12
46,8088,RENT,15,MEDICAL,D,1600,14.42,1,0.2,Y,11
46,60000,OWN,18,EDUCATION,C,4100,13.49,0,0.07,Y,11
46,96000,MORTGAGE,4,DEBTCONSOLIDATION,B,10000,12.69,0,0.1,N,11
46,29004,MORTGAGE,4,PERSONAL,B,10000,11.58,0,0.34,N,11
46,63000,RENT,18,HOMEIMPROVEMENT,B,10000,10.51,0,0.16,N,11
46,55000,MORTGAGE,3,VENTURE,B,15000,10.37,0,0.27,N,11
46,180000,MORTGAGE,31,VENTURE,B,18000,9.91,0,0.1,N,11
46,80409,RENT,2,EDUCATION,A,14550,8.94,0,0.18,N,11
46,40000,MORTGAGE,8,EDUCATION,A,12000,6.91,0,0.3,N,11
46,27600,RENT,1,MEDICAL,B,5050,,0,0.18,N,11
45,31200,RENT,11,PERSONAL,D,4000,14.96,0,0.13,Y,17
45,75000,MORTGAGE,7,MEDICAL,C,10000,14.27,0,0.13,N,17
45,61000,OWN,7,MEDICAL,C,20000,13.22,0,0.33,Y,17
45,29676,RENT,5,EDUCATION,C,2700,12.84,0,0.09,Y,17
45,54000,RENT,1,DEBTCONSOLIDATION,B,19425,11.99,1,0.36,N,17
45,36000,RENT,1,VENTURE,C,4300,10.91,0,0.12,Y,17
45,64000,MORTGAGE,8,PERSONAL,A,4800,8.9,1,0.07,N,17
45,140000,MORTGAGE,18,HOMEIMPROVEMENT,A,7000,7.29,0,0.05,N,17
45,140000,RENT,10,EDUCATION,A,8175,5.99,0,0.06,N,17
45,123000,RENT,2,EDUCATION,F,14000,,1,0.11,N,17
45,68000,RENT,13,PERSONAL,C,11200,,0,0.16,N,17
45,35004,MORTGAGE,5,DEBTCONSOLIDATION,C,10000,,0,0.29,Y,17
45,54981,RENT,2,MEDICAL,A,6000,,0,0.11,N,17
45,48000,RENT,2,DEBTCONSOLIDATION,B,10000,11.86,0,0.21,N,16
45,37500,MORTGAGE,1,DEBTCONSOLIDATION,B,5000,11.49,0,0.13,N,16
45,110000,MORTGAGE,5,PERSONAL,B,20000,11.11,0,0.18,N,16
45,60000,RENT,4,DEBTCONSOLIDATION,B,25000,9.99,1,0.42,N,16
45,59000,MORTGAGE,5,MEDICAL,A,9000,7.9,0,0.15,N,16
45,36700,OWN,7,PERSONAL,A,2000,7.51,0,0.05,N,16
45,100000,MORTGAGE,16,PERSONAL,A,16000,6.62,0,0.16,N,16
45,52000,MORTGAGE,11,EDUCATION,A,14000,,0,0.27,N,16
45,54000,RENT,3,EDUCATION,C,7000,,1,0.13,N,16
45,65993,MORTGAGE,3,EDUCATION,D,9000,14.59,0,0.14,N,15
45,85000,RENT,0,PERSONAL,C,26000,14.27,1,0.31,Y,15
45,48500,RENT,7,MEDICAL,C,18000,13.85,1,0.37,Y,15
45,42320,MORTGAGE,6,VENTURE,C,7475,13.49,0,0.18,Y,15
45,34800,RENT,6,MEDICAL,C,4000,13.49,0,0.11,N,15
45,43000,MORTGAGE,6,VENTURE,C,3600,13.49,0,0.08,N,15
45,87000,RENT,8,DEBTCONSOLIDATION,C,8000,13.11,0,0.09,Y,15
45,19368,RENT,0,HOMEIMPROVEMENT,D,6700,12.92,1,0.35,Y,15
45,37000,RENT,0,HOMEIMPROVEMENT,B,20000,11.71,1,0.54,N,15
45,19200,RENT,1,VENTURE,B,4000,10,1,0.21,N,15
45,48000,RENT,5,PERSONAL,A,14400,8.49,0,0.3,N,15
45,23000,OWN,2,PERSONAL,A,7000,7.29,0,0.3,N,15
45,52680,RENT,0,MEDICAL,A,13000,6.92,0,0.25,N,15
45,140000,MORTGAGE,9,HOMEIMPROVEMENT,A,7500,6.62,0,0.05,N,15
45,118560,MORTGAGE,1,VENTURE,C,20000,,0,0.17,N,15
45,82800,RENT,4,EDUCATION,C,25000,12.87,1,0.3,Y,14
45,24600,RENT,8,EDUCATION,B,9000,10.65,1,0.37,N,14
45,60000,RENT,4,EDUCATION,B,25000,9.99,1,0.42,N,14
45,64000,MORTGAGE,3,MEDICAL,A,6000,7.29,0,0.09,N,14
45,125000,MORTGAGE,0,HOMEIMPROVEMENT,A,12000,6.03,0,0.1,N,14
45,43800,RENT,0,EDUCATION,B,5000,,1,0.11,N,14
45,54000,MORTGAGE,1,EDUCATION,D,7750,16.07,1,0.14,N,13
45,100000,MORTGAGE,3,DEBTCONSOLIDATION,E,10000,16,1,0.1,Y,13
45,74600,RENT,2,MEDICAL,C,1500,13.61,0,0.02,N,13
45,42320,MORTGAGE,6,HOMEIMPROVEMENT,C,7475,13.49,0,0.18,N,13
45,24000,MORTGAGE,0,VENTURE,C,4000,13.49,0,0.17,N,13
45,50400,RENT,2,HOMEIMPROVEMENT,C,12000,12.87,0,0.24,Y,13
45,90000,MORTGAGE,3,VENTURE,B,2500,11.99,0,0.03,N,13
45,119004,MORTGAGE,13,PERSONAL,B,5000,11.49,0,0.04,N,13
45,119004,MORTGAGE,13,VENTURE,B,5000,11.49,0,0.04,N,13
45,63000,MORTGAGE,8,VENTURE,B,12000,9.91,0,0.19,N,13
45,48000,MORTGAGE,8,HOMEIMPROVEMENT,A,8000,9.63,0,0.17,N,13
45,52000,RENT,0,MEDICAL,A,1500,8.94,0,0.03,N,13
45,45000,MORTGAGE,20,PERSONAL,A,15625,8.9,0,0.35,N,13
45,26000,RENT,17,MEDICAL,A,10000,8.49,1,0.38,N,13
45,69600,OWN,11,VENTURE,A,6000,7.9,0,0.09,N,13
45,27012,MORTGAGE,20,PERSONAL,A,6000,5.99,1,0.22,N,13
45,80000,RENT,10,MEDICAL,A,35000,,1,0.44,N,13
45,52569,MORTGAGE,0,MEDICAL,F,10400,19.47,1,0.17,N,12
45,56000,MORTGAGE,8,DEBTCONSOLIDATION,D,7000,16.29,1,0.13,Y,12
45,88000,RENT,12,HOMEIMPROVEMENT,D,15000,14.83,0,0.17,Y,12
45,38400,RENT,4,DEBTCONSOLIDATION,C,1000,14.72,0,0.03,Y,12
45,118000,MORTGAGE,11,EDUCATION,C,9600,13.99,1,0.08,Y,12
45,225000,RENT,14,PERSONAL,B,22200,12.69,0,0.1,N,12
45,125004,RENT,7,EDUCATION,C,14000,12.61,0,0.11,N,12
45,118000,MORTGAGE,15,HOMEIMPROVEMENT,B,25000,12.18,0,0.21,N,12
45,32000,RENT,0,DEBTCONSOLIDATION,B,8000,10.99,0,0.25,N,12
45,126000,MORTGAGE,5,VENTURE,B,6000,10.65,0,0.05,N,12
45,55000,RENT,17,VENTURE,B,12000,9.91,0,0.22,N,12
45,210000,MORTGAGE,14,DEBTCONSOLIDATION,A,12000,9.63,0,0.06,N,12
45,70000,MORTGAGE,15,MEDICAL,A,10000,8.59,0,0.14,N,12
45,19200,RENT,0,VENTURE,A,2000,8.49,0,0.1,N,12
45,69600,OWN,11,VENTURE,A,6000,7.9,0,0.09,N,12
45,51000,MORTGAGE,2,MEDICAL,A,7000,7.88,0,0.14,N,12
45,26748,OWN,8,MEDICAL,A,4000,7.88,0,0.15,N,12
45,139380,OWN,4,HOMEIMPROVEMENT,A,9000,7.51,0,0.06,N,12
45,32000,RENT,4,PERSONAL,A,4500,7.51,0,0.14,N,12
45,64000,MORTGAGE,3,PERSONAL,A,6000,7.29,0,0.09,N,12
45,45000,MORTGAGE,14,HOMEIMPROVEMENT,A,14000,6.62,0,0.31,N,12
45,45000,MORTGAGE,14,EDUCATION,A,14000,6.62,0,0.31,N,12
45,55000,RENT,1,PERSONAL,A,4000,6.03,0,0.07,N,12
45,89000,RENT,5,PERSONAL,B,19200,,0,0.22,N,12
45,75000,MORTGAGE,2,EDUCATION,B,15000,,0,0.2,N,12
45,125000,MORTGAGE,14,PERSONAL,B,10000,,0,0.08,N,12
45,36000,RENT,2,EDUCATION,C,6000,,0,0.17,N,12
45,35000,OTHER,6,PERSONAL,B,4800,,0,0.14,N,12
45,49000,OWN,5,MEDICAL,E,24250,19.03,1,0.49,Y,11
45,47000,RENT,13,MEDICAL,E,15000,16.4,1,0.32,Y,11
45,73000,RENT,0,EDUCATION,C,5600,15.27,1,0.08,N,11
45,30000,MORTGAGE,5,MEDICAL,C,1000,15.23,0,0.03,Y,11
45,61000,MORTGAGE,2,DEBTCONSOLIDATION,C,11600,13.48,0,0.19,N,11
45,66000,RENT,4,HOMEIMPROVEMENT,B,13650,12.42,0,0.21,N,11
45,107473,RENT,0,MEDICAL,C,4800,12.23,0,0.04,Y,11
45,38268,MORTGAGE,14,PERSONAL,B,8400,12.18,0,0.22,N,11
45,33600,RENT,8,VENTURE,D,11300,12.17,1,0.34,N,11
45,36000,RENT,0,MEDICAL,B,10000,11.11,0,0.28,N,11
45,62200,RENT,6,DEBTCONSOLIDATION,B,10000,10.39,0,0.16,N,11
45,47000,RENT,4,MEDICAL,B,2800,9.62,0,0.06,N,11
45,115000,MORTGAGE,8,VENTURE,A,8000,8.94,0,0.07,N,11
45,35000,RENT,13,DEBTCONSOLIDATION,A,10000,8.49,0,0.29,N,11
45,33600,OWN,14,VENTURE,A,4000,6.39,0,0.12,N,11
45,180000,MORTGAGE,8,MEDICAL,A,10000,5.99,0,0.06,N,11
45,22178,RENT,3,VENTURE,A,2500,5.99,0,0.11,N,11
45,225000,MORTGAGE,9,PERSONAL,C,10000,,0,0.04,Y,11
45,34000,RENT,1,EDUCATION,A,5000,,1,0.15,N,11
45,28320,RENT,1,MEDICAL,B,3000,,0,0.11,N,11
44,72136,RENT,7,HOMEIMPROVEMENT,F,25000,19.41,1,0.35,N,17
44,80000,MORTGAGE,28,VENTURE,D,25000,15.33,0,0.31,Y,17
44,68500,MORTGAGE,4,PERSONAL,D,14300,15.31,0,0.21,N,17
44,150000,MORTGAGE,17,PERSONAL,C,25000,13.43,0,0.17,N,17
44,48000,RENT,0,MEDICAL,C,5000,13.43,0,0.1,N,17
44,82000,MORTGAGE,5,DEBTCONSOLIDATION,C,8400,12.84,1,0.1,Y,17
44,73500,OWN,2,VENTURE,B,20000,12.18,0,0.27,N,17
44,50000,MORTGAGE,8,DEBTCONSOLIDATION,B,6000,11.99,0,0.12,N,17
44,65004,MORTGAGE,3,EDUCATION,B,25000,11.86,0,0.38,N,17
44,29088,RENT,3,DEBTCONSOLIDATION,B,7200,11.71,0,0.25,N,17
44,100000,RENT,5,EDUCATION,A,13500,8.9,0,0.14,N,17
44,175000,MORTGAGE,9,HOMEIMPROVEMENT,A,15000,7.66,0,0.09,N,17
44,36000,MORTGAGE,6,EDUCATION,A,1000,7.51,0,0.03,N,17
44,38400,MORTGAGE,9,HOMEIMPROVEMENT,A,2500,,0,0.07,N,17
44,80000,MORTGAGE,3,DEBTCONSOLIDATION,C,15000,13.11,0,0.19,N,16
44,99996,MORTGAGE,4,VENTURE,C,14400,12.23,0,0.14,Y,16
44,55000,RENT,18,PERSONAL,B,9600,11.26,0,0.17,N,16
44,80100,MORTGAGE,16,MEDICAL,B,8000,10.38,0,0.1,N,16
44,62000,RENT,11,DEBTCONSOLIDATION,A,11000,8.07,0,0.18,N,16
44,94800,MORTGAGE,4,VENTURE,A,7400,7.88,0,0.08,N,16
44,26500,MORTGAGE,5,DEBTCONSOLIDATION,A,6200,6.03,0,0.23,N,16
44,70000,RENT,15,DEBTCONSOLIDATION,A,6000,5.79,0,0.09,N,16
44,584800,MORTGAGE,4,MEDICAL,C,20000,,1,0.03,Y,16
44,30160,MORTGAGE,4,PERSONAL,C,7500,,0,0.25,N,16
44,62400,RENT,,HOMEIMPROVEMENT,E,10000,16.82,1,0.16,N,15
44,62400,RENT,,PERSONAL,E,10000,16.82,1,0.16,N,15
44,24300,RENT,0,VENTURE,D,9750,16.77,1,0.4,N,15
44,140787,MORTGAGE,3,MEDICAL,D,35000,16.49,1,0.21,Y,15
44,61000,RENT,2,DEBTCONSOLIDATION,D,11000,16.02,1,0.18,Y,15
44,83000,OTHER,2,EDUCATION,D,12000,16,1,0.14,Y,15
44,61000,RENT,7,PERSONAL,C,10000,15.96,0,0.16,N,15
44,30000,MORTGAGE,7,DEBTCONSOLIDATION,D,4500,15.62,1,0.15,N,15
44,24000,OWN,5,EDUCATION,D,5000,14.74,0,0.21,Y,15
44,58000,RENT,2,HOMEIMPROVEMENT,C,15000,13.48,0,0.26,Y,15
44,189996,MORTGAGE,12,PERSONAL,C,8000,13.16,0,0.04,N,15
44,48000,MORTGAGE,12,DEBTCONSOLIDATION,B,17500,12.18,0,0.36,N,15
44,67000,RENT,3,DEBTCONSOLIDATION,C,10000,11.66,0,0.15,Y,15
44,48000,RENT,4,MEDICAL,B,7500,11.49,0,0.16,N,15
44,36000,MORTGAGE,0,VENTURE,B,1000,11.48,0,0.03,N,15
44,39000,RENT,2,MEDICAL,B,12000,11.14,1,0.31,N,15
44,30000,RENT,2,DEBTCONSOLIDATION,B,12000,11.11,1,0.4,N,15
44,95000,MORTGAGE,4,VENTURE,B,10000,10.95,0,0.11,N,15
44,48000,MORTGAGE,9,DEBTCONSOLIDATION,B,5000,9.99,0,0.1,N,15
44,65000,RENT,2,VENTURE,A,5000,8,0,0.08,N,15
44,1440000,MORTGAGE,7,DEBTCONSOLIDATION,A,6400,7.4,0,0,N,15
44,27000,RENT,5,EDUCATION,A,1700,6.99,0,0.06,N,15
44,80000,MORTGAGE,14,MEDICAL,A,10000,6.03,0,0.13,N,15
44,50000,OWN,6,VENTURE,C,8500,,0,0.17,N,15
44,39684,RENT,4,PERSONAL,B,6000,,0,0.15,N,15
44,49200,MORTGAGE,2,VENTURE,D,3600,16.29,0,0.07,Y,14
44,70000,RENT,4,EDUCATION,C,9500,14.22,0,0.14,N,14
44,72061,MORTGAGE,8,VENTURE,C,4200,14.17,0,0.06,Y,14
44,48000,RENT,0,VENTURE,C,5000,13.43,0,0.1,N,14
44,54400,RENT,3,MEDICAL,C,5000,12.61,1,0.08,Y,14
44,140000,OWN,14,VENTURE,B,21500,11.83,0,0.15,N,14
44,49510,MORTGAGE,5,HOMEIMPROVEMENT,B,4000,10.62,0,0.08,N,14
44,210000,MORTGAGE,,VENTURE,B,25000,10.37,0,0.12,N,14
44,95000,MORTGAGE,1,PERSONAL,B,21200,9.91,0,0.22,N,14
44,99000,MORTGAGE,3,EDUCATION,B,8000,9.25,0,0.08,N,14
44,91000,MORTGAGE,14,MEDICAL,A,7900,8.59,0,0.09,N,14
44,68000,RENT,7,EDUCATION,A,5150,7.9,0,0.08,N,14
44,65000,RENT,16,MEDICAL,A,2000,7.9,0,0.03,N,14
44,17112,RENT,,DEBTCONSOLIDATION,A,1200,7.66,0,0.07,N,14
44,36000,MORTGAGE,6,EDUCATION,A,1000,7.51,0,0.03,N,14
44,124800,RENT,1,PERSONAL,A,10875,7.14,0,0.09,N,14
44,57700,MORTGAGE,4,MEDICAL,A,3600,6.99,0,0.06,N,14
44,42000,MORTGAGE,4,MEDICAL,A,13200,6.17,0,0.31,N,14
44,119000,RENT,0,DEBTCONSOLIDATION,A,5900,6.17,0,0.05,N,14
44,115000,MORTGAGE,3,HOMEIMPROVEMENT,B,12000,,0,0.1,N,14
44,120000,MORTGAGE,6,HOMEIMPROVEMENT,A,4000,,0,0.03,N,14
44,120000,MORTGAGE,6,VENTURE,A,4000,,0,0.03,N,14
44,67000,MORTGAGE,28,HOMEIMPROVEMENT,B,3000,,0,0.04,N,14
44,58000,MORTGAGE,13,VENTURE,D,6400,16.29,0,0.11,N,13
44,98000,RENT,19,HOMEIMPROVEMENT,C,5000,15.96,0,0.05,Y,13
44,59000,RENT,1,EDUCATION,D,10000,15.62,1,0.17,N,13
44,24000,MORTGAGE,,HOMEIMPROVEMENT,D,7750,15.58,0,0.32,Y,13
44,32004,RENT,4,EDUCATION,C,4000,14.35,0,0.12,N,13
44,80160,MORTGAGE,13,DEBTCONSOLIDATION,C,5500,13.92,0,0.07,Y,13
44,50000,RENT,5,VENTURE,C,13000,13.16,0,0.26,Y,13
44,37000,RENT,0,MEDICAL,C,3500,12.87,0,0.09,Y,13
44,37000,RENT,0,PERSONAL,C,3500,12.87,0,0.09,N,13
44,36000,RENT,0,PERSONAL,B,16000,11.49,1,0.44,N,13
44,63000,RENT,4,MEDICAL,A,5500,7.51,0,0.09,N,13
44,94128,MORTGAGE,14,DEBTCONSOLIDATION,A,4400,7.29,0,0.05,N,13
44,40000,MORTGAGE,8,VENTURE,A,8000,6.62,0,0.2,N,13
44,67920,RENT,13,HOMEIMPROVEMENT,A,32400,,1,0.48,N,13
44,60000,MORTGAGE,4,HOMEIMPROVEMENT,B,15000,,0,0.25,N,13
44,43000,RENT,3,DEBTCONSOLIDATION,B,7800,,0,0.18,N,13
44,57000,RENT,1,MEDICAL,B,4200,,0,0.07,N,13
44,25209,RENT,6,MEDICAL,C,2000,,0,0.08,Y,13
44,61000,RENT,2,DEBTCONSOLIDATION,D,11000,16.02,1,0.18,Y,12
44,83000,OTHER,2,PERSONAL,D,12000,16,1,0.14,Y,12
44,36000,RENT,6,VENTURE,D,4000,15.2,0,0.11,N,12
44,76000,MORTGAGE,3,HOMEIMPROVEMENT,C,3600,14.79,0,0.05,Y,12
44,61000,RENT,7,DEBTCONSOLIDATION,D,10000,14.11,1,0.16,Y,12
44,51850,RENT,7,MEDICAL,D,10000,14.11,1,0.16,N,12
44,36000,MORTGAGE,1,HOMEIMPROVEMENT,C,12000,13.99,0,0.33,N,12
44,109000,MORTGAGE,17,MEDICAL,C,12800,13.79,0,0.12,Y,12
44,108000,RENT,2,MEDICAL,C,15000,13.57,0,0.14,N,12
44,67000,RENT,5,MEDICAL,C,10000,13.49,0,0.15,N,12
44,44000,MORTGAGE,2,VENTURE,C,5000,12.23,1,0.11,Y,12
44,45000,RENT,0,VENTURE,B,15775,10.99,1,0.35,N,12
44,35000,RENT,4,DEBTCONSOLIDATION,B,10825,10.65,1,0.31,N,12
44,85280,MORTGAGE,4,PERSONAL,B,7000,10.62,0,0.08,N,12
44,88000,RENT,8,EDUCATION,B,8000,10.38,0,0.09,N,12
44,102000,RENT,9,MEDICAL,A,15000,8.94,0,0.15,N,12
44,28000,OWN,0,VENTURE,A,3500,8.94,0,0.13,N,12
44,38400,MORTGAGE,4,PERSONAL,A,6825,8.9,0,0.18,N,12
44,60000,OWN,11,PERSONAL,A,11800,8.63,0,0.2,N,12
44,36000,OWN,5,EDUCATION,D,4000,16.29,0,0.11,N,11
44,80000,MORTGAGE,28,HOMEIMPROVEMENT,D,25000,15.33,0,0.31,N,11
44,35000,RENT,3,DEBTCONSOLIDATION,D,4500,14.59,1,0.13,Y,11
44,30000,RENT,6,VENTURE,C,5000,13.98,0,0.17,N,11
44,66000,MORTGAGE,13,PERSONAL,C,5000,13.48,0,0.08,Y,11
44,80000,RENT,6,PERSONAL,C,6400,13.16,0,0.08,N,11
44,99000,MORTGAGE,5,EDUCATION,C,10000,12.68,0,0.1,N,11
44,48000,MORTGAGE,12,HOMEIMPROVEMENT,B,17500,12.18,0,0.36,N,11
44,140000,OWN,14,MEDICAL,B,21500,11.83,0,0.15,N,11
44,30000,RENT,0,MEDICAL,B,12000,11.83,1,0.4,N,11
44,108000,MORTGAGE,12,HOMEIMPROVEMENT,B,10000,11.11,0,0.09,N,11
44,95000,MORTGAGE,4,EDUCATION,B,10000,10.95,0,0.11,N,11
44,30000,OWN,3,VENTURE,B,7500,10.39,0,0.25,N,11
44,88000,RENT,8,EDUCATION,B,8000,10.38,0,0.09,N,11
44,26400,RENT,0,EDUCATION,B,5000,10,0,0.19,N,11
44,12000,OWN,5,HOMEIMPROVEMENT,B,2000,9.88,1,0.17,N,11
44,171996,MORTGAGE,19,VENTURE,B,25000,9.62,0,0.15,N,11
44,38400,MORTGAGE,4,HOMEIMPROVEMENT,A,6825,8.9,0,0.18,N,11
44,75000,MORTGAGE,6,EDUCATION,A,6000,8.9,0,0.08,N,11
44,52000,MORTGAGE,2,VENTURE,A,6000,8.59,0,0.12,N,11
44,200000,MORTGAGE,,VENTURE,A,20000,7.51,0,0.1,N,11
44,55000,MORTGAGE,2,EDUCATION,A,5000,7.51,0,0.09,N,11
44,28000,RENT,15,EDUCATION,A,8000,7.49,0,0.29,N,11
44,57600,RENT,12,PERSONAL,A,7000,7.4,0,0.12,N,11
44,94128,MORTGAGE,14,MEDICAL,A,4400,7.29,0,0.05,N,11
44,117300,RENT,3,MEDICAL,A,2500,7.29,1,0.02,N,11
44,79272,RENT,0,HOMEIMPROVEMENT,A,3000,5.79,0,0.04,N,11
44,43200,RENT,,MEDICAL,A,6000,5.42,0,0.14,N,11
44,60000,MORTGAGE,4,HOMEIMPROVEMENT,B,15000,,0,0.25,N,11
44,54000,RENT,0,DEBTCONSOLIDATION,C,10000,,0,0.19,N,11
44,71000,MORTGAGE,11,EDUCATION,A,9000,,0,0.13,N,11
44,57000,RENT,1,PERSONAL,B,4200,,0,0.07,N,11
43,74000,RENT,2,DEBTCONSOLIDATION,E,30600,18.79,1,0.41,N,17
43,65000,MORTGAGE,17,VENTURE,D,7200,16.29,0,0.11,N,17
43,33500,RENT,4,PERSONAL,C,6225,14.79,0,0.19,N,17
43,180000,MORTGAGE,5,HOMEIMPROVEMENT,C,6000,14.27,0,0.03,N,17
43,30000,RENT,0,PERSONAL,C,11525,13.57,1,0.38,Y,17
43,50000,RENT,3,HOMEIMPROVEMENT,C,8000,12.84,0,0.16,Y,17
43,48000,RENT,1,MEDICAL,C,5500,12.61,0,0.11,N,17
43,60000,RENT,5,DEBTCONSOLIDATION,B,2000,12.53,0,0.03,N,17
43,72000,RENT,5,MEDICAL,B,6000,12.42,0,0.08,N,17
43,25000,RENT,6,MEDICAL,B,8000,11.99,1,0.32,N,17
43,46000,RENT,5,VENTURE,B,3000,11.71,0,0.07,N,17
43,45000,OWN,,MEDICAL,B,2000,11.49,0,0.04,N,17
43,55000,RENT,3,MEDICAL,B,11750,10.99,0,0.21,N,17
43,36000,MORTGAGE,5,VENTURE,B,5000,9.91,0,0.14,N,17
43,83000,MORTGAGE,13,HOMEIMPROVEMENT,B,3000,9.91,0,0.04,N,17
43,25000,MORTGAGE,10,EDUCATION,B,10000,9.62,0,0.4,N,17
43,69000,RENT,0,DEBTCONSOLIDATION,A,2000,8.9,0,0.03,N,17
43,64000,MORTGAGE,6,MEDICAL,A,15000,7.88,0,0.23,N,17
43,65000,MORTGAGE,27,VENTURE,A,6000,7.49,0,0.09,N,17
43,145000,MORTGAGE,1,VENTURE,A,20000,6.91,0,0.14,N,17
43,55000,MORTGAGE,14,VENTURE,A,10000,6.03,0,0.18,N,17
43,48000,MORTGAGE,2,VENTURE,A,10400,5.99,0,0.22,N,17
43,80000,MORTGAGE,3,VENTURE,A,9800,5.99,0,0.12,N,17
43,60000,MORTGAGE,2,MEDICAL,A,9250,5.79,0,0.15,N,17
43,36000,RENT,0,MEDICAL,A,9000,5.79,0,0.25,N,17
43,61000,MORTGAGE,3,DEBTCONSOLIDATION,E,16000,,1,0.26,Y,17
43,34000,MORTGAGE,4,HOMEIMPROVEMENT,A,9800,,0,0.29,N,17
43,76000,MORTGAGE,4,HOMEIMPROVEMENT,D,9150,16.29,0,0.12,Y,16
43,54000,RENT,0,HOMEIMPROVEMENT,D,9000,15.65,1,0.17,Y,16
43,112000,MORTGAGE,14,PERSONAL,D,25000,14.96,0,0.22,N,16
43,42000,RENT,4,EDUCATION,D,7000,14.96,0,0.17,Y,16
43,50000,RENT,6,PERSONAL,C,18000,14.35,1,0.36,N,16
43,68400,MORTGAGE,9,VENTURE,C,9600,13.49,1,0.14,N,16
43,41000,MORTGAGE,7,MEDICAL,C,6000,13.22,0,0.15,Y,16
43,141000,MORTGAGE,9,VENTURE,C,15000,12.53,0,0.11,N,16
43,36480,RENT,0,PERSONAL,B,18000,11.71,1,0.49,N,16
43,350000,MORTGAGE,3,MEDICAL,B,18000,11.49,0,0.05,N,16
43,97500,RENT,6,PERSONAL,B,24000,10.99,0,0.25,N,16
43,55000,RENT,3,DEBTCONSOLIDATION,B,11750,10.99,0,0.21,N,16
43,50000,RENT,0,PERSONAL,B,4500,10.74,0,0.09,N,16
43,60000,RENT,1,MEDICAL,B,8000,10.37,0,0.13,N,16
43,50000,MORTGAGE,12,HOMEIMPROVEMENT,B,5000,10,0,0.1,N,16
43,39000,MORTGAGE,12,VENTURE,B,8000,9.99,0,0.21,N,16
43,60000,MORTGAGE,27,HOMEIMPROVEMENT,B,10000,9.88,0,0.17,N,16
43,50000,MORTGAGE,2,DEBTCONSOLIDATION,B,5000,9.63,0,0.1,N,16
43,65000,RENT,2,MEDICAL,B,5000,9.62,0,0.08,N,16
43,75000,RENT,0,HOMEIMPROVEMENT,A,12000,7.9,0,0.16,N,16
43,47000,OWN,2,VENTURE,A,10000,7.88,0,0.21,N,16
43,50000,RENT,,HOMEIMPROVEMENT,A,8000,7.49,0,0.16,N,16
43,32000,RENT,0,VENTURE,A,6400,7.49,0,0.2,N,16
43,125000,RENT,4,EDUCATION,A,3250,7.49,0,0.03,N,16
43,70000,RENT,23,VENTURE,A,11000,7.29,0,0.16,N,16
43,72000,MORTGAGE,9,DEBTCONSOLIDATION,A,5050,6.99,0,0.07,N,16
43,36000,MORTGAGE,,HOMEIMPROVEMENT,A,4000,6.62,1,0.11,N,16
43,77000,MORTGAGE,3,EDUCATION,A,12000,5.99,0,0.16,N,16
43,42000,MORTGAGE,0,MEDICAL,A,7775,5.99,0,0.19,N,16
43,84000,MORTGAGE,0,DEBTCONSOLIDATION,A,12000,5.42,0,0.14,N,16
43,80000,MORTGAGE,3,PERSONAL,A,10000,,0,0.13,N,16
43,86015,MORTGAGE,3,VENTURE,B,2200,,0,0.03,N,16
43,46000,RENT,2,MEDICAL,D,13000,15.7,1,0.28,Y,15
43,230004,MORTGAGE,19,HOMEIMPROVEMENT,D,25000,15.58,0,0.11,Y,15
43,27036,RENT,1,PERSONAL,D,13750,15.31,1,0.51,Y,15
43,112000,MORTGAGE,14,PERSONAL,D,25000,14.96,0,0.22,Y,15
43,60000,RENT,2,EDUCATION,D,10000,13.24,1,0.17,Y,15
43,93000,MORTGAGE,15,DEBTCONSOLIDATION,D,7500,12.86,1,0.08,Y,15
43,40000,MORTGAGE,3,MEDICAL,B,18000,11.83,0,0.45,N,15
43,142500,MORTGAGE,7,MEDICAL,B,20000,11.49,0,0.14,N,15
43,46000,RENT,3,EDUCATION,B,5000,10.38,1,0.11,N,15
43,74000,MORTGAGE,5,MEDICAL,B,11000,9.91,0,0.15,N,15
43,50000,RENT,5,HOMEIMPROVEMENT,B,9500,9.88,0,0.19,N,15
43,44000,OWN,18,MEDICAL,A,8000,9.32,0,0.18,N,15
43,43000,MORTGAGE,5,PERSONAL,B,15000,8.88,0,0.35,N,15
43,20000,OWN,15,EDUCATION,A,5000,7.14,0,0.25,N,15
43,80000,MORTGAGE,20,DEBTCONSOLIDATION,A,10000,6.99,0,0.13,N,15
43,68000,OWN,9,EDUCATION,A,5000,6.99,0,0.07,N,15
43,98004,MORTGAGE,11,PERSONAL,A,6000,5.42,0,0.06,N,15
43,72600,RENT,2,PERSONAL,A,6000,,0,0.08,N,15
43,62900,RENT,22,MEDICAL,D,18000,17.27,1,0.24,Y,14
43,54000,RENT,0,PERSONAL,D,9000,15.65,1,0.17,Y,14
43,33000,RENT,0,DEBTCONSOLIDATION,D,6000,15.62,1,0.18,N,14
43,98600,MORTGAGE,0,MEDICAL,D,7750,15.31,1,0.07,Y,14
43,91800,MORTGAGE,0,MEDICAL,D,8400,14.84,1,0.08,N,14
43,98760,RENT,8,VENTURE,D,5000,14.84,0,0.05,N,14
43,58000,MORTGAGE,4,EDUCATION,C,9000,13.22,0,0.16,Y,14
43,45000,RENT,2,EDUCATION,C,7000,12.99,0,0.16,N,14
43,500000,MORTGAGE,5,VENTURE,C,25000,12.61,0,0.05,Y,14
43,350000,MORTGAGE,3,PERSONAL,B,18000,11.49,0,0.05,N,14
43,90000,RENT,5,DEBTCONSOLIDATION,B,10400,11.49,0,0.12,N,14
43,71015,RENT,8,VENTURE,B,5000,11.14,0,0.07,N,14
43,141000,MORTGAGE,24,MEDICAL,B,6000,10.99,0,0.04,N,14
43,44000,MORTGAGE,8,PERSONAL,B,10000,10.38,0,0.23,N,14
43,46000,RENT,3,EDUCATION,B,5000,10.38,1,0.11,N,14
43,62000,MORTGAGE,2,EDUCATION,B,20000,10.25,0,0.32,N,14
43,86004,MORTGAGE,2,HOMEIMPROVEMENT,B,10000,9.99,0,0.12,N,14
43,54000,RENT,0,DEBTCONSOLIDATION,A,3000,8.94,0,0.06,N,14
43,35000,RENT,,PERSONAL,A,6400,8.9,0,0.18,N,14
43,62000,MORTGAGE,11,HOMEIMPROVEMENT,A,5000,7.88,0,0.08,N,14
43,36000,RENT,4,PERSONAL,A,10400,7.66,0,0.29,N,14
43,45996,MORTGAGE,2,EDUCATION,A,6300,7.51,0,0.14,N,14
43,54000,RENT,0,EDUCATION,A,8725,7.29,0,0.16,N,14
43,138000,MORTGAGE,4,HOMEIMPROVEMENT,A,9900,6.99,0,0.07,N,14
43,138000,MORTGAGE,4,EDUCATION,A,9900,6.99,0,0.07,N,14
43,85000,RENT,2,PERSONAL,A,2000,6.62,0,0.02,N,14
43,36000,RENT,0,MEDICAL,A,9000,5.79,0,0.25,N,14
43,48000,MORTGAGE,7,VENTURE,A,4500,5.42,0,0.09,N,14
43,46000,RENT,2,MEDICAL,D,13000,15.7,1,0.28,N,13
43,78000,MORTGAGE,0,DEBTCONSOLIDATION,D,15000,14.46,1,0.19,Y,13
43,49578,MORTGAGE,11,PERSONAL,C,16000,13.49,0,0.32,Y,13
43,267000,MORTGAGE,14,DEBTCONSOLIDATION,B,21000,12.69,0,0.08,N,13
43,65000,OWN,4,MEDICAL,B,15000,11.71,0,0.23,N,13
43,97000,MORTGAGE,0,MEDICAL,B,14000,11.71,0,0.14,N,13
43,48000,RENT,1,PERSONAL,B,6000,11.14,0,0.13,N,13
43,65000,MORTGAGE,2,EDUCATION,B,24000,10.99,0,0.37,N,13
43,108639,MORTGAGE,3,MEDICAL,B,18000,10.75,0,0.17,N,13
43,57000,RENT,3,EDUCATION,B,6000,10.75,0,0.11,N,13
43,35300,MORTGAGE,5,MEDICAL,B,10000,10.25,0,0.28,N,13
43,60000,MORTGAGE,6,MEDICAL,B,4800,9.64,0,0.08,N,13
43,125000,MORTGAGE,,HOMEIMPROVEMENT,A,8800,7.88,0,0.07,N,13
43,86044,MORTGAGE,16,HOMEIMPROVEMENT,A,6500,7.74,0,0.08,N,13
43,93000,MORTGAGE,7,PERSONAL,A,7000,7.14,0,0.08,N,13
43,67000,RENT,0,MEDICAL,A,4500,5.42,0,0.07,N,13
43,42000,MORTGAGE,3,VENTURE,B,20000,,0,0.48,N,13
43,59004,MORTGAGE,13,PERSONAL,D,15000,,1,0.25,Y,13
43,28000,MORTGAGE,4,HOMEIMPROVEMENT,D,6250,,1,0.22,Y,13
43,50000,OWN,3,MEDICAL,C,5000,13.35,0,0.1,Y,12
43,90000,RENT,9,MEDICAL,C,18000,13.11,0,0.2,N,12
43,72800,MORTGAGE,7,HOMEIMPROVEMENT,C,20000,12.84,0,0.27,Y,12
43,195000,MORTGAGE,4,EDUCATION,C,10000,12.73,0,0.05,N,12
43,47840,RENT,27,PERSONAL,B,15000,12.42,1,0.31,N,12
43,51600,RENT,,VENTURE,B,1500,11.86,0,0.03,N,12
43,80000,RENT,5,HOMEIMPROVEMENT,B,10000,11.49,0,0.13,N,12
43,22800,RENT,0,MEDICAL,B,5075,10.59,0,0.22,N,12
43,43000,MORTGAGE,5,MEDICAL,B,15000,8.88,0,0.35,N,12
43,79000,MORTGAGE,3,HOMEIMPROVEMENT,B,4000,8.88,0,0.05,N,12
43,45000,RENT,0,MEDICAL,A,12000,6.91,0,0.27,N,12
43,122500,MORTGAGE,4,EDUCATION,A,9150,6.03,0,0.07,N,12
43,175436,RENT,1,HOMEIMPROVEMENT,A,7000,5.99,0,0.04,N,12
43,45000,RENT,5,EDUCATION,A,7000,5.42,0,0.16,N,12
43,50000,MORTGAGE,11,MEDICAL,A,11500,,0,0.23,N,12
43,57000,MORTGAGE,0,EDUCATION,A,2725,,0,0.05,N,12
43,90000,MORTGAGE,0,VENTURE,D,15000,14.46,0,0.17,Y,11
43,68000,MORTGAGE,2,PERSONAL,C,7000,12.61,0,0.1,N,11
43,55000,OWN,17,VENTURE,B,2000,12.53,0,0.04,N,11
43,85000,RENT,14,EDUCATION,B,9000,11.89,0,0.11,N,11
43,51600,RENT,,VENTURE,B,1500,11.86,0,0.03,N,11
43,122000,OWN,20,MEDICAL,B,12000,11.83,0,0.1,N,11
43,80000,RENT,5,HOMEIMPROVEMENT,B,6400,11.71,0,0.08,N,11
43,97500,RENT,6,VENTURE,B,24000,10.99,0,0.25,N,11
43,60000,MORTGAGE,3,VENTURE,B,18000,10.99,0,0.3,N,11
43,39996,RENT,1,PERSONAL,B,4000,10.99,0,0.1,N,11
43,72000,RENT,11,EDUCATION,B,22000,10.62,1,0.31,N,11
43,400000,MORTGAGE,5,VENTURE,B,28000,9.91,0,0.07,N,11
43,400000,MORTGAGE,5,HOMEIMPROVEMENT,B,28000,9.91,0,0.07,N,11
43,19440,RENT,1,HOMEIMPROVEMENT,B,7500,9.01,1,0.39,N,11
43,36000,RENT,1,MEDICAL,A,10000,8.94,0,0.28,N,11
43,780000,MORTGAGE,2,HOMEIMPROVEMENT,A,1000,8.94,0,0,N,11
43,29004,OWN,3,MEDICAL,A,5000,7.88,0,0.17,N,11
43,45000,MORTGAGE,3,MEDICAL,A,5700,6.91,0,0.13,N,11
43,55000,MORTGAGE,14,DEBTCONSOLIDATION,A,10000,6.03,0,0.18,N,11
43,69996,RENT,18,MEDICAL,A,19200,,0,0.27,N,11
43,50000,MORTGAGE,11,EDUCATION,A,11500,,0,0.23,N,11
43,72000,MORTGAGE,9,MEDICAL,B,10000,,0,0.14,N,11
43,11340,RENT,4,EDUCATION,C,1950,,1,0.17,N,11
43,11340,RENT,4,EDUCATION,C,1950,,1,0.17,N,11
42,64464,MORTGAGE,13,MEDICAL,E,30000,19.03,1,0.4,N,17
42,101000,MORTGAGE,6,DEBTCONSOLIDATION,F,25000,16.15,1,0.25,Y,17
42,48000,OWN,0,EDUCATION,C,3500,14.35,0,0.07,Y,17
42,110000,MORTGAGE,6,VENTURE,C,10800,14.27,0,0.1,N,17
42,42000,RENT,2,PERSONAL,C,4200,13.35,0,0.1,N,17
42,105000,MORTGAGE,18,EDUCATION,C,2400,13.06,0,0.02,Y,17
42,58000,RENT,16,DEBTCONSOLIDATION,C,7500,12.99,0,0.13,N,17
42,31000,MORTGAGE,5,VENTURE,B,7200,11.99,0,0.23,N,17
42,80000,MORTGAGE,8,PERSONAL,B,5000,11.99,0,0.06,N,17
42,40000,RENT,6,DEBTCONSOLIDATION,B,1950,11.86,0,0.05,N,17
42,114000,MORTGAGE,4,DEBTCONSOLIDATION,B,19200,11.36,0,0.17,N,17
42,22800,RENT,6,EDUCATION,B,10000,10.99,1,0.44,N,17
42,40000,RENT,0,DEBTCONSOLIDATION,B,7200,10.75,0,0.18,N,17
42,160000,RENT,6,VENTURE,B,6000,10.65,0,0.04,N,17
42,360000,MORTGAGE,11,HOMEIMPROVEMENT,B,25000,9.99,0,0.07,N,17
42,26280,RENT,2,DEBTCONSOLIDATION,B,4000,9.99,0,0.15,N,17
42,70000,MORTGAGE,3,MEDICAL,B,2825,9.64,0,0.04,N,17
42,65000,OWN,6,VENTURE,A,22750,8.9,0,0.35,N,17
42,29000,RENT,3,MEDICAL,A,3450,8,0,0.12,N,17
42,125000,MORTGAGE,5,VENTURE,A,35000,7.9,0,0.28,N,17
42,61000,OWN,2,PERSONAL,A,14400,7.51,0,0.24,N,17
42,45760,MORTGAGE,4,DEBTCONSOLIDATION,A,9600,7.51,0,0.21,N,17
42,68000,MORTGAGE,2,VENTURE,A,5000,7.51,0,0.07,N,17
42,32004,RENT,1,DEBTCONSOLIDATION,A,2500,7.49,1,0.08,N,17
42,25000,RENT,,MEDICAL,A,10000,6.99,1,0.4,N,17
42,150750,OWN,0,PERSONAL,A,8150,6.99,0,0.05,N,17
42,18000,RENT,3,VENTURE,A,8000,6.91,1,0.44,N,17
42,889000,RENT,13,EDUCATION,A,20000,,0,0.02,N,17
42,150000,RENT,19,MEDICAL,C,18400,,0,0.12,N,17
42,38400,RENT,4,MEDICAL,B,13000,,1,0.34,N,17
42,70000,RENT,6,PERSONAL,B,12000,,0,0.17,N,17
42,32400,RENT,1,DEBTCONSOLIDATION,D,8875,16.29,1,0.27,N,16
42,97000,MORTGAGE,13,PERSONAL,C,1500,15.96,0,0.02,Y,16
42,600000,OTHER,2,HOMEIMPROVEMENT,D,25000,14.74,0,0.04,Y,16
42,37000,RENT,0,EDUCATION,C,15200,14.26,1,0.41,Y,16
42,67300,RENT,4,HOMEIMPROVEMENT,C,13800,13.99,0,0.21,N,16
42,108000,MORTGAGE,14,VENTURE,D,14400,13.67,1,0.13,Y,16
42,74000,MORTGAGE,1,PERSONAL,C,16000,12.73,0,0.22,N,16
42,36000,RENT,8,MEDICAL,C,13000,12.73,1,0.36,Y,16
42,35010,RENT,4,MEDICAL,C,3500,12.68,0,0.1,Y,16
42,31000,MORTGAGE,5,DEBTCONSOLIDATION,B,7200,11.99,0,0.23,N,16
42,36000,RENT,0,MEDICAL,C,11000,11.97,1,0.31,Y,16
42,27000,RENT,4,MEDICAL,B,9000,11.11,1,0.33,N,16
42,45000,RENT,1,MEDICAL,B,18200,10.83,1,0.4,N,16
42,60000,MORTGAGE,4,HOMEIMPROVEMENT,B,8850,10.37,0,0.15,N,16
42,78456,MORTGAGE,5,MEDICAL,B,25000,10.36,0,0.32,N,16
42,58752,RENT,8,MEDICAL,B,3000,10.01,0,0.05,N,16
42,65000,MORTGAGE,0,DEBTCONSOLIDATION,A,6000,9.32,0,0.09,N,16
42,160000,MORTGAGE,0,MEDICAL,A,22000,6.99,0,0.14,N,16
42,123735,MORTGAGE,8,DEBTCONSOLIDATION,A,6400,6.99,0,0.05,N,16
42,38000,RENT,3,MEDICAL,E,3000,17.56,1,0.08,N,15
42,41000,RENT,2,HOMEIMPROVEMENT,E,15000,16.95,1,0.37,Y,15
42,36000,RENT,7,MEDICAL,D,8400,16.32,1,0.23,Y,15
42,33564,RENT,5,PERSONAL,D,6000,16.29,1,0.18,N,15
42,55392,RENT,17,DEBTCONSOLIDATION,D,7000,15.95,1,0.13,Y,15
42,113000,MORTGAGE,11,EDUCATION,D,24000,15.31,1,0.21,Y,15
42,30000,RENT,5,VENTURE,D,8000,14.96,0,0.27,N,15
42,100000,MORTGAGE,7,EDUCATION,C,5000,14.26,0,0.05,Y,15
42,42000,RENT,11,VENTURE,C,9600,13.23,0,0.23,N,15
42,85000,RENT,3,VENTURE,C,5750,12.99,0,0.07,Y,15
42,2039784,RENT,0,VENTURE,C,8450,12.29,0,0,Y,15
42,47000,RENT,2,MEDICAL,B,25000,12.18,1,0.53,N,15
42,224000,MORTGAGE,16,EDUCATION,B,25000,11.86,0,0.11,N,15
42,55308,OWN,8,VENTURE,B,2000,11.49,0,0.04,N,15
42,114000,MORTGAGE,4,PERSONAL,B,19200,11.36,0,0.17,N,15
42,52400,MORTGAGE,14,PERSONAL,B,21000,10.38,0,0.4,N,15
42,32000,RENT,5,VENTURE,B,10000,10.38,1,0.31,N,15
42,66500,RENT,8,VENTURE,B,6000,10.25,0,0.09,N,15
42,50000,RENT,3,HOMEIMPROVEMENT,B,8000,10.14,0,0.16,N,15
42,35000,RENT,1,MEDICAL,B,7500,9.99,0,0.21,N,15
42,300000,RENT,26,MEDICAL,A,16000,9.63,0,0.05,N,15
42,75000,RENT,6,MEDICAL,A,17000,7.9,0,0.23,N,15
42,136173,MORTGAGE,2,EDUCATION,A,8000,6.62,0,0.06,N,15
42,42000,OWN,4,VENTURE,A,12000,6.03,0,0.29,N,15
42,78000,MORTGAGE,,DEBTCONSOLIDATION,A,7000,5.42,1,0.09,N,15
42,82000,MORTGAGE,13,HOMEIMPROVEMENT,E,26800,,0,0.33,Y,15
42,153936,OWN,26,PERSONAL,A,20000,,0,0.13,N,15
42,60000,RENT,1,PERSONAL,E,15000,,1,0.25,Y,15
42,13200,RENT,4,VENTURE,C,2500,,1,0.19,Y,15
42,153000,MORTGAGE,7,EDUCATION,G,25000,20.53,1,0.16,N,14
42,64464,MORTGAGE,13,MEDICAL,E,30000,19.03,1,0.4,N,14
42,300000,MORTGAGE,0,PERSONAL,D,10000,17.27,0,0.03,Y,14
42,101000,MORTGAGE,6,DEBTCONSOLIDATION,F,25000,16.15,1,0.25,Y,14
42,68850,RENT,8,MEDICAL,D,24250,15.58,1,0.3,N,14
42,42000,RENT,6,EDUCATION,D,14500,15.57,1,0.35,N,14
42,25320,RENT,1,HOMEIMPROVEMENT,D,10000,14.84,1,0.39,Y,14
42,98603,MORTGAGE,19,MEDICAL,C,24250,14.22,1,0.21,N,14
42,60000,RENT,3,PERSONAL,C,11300,13.61,0,0.19,Y,14
42,85000,RENT,3,MEDICAL,C,5750,12.99,0,0.07,Y,14
42,30132,RENT,4,VENTURE,C,1500,12.98,0,0.05,Y,14
42,54000,RENT,4,DEBTCONSOLIDATION,C,16000,12.87,1,0.3,Y,14
42,32000,RENT,5,DEBTCONSOLIDATION,B,10000,11.71,1,0.31,N,14
42,80000,MORTGAGE,3,PERSONAL,B,10000,11.49,0,0.13,N,14
42,21120,RENT,12,VENTURE,B,6400,11.14,0,0.3,N,14
42,140400,MORTGAGE,6,PERSONAL,B,14000,10.99,0,0.1,N,14
42,52800,RENT,3,EDUCATION,B,5600,10.99,0,0.11,N,14
42,45000,RENT,1,DEBTCONSOLIDATION,B,18200,10.83,1,0.4,N,14
42,39000,RENT,4,HOMEIMPROVEMENT,B,19750,10.65,1,0.51,N,14
42,26568,RENT,6,PERSONAL,B,2500,10.37,0,0.09,N,14
42,360000,MORTGAGE,11,EDUCATION,B,25000,9.99,0,0.07,N,14
42,44000,RENT,0,DEBTCONSOLIDATION,A,6000,9.63,0,0.14,N,14
42,110000,RENT,5,MEDICAL,A,6000,8.9,0,0.05,N,14
42,51000,MORTGAGE,5,DEBTCONSOLIDATION,A,20000,8.49,0,0.39,N,14
42,62000,RENT,26,VENTURE,A,10000,8.49,0,0.16,N,14
42,40800,MORTGAGE,5,DEBTCONSOLIDATION,A,10400,7.51,0,0.25,N,14
42,50426,RENT,0,MEDICAL,A,4200,7.49,0,0.08,N,14
42,35000,OWN,12,PERSONAL,A,2000,7.37,0,0.06,N,14
42,75000,RENT,12,HOMEIMPROVEMENT,A,14000,6.03,0,0.19,N,14
42,96000,MORTGAGE,9,PERSONAL,A,5100,5.42,0,0.05,N,14
42,38000,MORTGAGE,9,MEDICAL,A,6500,,0,0.17,N,14
42,62900,MORTGAGE,26,MEDICAL,C,3000,,1,0.04,N,14
42,13200,RENT,4,DEBTCONSOLIDATION,C,2500,,1,0.19,Y,14
42,20400,RENT,4,PERSONAL,F,2000,20.99,0,0.1,Y,13
42,73100,RENT,4,MEDICAL,D,12000,16.77,1,0.14,Y,13
42,29000,RENT,1,PERSONAL,D,5000,16.49,1,0.17,Y,13
42,55000,RENT,1,EDUCATION,C,10000,13.79,0,0.18,Y,13
42,44000,RENT,0,EDUCATION,C,8400,13.57,1,0.19,Y,13
42,100000,RENT,3,VENTURE,D,10000,13.55,0,0.1,Y,13
42,100000,MORTGAGE,16,DEBTCONSOLIDATION,C,4800,13.47,0,0.05,Y,13
42,82000,RENT,10,VENTURE,D,12000,13.24,0,0.15,Y,13
42,14000,RENT,0,EDUCATION,C,1700,13.16,0,0.12,Y,13
42,175000,MORTGAGE,12,PERSONAL,C,7000,12.99,0,0.04,Y,13
42,120000,MORTGAGE,0,EDUCATION,B,9250,11.86,0,0.08,N,13
42,78000,MORTGAGE,4,MEDICAL,C,8000,10.78,0,0.1,Y,13
42,65000,MORTGAGE,25,MEDICAL,B,10000,10.74,0,0.15,N,13
42,52400,MORTGAGE,14,HOMEIMPROVEMENT,B,21000,10.38,0,0.4,N,13
42,51000,OWN,6,VENTURE,B,18000,9.91,0,0.35,N,13
42,97600,RENT,0,EDUCATION,A,7000,8.9,0,0.07,N,13
42,75000,RENT,6,MEDICAL,A,17000,7.9,0,0.23,N,13
42,69228,RENT,3,HOMEIMPROVEMENT,A,10000,7.49,0,0.14,N,13
42,30000,RENT,0,DEBTCONSOLIDATION,A,4200,7.49,0,0.14,N,13
42,22000,RENT,,DEBTCONSOLIDATION,A,1000,7.29,0,0.05,N,13
42,72000,MORTGAGE,25,DEBTCONSOLIDATION,A,10000,7.14,0,0.14,N,13
42,60000,MORTGAGE,1,MEDICAL,A,8000,5.42,0,0.13,N,13
42,316800,MORTGAGE,3,PERSONAL,D,19400,,0,0.06,Y,13
42,40000,RENT,0,PERSONAL,D,10000,16,1,0.25,N,12
42,85000,MORTGAGE,10,HOMEIMPROVEMENT,D,8500,15.58,0,0.1,Y,12
42,30000,RENT,5,VENTURE,D,8000,14.96,0,0.27,Y,12
42,75744,RENT,2,EDUCATION,D,12000,14.91,1,0.16,Y,12
42,48000,OWN,0,PERSONAL,C,3500,14.35,0,0.07,N,12
42,100000,MORTGAGE,7,EDUCATION,C,5000,14.26,0,0.05,N,12
42,57000,RENT,4,MEDICAL,C,15000,13.43,0,0.26,Y,12
42,82000,RENT,6,DEBTCONSOLIDATION,B,22000,10.99,0,0.27,N,12
42,78000,MORTGAGE,6,VENTURE,B,20000,10.99,0,0.26,N,12
42,41000,MORTGAGE,17,EDUCATION,B,10000,10.99,0,0.24,N,12
42,32000,MORTGAGE,0,PERSONAL,B,10000,10.59,1,0.31,N,12
42,68000,RENT,3,MEDICAL,B,8500,10.37,0,0.13,N,12
42,65000,OWN,6,EDUCATION,A,22750,8.9,0,0.35,N,12
42,57996,RENT,26,VENTURE,A,6000,8.59,0,0.1,N,12
42,150000,MORTGAGE,0,HOMEIMPROVEMENT,A,16000,8.49,0,0.11,N,12
42,74000,MORTGAGE,7,DEBTCONSOLIDATION,A,5300,8.38,0,0.07,N,12
42,125000,MORTGAGE,5,MEDICAL,A,35000,7.9,0,0.28,N,12
42,69996,MORTGAGE,1,PERSONAL,A,10000,7.66,0,0.14,N,12
42,45000,OWN,0,VENTURE,A,5000,7.43,0,0.11,N,12
42,35004,RENT,12,MEDICAL,A,1500,7.37,0,0.04,N,12
42,70000,MORTGAGE,19,VENTURE,A,10500,6.99,0,0.15,N,12
42,32000,RENT,7,MEDICAL,A,3000,6.99,0,0.09,N,12
42,64000,MORTGAGE,0,DEBTCONSOLIDATION,A,2300,6.99,0,0.04,N,12
42,40000,RENT,0,MEDICAL,A,5000,6.17,0,0.13,N,12
42,66000,RENT,9,DEBTCONSOLIDATION,A,11200,5.79,0,0.17,N,12
42,39996,MORTGAGE,2,HOMEIMPROVEMENT,A,2500,5.42,0,0.06,N,12
42,39996,MORTGAGE,2,HOMEIMPROVEMENT,A,2500,5.42,0,0.06,N,12
42,70000,RENT,6,MEDICAL,B,12000,,0,0.17,N,12
42,50000,MORTGAGE,5,EDUCATION,B,7000,,0,0.14,N,12
42,114996,MORTGAGE,2,VENTURE,A,2850,,0,0.02,N,12
42,40000,RENT,10,VENTURE,C,2800,,0,0.07,N,12
42,499800,OWN,4,MEDICAL,F,24000,18.43,1,0.04,Y,11
42,600000,OTHER,2,EDUCATION,D,25000,14.74,0,0.04,N,11
42,67147,RENT,6,MEDICAL,D,22400,14.11,1,0.28,Y,11
42,210000,MORTGAGE,3,VENTURE,C,16000,13.47,0,0.08,N,11
42,55000,MORTGAGE,1,VENTURE,B,16500,12.69,0,0.3,N,11
42,75000,MORTGAGE,2,EDUCATION,B,9600,11.99,0,0.13,N,11
42,32000,RENT,5,PERSONAL,B,10000,11.71,1,0.31,N,11
42,98000,MORTGAGE,2,EDUCATION,B,18000,11.58,0,0.18,N,11
42,78000,MORTGAGE,6,EDUCATION,B,20000,10.99,0,0.26,N,11
42,120000,MORTGAGE,18,PERSONAL,B,6000,10.38,0,0.05,N,11
42,42000,RENT,0,PERSONAL,B,12000,10.37,0,0.29,N,11
42,62000,RENT,2,PERSONAL,B,8000,9.63,0,0.13,N,11
42,22000,RENT,3,PERSONAL,A,9000,7.66,1,0.41,N,11
42,50426,RENT,0,PERSONAL,A,4200,7.49,0,0.08,N,11
42,48000,MORTGAGE,26,MEDICAL,A,6500,7.29,0,0.14,N,11
42,82500,RENT,3,DEBTCONSOLIDATION,A,2575,6.76,0,0.03,N,11
42,72000,MORTGAGE,20,HOMEIMPROVEMENT,A,8400,6.62,0,0.12,N,11
42,60000,RENT,3,HOMEIMPROVEMENT,A,7200,5.79,0,0.12,N,11
42,38400,RENT,4,MEDICAL,B,13000,,1,0.34,N,11
42,33600,MORTGAGE,11,VENTURE,C,5000,,0,0.15,N,11
42,24000,OWN,10,MEDICAL,A,5000,,0,0.21,N,11
42,14400,OWN,3,MEDICAL,A,3500,,1,0.24,N,11
41,41435,RENT,,MEDICAL,E,10000,16.45,1,0.24,N,17
41,31000,RENT,5,MEDICAL,E,3700,16.32,1,0.12,N,17
41,32004,RENT,2,HOMEIMPROVEMENT,D,1500,14.74,1,0.05,N,17
41,132000,MORTGAGE,3,DEBTCONSOLIDATION,C,8000,13.49,0,0.06,Y,17
41,85000,RENT,5,PERSONAL,C,3000,13.49,0,0.04,N,17
41,109920,MORTGAGE,18,DEBTCONSOLIDATION,C,20000,13.35,0,0.18,Y,17
41,54000,RENT,5,MEDICAL,C,10000,13.23,0,0.19,Y,17
41,52106,RENT,4,DEBTCONSOLIDATION,C,5000,12.84,1,0.1,N,17
41,150000,OWN,10,VENTURE,B,24500,11.83,0,0.16,N,17
41,46000,MORTGAGE,3,VENTURE,B,7700,11.71,0,0.17,N,17
41,102000,MORTGAGE,20,VENTURE,B,7500,11.49,0,0.07,N,17
41,50780,MORTGAGE,14,PERSONAL,B,6000,10.99,0,0.12,N,17
41,98000,MORTGAGE,18,MEDICAL,B,5000,10.99,0,0.05,N,17
41,31000,RENT,3,VENTURE,B,8000,10.38,0,0.26,N,17
41,56448,RENT,5,VENTURE,B,10000,9.99,0,0.18,N,17
41,110000,MORTGAGE,7,VENTURE,B,30000,9.91,0,0.27,N,17
41,62004,RENT,5,HOMEIMPROVEMENT,A,14000,8.9,0,0.23,N,17
41,50000,RENT,0,PERSONAL,B,6000,8.88,0,0.12,N,17
41,63000,RENT,1,PERSONAL,A,1500,8,0,0.02,N,17
41,480000,MORTGAGE,3,DEBTCONSOLIDATION,A,16000,7.9,0,0.03,N,17
41,70000,RENT,2,EDUCATION,A,10000,7.88,0,0.14,N,17
41,35100,MORTGAGE,3,EDUCATION,A,4650,7.88,0,0.13,N,17
41,24000,RENT,24,PERSONAL,A,2000,7.75,1,0.08,N,17
41,82000,MORTGAGE,18,HOMEIMPROVEMENT,A,12000,7.51,0,0.15,N,17
41,33240,OWN,,MEDICAL,A,1000,7.29,0,0.03,N,17
41,88000,MORTGAGE,5,HOMEIMPROVEMENT,A,4000,7.14,0,0.05,N,17
41,90000,MORTGAGE,3,PERSONAL,A,3000,7.14,0,0.03,N,17
41,54500,MORTGAGE,0,EDUCATION,A,7700,6.91,0,0.14,N,17
41,55000,MORTGAGE,17,PERSONAL,A,9000,5.99,0,0.16,N,17
41,60000,RENT,6,PERSONAL,A,5000,5.42,0,0.08,N,17
41,14400,RENT,,PERSONAL,B,1800,,0,0.13,N,17
41,60000,MORTGAGE,3,PERSONAL,E,16800,17.99,0,0.28,Y,16
41,108800,MORTGAGE,2,MEDICAL,E,15000,17.88,1,0.12,N,16
41,95000,RENT,3,VENTURE,D,10000,16.49,0,0.11,N,16
41,24000,RENT,2,MEDICAL,D,4000,16.07,1,0.17,N,16
41,58500,RENT,17,PERSONAL,D,7150,15.99,1,0.12,Y,16
41,39996,MORTGAGE,8,VENTURE,D,1200,15.21,0,0.03,N,16
41,103000,MORTGAGE,2,DEBTCONSOLIDATION,D,20000,14.61,1,0.19,Y,16
41,73000,RENT,0,EDUCATION,D,8550,14.3,1,0.12,N,16
41,381450,MORTGAGE,10,PERSONAL,C,35000,13.49,0,0.09,Y,16
41,28800,RENT,0,MEDICAL,C,9600,13.49,1,0.33,N,16
41,43000,RENT,2,MEDICAL,C,4000,13.23,0,0.09,N,16
41,75000,MORTGAGE,19,EDUCATION,C,5500,12.87,0,0.07,Y,16
41,55000,RENT,4,HOMEIMPROVEMENT,B,4200,12.69,0,0.08,N,16
41,26400,MORTGAGE,4,DEBTCONSOLIDATION,B,6000,12.21,1,0.23,N,16
41,42000,RENT,1,VENTURE,B,3200,12.18,0,0.08,N,16
41,62000,RENT,3,MEDICAL,B,7500,11.36,0,0.12,N,16
41,58650,MORTGAGE,15,MEDICAL,B,12000,11.14,1,0.17,N,16
41,46152,RENT,10,PERSONAL,B,14525,11.11,1,0.31,N,16
41,58000,RENT,16,PERSONAL,C,7500,11.03,0,0.13,Y,16
41,45840,RENT,5,PERSONAL,B,4600,10.99,0,0.1,N,16
41,47508,RENT,3,DEBTCONSOLIDATION,B,10000,10.74,0,0.21,N,16
41,91000,MORTGAGE,13,VENTURE,B,2400,10.74,0,0.03,N,16
41,23396,OWN,5,HOMEIMPROVEMENT,B,10000,10.38,0,0.43,N,16
41,35000,MORTGAGE,13,PERSONAL,B,1500,10.38,0,0.04,N,16
41,40000,MORTGAGE,5,MEDICAL,B,1500,10.36,0,0.04,N,16
41,62500,RENT,4,EDUCATION,B,14000,10.25,0,0.22,N,16
41,37200,RENT,4,PERSONAL,A,7000,9.32,0,0.19,N,16
41,33000,RENT,6,VENTURE,A,9400,8.9,0,0.28,N,16
41,28000,OWN,9,EDUCATION,A,2000,7.74,0,0.07,N,16
41,90000,OWN,12,VENTURE,A,8000,7.51,0,0.09,N,16
41,47000,MORTGAGE,19,DEBTCONSOLIDATION,A,7200,7.51,0,0.15,N,16
41,110496,RENT,3,HOMEIMPROVEMENT,A,20000,6.91,0,0.18,N,16
41,125000,MORTGAGE,,VENTURE,A,14975,6.03,0,0.12,N,16
41,56000,RENT,3,HOMEIMPROVEMENT,A,9000,5.99,0,0.16,N,16
41,30000,RENT,3,PERSONAL,A,8875,5.42,0,0.3,N,16
41,76000,MORTGAGE,17,HOMEIMPROVEMENT,A,4800,5.42,0,0.06,N,16
41,80000,OWN,24,VENTURE,B,17000,,0,0.21,N,16
41,23400,RENT,2,VENTURE,B,5375,,0,0.23,N,16
41,37000,RENT,2,MEDICAL,B,3000,,0,0.08,N,16
41,150000,RENT,13,PERSONAL,F,20000,19.47,0,0.13,N,15
41,66504,RENT,5,EDUCATION,E,25000,17.56,1,0.38,Y,15
41,113000,RENT,1,VENTURE,D,12000,16,1,0.11,Y,15
41,113000,RENT,1,PERSONAL,D,12000,16,1,0.11,N,15
41,75000,MORTGAGE,13,DEBTCONSOLIDATION,D,4800,15.58,1,0.06,Y,15
41,32000,RENT,0,MEDICAL,C,5000,13.98,0,0.16,N,15
41,98004,MORTGAGE,25,DEBTCONSOLIDATION,C,12000,13.57,0,0.12,N,15
41,90000,MORTGAGE,4,VENTURE,C,15000,13.49,0,0.17,N,15
41,42000,RENT,5,DEBTCONSOLIDATION,C,2000,13.23,0,0.05,Y,15
41,4000,RENT,0,MEDICAL,C,2000,13.22,1,0.5,Y,15
41,27340,RENT,7,DEBTCONSOLIDATION,C,1500,12.99,0,0.05,Y,15
41,33150,RENT,5,EDUCATION,C,11500,12.98,1,0.35,N,15
41,43439,RENT,,MEDICAL,C,15000,12.73,1,0.35,N,15
41,43439,RENT,,VENTURE,C,15000,12.73,1,0.35,Y,15
41,28800,RENT,2,MEDICAL,B,6500,12.69,0,0.23,N,15
41,55000,RENT,9,DEBTCONSOLIDATION,B,12000,12.53,0,0.22,N,15
41,56004,RENT,4,EDUCATION,B,12800,11.48,0,0.23,N,15
41,88712,RENT,2,VENTURE,B,16000,10.95,0,0.18,N,15
41,105000,MORTGAGE,4,VENTURE,B,21000,10.25,0,0.2,N,15
41,67500,RENT,3,HOMEIMPROVEMENT,B,7500,9.88,0,0.11,N,15
41,100000,MORTGAGE,10,EDUCATION,A,6000,8.49,0,0.06,N,15
41,62500,MORTGAGE,17,HOMEIMPROVEMENT,A,5000,8.49,0,0.08,N,15
41,92000,MORTGAGE,15,MEDICAL,A,12000,7.66,0,0.13,N,15
41,48000,RENT,0,MEDICAL,A,11000,7.66,0,0.23,N,15
41,40000,RENT,3,PERSONAL,A,9200,7.49,0,0.23,N,15
41,42000,RENT,2,VENTURE,A,5000,7.49,0,0.12,N,15
41,60000,RENT,7,HOMEIMPROVEMENT,A,23800,6.91,1,0.4,N,15
41,180000,RENT,16,DEBTCONSOLIDATION,A,14000,6.03,0,0.08,N,15
41,36000,RENT,5,DEBTCONSOLIDATION,A,10000,6.03,0,0.28,N,15
41,48000,RENT,7,EDUCATION,A,8000,5.99,0,0.17,N,15
41,55000,RENT,3,VENTURE,A,1500,5.99,0,0.03,N,15
41,30000,RENT,3,MEDICAL,A,8875,5.42,0,0.3,N,15
41,71000,MORTGAGE,1,DEBTCONSOLIDATION,B,12000,,0,0.17,N,15
41,65000,RENT,3,EDUCATION,C,10000,,0,0.15,N,15
41,39000,RENT,0,VENTURE,B,5000,,0,0.13,N,15
41,65500,MORTGAGE,12,VENTURE,A,3000,,0,0.05,N,15
41,21000,RENT,0,MEDICAL,B,3000,,0,0.14,N,15
41,24000,MORTGAGE,5,MEDICAL,A,1500,,0,0.06,N,15
41,34560,RENT,8,DEBTCONSOLIDATION,D,7550,16.89,1,0.22,N,14
41,26400,MORTGAGE,1,PERSONAL,D,10300,16.29,1,0.39,Y,14
41,24000,RENT,2,DEBTCONSOLIDATION,D,4000,16.07,1,0.17,N,14
41,225000,MORTGAGE,13,HOMEIMPROVEMENT,D,35000,15.62,0,0.16,N,14
41,39000,RENT,2,PERSONAL,D,8000,14.84,1,0.21,Y,14
41,381450,MORTGAGE,10,MEDICAL,C,35000,13.49,0,0.09,Y,14
41,42000,RENT,0,VENTURE,C,4000,13.43,0,0.1,N,14
41,250000,MORTGAGE,14,DEBTCONSOLIDATION,C,4200,13.11,0,0.02,N,14
41,45000,RENT,2,MEDICAL,C,16000,12.99,1,0.36,N,14
41,24000,OWN,3,EDUCATION,C,4500,12.99,0,0.19,Y,14
41,35400,RENT,11,VENTURE,C,1500,12.87,0,0.04,Y,14
41,110004,MORTGAGE,7,EDUCATION,C,25000,12.73,0,0.23,Y,14
41,41004,MORTGAGE,4,MEDICAL,B,10000,11.99,0,0.24,N,14
41,34800,RENT,4,DEBTCONSOLIDATION,B,5000,11.99,0,0.14,N,14
41,171194,MORTGAGE,9,HOMEIMPROVEMENT,B,25000,11.12,0,0.15,N,14
41,45840,RENT,5,DEBTCONSOLIDATION,B,4600,10.99,0,0.1,N,14
41,36684,RENT,0,MEDICAL,B,7500,10.96,0,0.2,N,14
41,100000,RENT,3,PERSONAL,B,12000,10.74,0,0.12,N,14
41,52000,MORTGAGE,25,DEBTCONSOLIDATION,A,1500,8.32,0,0.03,N,14
41,21600,RENT,2,MEDICAL,A,4000,7.51,0,0.19,N,14
41,71500,RENT,4,EDUCATION,A,10000,7.14,0,0.14,N,14
41,90000,MORTGAGE,3,EDUCATION,A,3000,7.14,0,0.03,N,14
41,54000,MORTGAGE,2,DEBTCONSOLIDATION,A,6000,6.17,0,0.11,N,14
41,45600,RENT,18,MEDICAL,A,5000,6.17,0,0.11,N,14
41,210000,RENT,1,PERSONAL,A,7500,6.03,0,0.04,N,14
41,21000,RENT,1,MEDICAL,A,5500,5.79,0,0.26,N,14
41,53000,MORTGAGE,20,VENTURE,C,11000,,0,0.21,Y,14
41,61000,MORTGAGE,16,PERSONAL,B,8500,,0,0.14,N,14
41,24000,MORTGAGE,5,DEBTCONSOLIDATION,A,1500,,0,0.06,N,14
41,49000,RENT,4,HOMEIMPROVEMENT,E,25000,17.04,1,0.51,N,13
41,70000,MORTGAGE,2,EDUCATION,E,14000,16.7,0,0.2,Y,13
41,31000,RENT,0,HOMEIMPROVEMENT,D,9250,16.49,1,0.3,N,13
41,69000,RENT,15,DEBTCONSOLIDATION,D,4000,16.29,1,0.06,N,13
41,17000,RENT,0,PERSONAL,C,1500,15.23,1,0.09,N,13
41,141000,MORTGAGE,12,DEBTCONSOLIDATION,D,25000,14.96,1,0.18,N,13
41,70000,MORTGAGE,1,EDUCATION,C,20000,14.26,0,0.29,N,13
41,90000,RENT,0,VENTURE,C,5000,14.26,0,0.06,Y,13
41,37000,OWN,0,VENTURE,C,10000,13.79,0,0.27,Y,13
41,21600,OWN,1,EDUCATION,C,3500,13.61,0,0.16,Y,13
41,60000,MORTGAGE,5,MEDICAL,C,3850,13.35,0,0.06,N,13
41,125000,MORTGAGE,7,DEBTCONSOLIDATION,C,20000,13.11,0,0.16,Y,13
41,39000,RENT,2,PERSONAL,C,3500,13.11,0,0.09,N,13
41,35000,MORTGAGE,18,VENTURE,C,1500,13.06,0,0.04,N,13
41,52106,RENT,4,EDUCATION,C,5000,12.84,1,0.1,N,13
41,65000,MORTGAGE,6,HOMEIMPROVEMENT,B,20000,12.21,0,0.31,N,13
41,118075,MORTGAGE,5,MEDICAL,B,28000,11.71,0,0.24,N,13
41,47000,MORTGAGE,5,EDUCATION,B,7500,11.12,0,0.16,N,13
41,30840,RENT,8,MEDICAL,B,6000,10.59,0,0.19,N,13
41,200000,MORTGAGE,2,VENTURE,B,1000,10.38,0,0.01,N,13
41,92000,MORTGAGE,5,HOMEIMPROVEMENT,B,8000,9.63,0,0.09,N,13
41,135000,MORTGAGE,2,MEDICAL,B,20000,9.25,0,0.15,N,13
41,70000,RENT,2,HOMEIMPROVEMENT,A,10000,7.88,0,0.14,N,13
41,52000,RENT,2,DEBTCONSOLIDATION,A,5000,7.88,0,0.1,N,13
41,92000,MORTGAGE,15,EDUCATION,A,12000,7.66,0,0.13,N,13
41,40000,RENT,3,PERSONAL,A,9200,7.49,0,0.23,N,13
41,43000,RENT,0,VENTURE,A,7000,7.43,0,0.16,N,13
41,60000,OWN,7,PERSONAL,A,12000,6.91,0,0.2,N,13
41,90000,MORTGAGE,23,VENTURE,A,13200,6.62,0,0.15,N,13
41,121200,RENT,1,VENTURE,A,10000,6.03,0,0.08,N,13
41,69350,RENT,5,EDUCATION,A,10800,5.42,0,0.16,N,13
41,28800,RENT,2,EDUCATION,C,1000,,0,0.03,N,13
41,19200,RENT,2,MEDICAL,D,2950,16.49,1,0.15,Y,12
41,75000,RENT,15,PERSONAL,D,4000,16.29,0,0.05,Y,12
41,87000,MORTGAGE,4,PERSONAL,D,9000,16,0,0.1,N,12
41,57000,RENT,3,PERSONAL,D,1200,15.99,0,0.02,Y,12
41,42600,RENT,0,VENTURE,D,10000,15.62,1,0.23,Y,12
41,138550,MORTGAGE,8,MEDICAL,D,23000,14.96,1,0.14,N,12
41,60000,MORTGAGE,18,EDUCATION,D,4900,14.09,0,0.08,Y,12
41,95000,OWN,2,MEDICAL,C,21600,13.92,0,0.23,Y,12
41,140000,MORTGAGE,3,VENTURE,C,25000,13.8,0,0.18,Y,12
41,21600,OWN,1,HOMEIMPROVEMENT,C,3500,13.61,0,0.16,N,12
41,125000,RENT,0,DEBTCONSOLIDATION,C,12000,13.49,0,0.1,Y,12
41,68000,RENT,0,EDUCATION,C,15000,13.47,0,0.22,Y,12
41,54000,MORTGAGE,6,VENTURE,C,5000,13.23,1,0.09,N,12
41,54000,MORTGAGE,6,HOMEIMPROVEMENT,C,5000,13.23,1,0.09,N,12
41,35000,MORTGAGE,18,DEBTCONSOLIDATION,C,1500,13.06,0,0.04,N,12
41,24000,OWN,3,EDUCATION,C,4500,12.99,0,0.19,Y,12
41,50000,RENT,0,PERSONAL,C,7000,12.87,0,0.14,Y,12
41,70000,MORTGAGE,2,PERSONAL,B,5000,12.69,0,0.07,N,12
41,83000,MORTGAGE,6,HOMEIMPROVEMENT,B,3000,11.83,0,0.04,N,12
41,56004,RENT,4,VENTURE,B,12800,11.48,0,0.23,N,12
41,70800,RENT,25,VENTURE,B,10000,11.36,0,0.14,N,12
41,32496,RENT,4,EDUCATION,B,2000,10.99,1,0.06,N,12
41,100000,RENT,3,VENTURE,B,12000,10.74,0,0.12,N,12
41,30600,RENT,0,DEBTCONSOLIDATION,B,6500,10.65,0,0.21,N,12
41,62903,MORTGAGE,4,MEDICAL,B,9600,10,1,0.13,N,12
41,45600,RENT,3,DEBTCONSOLIDATION,B,9000,10,0,0.2,N,12
41,250000,MORTGAGE,18,EDUCATION,B,5000,9.99,0,0.02,N,12
41,57996,MORTGAGE,2,PERSONAL,B,15000,9.62,0,0.26,N,12
41,38500,RENT,6,MEDICAL,A,7500,8.49,0,0.19,N,12
41,38500,RENT,6,DEBTCONSOLIDATION,A,7500,8.49,0,0.19,N,12
41,36000,MORTGAGE,5,VENTURE,A,2500,7.9,0,0.07,N,12
41,47000,OWN,2,PERSONAL,A,14000,7.88,0,0.3,N,12
41,57000,MORTGAGE,11,PERSONAL,A,10000,7.51,0,0.18,N,12
41,58000,MORTGAGE,12,DEBTCONSOLIDATION,A,1800,7.51,0,0.03,N,12
41,42000,RENT,2,MEDICAL,A,5000,7.49,0,0.12,N,12
41,102000,OWN,5,EDUCATION,A,7000,6.92,0,0.07,N,12
41,50000,MORTGAGE,24,DEBTCONSOLIDATION,A,5000,6.76,0,0.1,N,12
41,66000,MORTGAGE,20,VENTURE,A,10000,6.62,0,0.15,N,12
41,57600,RENT,6,PERSONAL,A,8000,6.03,0,0.14,N,12
41,95000,MORTGAGE,5,PERSONAL,B,25000,,0,0.26,N,12
41,32000,MORTGAGE,2,PERSONAL,C,6000,,0,0.19,N,12
41,38200,RENT,4,MEDICAL,E,8875,19.03,0,0.23,N,11
41,38200,RENT,4,MEDICAL,E,8875,19.03,0,0.23,Y,11
41,140000,MORTGAGE,2,EDUCATION,E,15000,17.88,0,0.11,N,11
41,444000,MORTGAGE,4,EDUCATION,D,2500,15.31,0,0.01,N,11
41,115000,MORTGAGE,2,PERSONAL,D,20000,14.61,0,0.17,N,11
41,95000,OWN,2,HOMEIMPROVEMENT,C,21600,13.92,0,0.23,Y,11
41,33000,RENT,2,MEDICAL,C,13750,13.79,1,0.42,Y,11
41,72000,OWN,1,HOMEIMPROVEMENT,C,10000,13.49,0,0.14,N,11
41,37000,MORTGAGE,3,EDUCATION,C,6000,12.99,0,0.16,N,11
41,37000,MORTGAGE,3,VENTURE,C,6000,12.99,0,0.16,N,11
41,58000,MORTGAGE,6,DEBTCONSOLIDATION,C,5200,12.87,0,0.09,N,11
41,43000,OWN,3,VENTURE,B,22800,12.21,0,0.53,N,11
41,70000,MORTGAGE,12,DEBTCONSOLIDATION,B,20800,12.21,0,0.3,N,11
41,102300,MORTGAGE,9,MEDICAL,B,8800,11.58,0,0.09,N,11
41,102300,MORTGAGE,9,EDUCATION,B,8800,11.58,0,0.09,N,11
41,75000,RENT,1,PERSONAL,B,20000,11.14,0,0.27,N,11
41,170000,MORTGAGE,11,MEDICAL,B,20000,11.11,0,0.12,N,11
41,60000,RENT,4,PERSONAL,B,10800,10.74,0,0.18,N,11
41,50000,RENT,0,MEDICAL,B,6000,10.71,0,0.12,N,11
41,268000,MORTGAGE,0,PERSONAL,B,24000,10.37,0,0.09,N,11
41,120000,MORTGAGE,8,MEDICAL,B,20000,10.25,0,0.17,N,11
41,144000,MORTGAGE,3,HOMEIMPROVEMENT,B,25000,10.08,0,0.17,N,11
41,110000,MORTGAGE,7,VENTURE,B,30000,9.91,0,0.27,N,11
41,78000,RENT,3,HOMEIMPROVEMENT,B,6000,9.63,0,0.08,N,11
41,51000,MORTGAGE,10,HOMEIMPROVEMENT,A,14500,8.94,0,0.28,N,11
41,137004,RENT,0,VENTURE,A,5600,8.59,0,0.04,N,11
41,47000,RENT,2,PERSONAL,A,5000,7.51,0,0.11,N,11
41,70800,MORTGAGE,25,PERSONAL,A,12000,6.62,0,0.17,N,11
41,180000,OWN,13,MEDICAL,A,14000,5.99,0,0.08,N,11
41,57253,MORTGAGE,,DEBTCONSOLIDATION,A,8500,5.79,0,0.15,N,11
41,61000,MORTGAGE,7,DEBTCONSOLIDATION,B,15000,,0,0.25,N,11
40,52000,RENT,2,EDUCATION,F,15000,18.62,1,0.29,Y,17
40,73000,RENT,2,PERSONAL,D,9975,16.29,1,0.14,Y,17
40,42996,OWN,15,EDUCATION,D,15000,16,0,0.35,Y,17
40,32000,RENT,2,DEBTCONSOLIDATION,D,8000,14.96,1,0.25,Y,17
40,66000,OWN,25,MEDICAL,C,6125,14.65,0,0.09,Y,17
40,133000,RENT,2,EDUCATION,D,35000,14.54,1,0.26,Y,17
40,52479,RENT,17,HOMEIMPROVEMENT,D,6600,14.54,1,0.13,N,17
40,160000,MORTGAGE,3,EDUCATION,C,12000,14.27,0,0.07,Y,17
40,24000,RENT,3,VENTURE,C,2700,14.27,0,0.11,Y,17
40,38004,RENT,2,MEDICAL,B,5600,11.58,0,0.15,N,17
40,50000,RENT,3,PERSONAL,B,2000,11.49,0,0.04,N,17
40,61500,RENT,3,PERSONAL,B,8000,11.48,0,0.13,N,17
40,55000,OWN,2,HOMEIMPROVEMENT,B,8000,11.36,0,0.15,N,17
40,21408,MORTGAGE,,MEDICAL,B,1500,11.12,0,0.07,N,17
40,176800,RENT,8,MEDICAL,B,25000,10.99,1,0.12,N,17
40,54000,RENT,7,PERSONAL,B,12000,10.62,0,0.22,N,17
40,53000,MORTGAGE,2,MEDICAL,B,3000,10.62,0,0.06,N,17
40,35000,MORTGAGE,3,EDUCATION,B,4000,10.37,0,0.11,N,17
40,63996,MORTGAGE,8,EDUCATION,B,12000,10.25,0,0.19,N,17
40,27599,RENT,6,VENTURE,B,3000,10.25,0,0.11,N,17
40,100010,MORTGAGE,11,PERSONAL,B,8000,9.99,0,0.08,N,17
40,28000,OWN,18,VENTURE,B,1600,9.99,0,0.06,N,17
40,110000,RENT,6,HOMEIMPROVEMENT,B,13000,9.91,0,0.12,N,17
40,71599,RENT,0,EDUCATION,A,6000,9.63,0,0.08,N,17
40,65000,RENT,1,HOMEIMPROVEMENT,B,5000,9.63,0,0.08,N,17
40,16800,RENT,8,PERSONAL,A,5000,8.94,1,0.3,N,17
40,187000,MORTGAGE,0,DEBTCONSOLIDATION,A,10000,7.9,0,0.05,N,17
40,64200,RENT,2,DEBTCONSOLIDATION,A,3000,7.74,0,0.05,N,17
40,70000,MORTGAGE,1,VENTURE,A,11600,6.91,0,0.17,N,17
40,75000,MORTGAGE,1,VENTURE,A,10000,6.62,0,0.13,N,17
40,45600,MORTGAGE,20,HOMEIMPROVEMENT,A,7000,6.62,0,0.15,N,17
40,210000,MORTGAGE,11,EDUCATION,A,20000,6.17,0,0.1,N,17
40,44000,RENT,9,MEDICAL,A,6200,5.42,0,0.14,N,17
40,114000,MORTGAGE,11,MEDICAL,A,6000,5.42,0,0.05,N,17
40,125000,RENT,1,DEBTCONSOLIDATION,B,24250,,0,0.19,N,17
40,50004,RENT,3,DEBTCONSOLIDATION,B,20000,,1,0.4,N,17
40,50000,MORTGAGE,1,PERSONAL,B,12000,,0,0.24,N,17
40,30000,RENT,2,VENTURE,B,10625,,1,0.35,N,17
40,164000,RENT,11,DEBTCONSOLIDATION,A,8000,,0,0.05,N,17
40,25920,OWN,2,HOMEIMPROVEMENT,D,4750,,0,0.18,N,17
40,96000,MORTGAGE,5,HOMEIMPROVEMENT,C,3200,,0,0.03,N,17
40,8628,OWN,,DEBTCONSOLIDATION,A,2500,,1,0.29,N,17
40,98004,RENT,4,DEBTCONSOLIDATION,F,25000,19.04,1,0.26,Y,16
40,52000,RENT,2,EDUCATION,F,15000,18.62,1,0.29,Y,16
40,108000,MORTGAGE,7,DEBTCONSOLIDATION,D,6000,17.27,1,0.06,N,16
40,158000,RENT,2,HOMEIMPROVEMENT,E,25000,16.82,1,0.16,N,16
40,96050,RENT,3,MEDICAL,D,11000,16.77,1,0.1,N,16
40,73000,RENT,2,VENTURE,D,9975,16.29,1,0.14,Y,16
40,42996,OWN,15,MEDICAL,D,15000,16,0,0.35,Y,16
40,38000,RENT,4,DEBTCONSOLIDATION,D,7000,15.99,1,0.18,N,16
40,38000,RENT,4,DEBTCONSOLIDATION,D,7000,15.99,1,0.18,N,16
40,60000,RENT,3,EDUCATION,D,5000,15.31,0,0.08,Y,16
40,50000,MORTGAGE,5,HOMEIMPROVEMENT,D,6000,14.96,0,0.12,Y,16
40,100300,MORTGAGE,2,MEDICAL,D,25000,14.83,1,0.21,N,16
40,28800,RENT,3,PERSONAL,C,4200,14.72,1,0.15,Y,16
40,85000,MORTGAGE,4,HOMEIMPROVEMENT,C,5000,14.27,0,0.06,N,16
40,84000,MORTGAGE,4,HOMEIMPROVEMENT,C,17925,14.26,0,0.21,N,16
40,36100,RENT,9,VENTURE,B,15250,12.53,1,0.42,N,16
40,75000,MORTGAGE,6,EDUCATION,C,7500,12.23,0,0.1,Y,16
40,35827,RENT,13,MEDICAL,B,5000,10.75,0,0.14,N,16
40,95000,OWN,12,HOMEIMPROVEMENT,B,5000,10.65,0,0.05,N,16
40,110000,RENT,0,EDUCATION,B,20000,10.38,0,0.18,N,16
40,86500,MORTGAGE,2,HOMEIMPROVEMENT,B,10000,10.25,0,0.12,N,16
40,136000,MORTGAGE,5,HOMEIMPROVEMENT,B,21000,9.99,0,0.15,N,16
40,98000,MORTGAGE,4,VENTURE,B,5200,9.63,0,0.05,N,16
40,65000,RENT,1,DEBTCONSOLIDATION,B,5000,9.63,0,0.08,N,16
40,49788,RENT,1,DEBTCONSOLIDATION,A,1500,9.32,0,0.03,N,16
40,40000,OWN,12,HOMEIMPROVEMENT,B,13750,8.88,0,0.34,N,16
40,46000,MORTGAGE,5,MEDICAL,A,10000,7.9,0,0.22,N,16
40,23004,OWN,2,MEDICAL,A,7750,7.88,0,0.34,N,16
40,29000,RENT,3,PERSONAL,A,10500,7.51,1,0.36,N,16
40,165000,MORTGAGE,18,DEBTCONSOLIDATION,A,9000,7.51,0,0.05,N,16
40,68000,RENT,12,VENTURE,A,7000,7.51,0,0.1,N,16
40,22800,RENT,0,MEDICAL,A,1500,7.29,0,0.07,N,16
40,130000,MORTGAGE,0,DEBTCONSOLIDATION,A,24250,6.17,0,0.19,N,16
40,148350,MORTGAGE,11,HOMEIMPROVEMENT,A,5000,6.03,0,0.03,N,16
40,53000,RENT,4,MEDICAL,A,4500,6.03,0,0.08,N,16
40,116000,MORTGAGE,3,VENTURE,C,12000,,0,0.1,N,16
40,40000,OWN,2,EDUCATION,E,10000,,0,0.25,N,16
40,1200000,MORTGAGE,1,MEDICAL,A,10000,,0,0.01,N,16
40,62000,OWN,5,DEBTCONSOLIDATION,D,4800,,0,0.08,N,16
40,35000,RENT,17,EDUCATION,A,2400,,0,0.07,N,16
40,33000,MORTGAGE,2,MEDICAL,B,1000,,0,0.03,N,16
40,54000,RENT,5,EDUCATION,D,3000,16.89,1,0.06,N,15
40,50000,MORTGAGE,5,PERSONAL,D,6000,14.96,0,0.12,N,15
40,74500,RENT,2,MEDICAL,C,3000,14.27,0,0.04,N,15
40,76000,RENT,1,PERSONAL,C,5000,13.72,0,0.07,Y,15
40,51500,RENT,1,VENTURE,B,12000,12.53,0,0.23,N,15
40,201400,RENT,2,EDUCATION,C,12450,12.23,0,0.06,N,15
40,233000,MORTGAGE,6,MEDICAL,B,15000,11.83,0,0.06,N,15
40,40008,OWN,20,PERSONAL,B,12000,11.71,0,0.3,N,15
40,10200,RENT,,HOMEIMPROVEMENT,B,3550,11.49,1,0.35,N,15
40,63000,RENT,2,HOMEIMPROVEMENT,B,13050,11.48,0,0.21,N,15
40,69996,RENT,6,MEDICAL,B,3000,10.75,0,0.04,N,15
40,28800,RENT,2,MEDICAL,B,4000,10.74,0,0.14,N,15
40,120000,MORTGAGE,2,VENTURE,B,17000,10.51,0,0.14,N,15
40,150000,MORTGAGE,5,PERSONAL,B,12000,10.37,0,0.08,N,15
40,28800,RENT,4,DEBTCONSOLIDATION,B,5400,10.37,0,0.19,N,15
40,95000,RENT,0,PERSONAL,B,17000,10,0,0.18,N,15
40,100010,MORTGAGE,11,MEDICAL,B,8000,9.99,0,0.08,N,15
40,27040,MORTGAGE,7,EDUCATION,B,6925,9.99,0,0.26,N,15
40,53000,RENT,2,MEDICAL,A,3000,9.32,0,0.06,N,15
40,81120,MORTGAGE,1,EDUCATION,B,24000,9.25,0,0.3,N,15
40,60000,MORTGAGE,1,MEDICAL,A,12000,8.94,0,0.2,N,15
40,62000,RENT,3,DEBTCONSOLIDATION,A,8000,8.49,0,0.13,N,15
40,150000,MORTGAGE,1,EDUCATION,A,7500,8.07,0,0.05,N,15
40,75000,RENT,3,EDUCATION,A,6500,7.9,0,0.09,N,15
40,32400,RENT,,HOMEIMPROVEMENT,A,6000,7.9,1,0.19,N,15
40,145000,MORTGAGE,5,DEBTCONSOLIDATION,A,15000,7.88,0,0.1,N,15
40,132000,MORTGAGE,7,HOMEIMPROVEMENT,A,7500,7.29,0,0.06,N,15
40,55000,MORTGAGE,6,EDUCATION,A,12000,6.62,0,0.22,N,15
40,50000,MORTGAGE,1,EDUCATION,B,12000,,0,0.24,N,15
40,25000,RENT,0,VENTURE,C,7000,,0,0.28,N,15
40,52200,MORTGAGE,3,PERSONAL,D,4000,,0,0.08,N,15
40,108000,OWN,,PERSONAL,A,3500,,0,0.03,N,15
40,33000,MORTGAGE,2,HOMEIMPROVEMENT,B,1000,,0,0.03,N,15
40,56448,RENT,,HOMEIMPROVEMENT,F,28000,18.62,1,0.5,N,14
40,28000,OWN,3,PERSONAL,D,12000,16,0,0.43,Y,14
40,60000,RENT,3,HOMEIMPROVEMENT,D,10000,15.95,0,0.17,N,14
40,142000,MORTGAGE,2,PERSONAL,D,25000,15.31,0,0.18,N,14
40,39960,RENT,0,EDUCATION,C,1000,15.23,0,0.03,Y,14
40,52000,MORTGAGE,6,HOMEIMPROVEMENT,C,7000,14.65,1,0.13,N,14
40,90000,RENT,1,EDUCATION,C,1500,14.27,0,0.02,Y,14
40,300000,MORTGAGE,3,VENTURE,C,16000,14.17,0,0.05,Y,14
40,30996,RENT,2,MEDICAL,C,1500,13.72,1,0.05,Y,14
40,69000,MORTGAGE,21,DEBTCONSOLIDATION,D,13200,13.24,1,0.19,Y,14
40,150000,MORTGAGE,2,PERSONAL,C,20000,12.99,0,0.13,N,14
40,60000,MORTGAGE,1,HOMEIMPROVEMENT,C,3500,12.99,0,0.06,Y,14
40,32878,RENT,6,VENTURE,C,13775,12.98,1,0.42,Y,14
40,43000,MORTGAGE,18,MEDICAL,C,2500,12.84,0,0.06,N,14
40,43000,MORTGAGE,18,PERSONAL,C,2500,12.84,0,0.06,N,14
40,95892,OWN,19,MEDICAL,B,15000,12.18,0,0.16,N,14
40,110000,MORTGAGE,14,PERSONAL,B,5000,11.49,0,0.05,N,14
40,51000,RENT,1,MEDICAL,B,4000,11.12,0,0.08,N,14
40,21408,MORTGAGE,,HOMEIMPROVEMENT,B,1500,11.12,0,0.07,N,14
40,142000,MORTGAGE,8,VENTURE,B,15000,10.99,0,0.11,N,14
40,550000,MORTGAGE,5,MEDICAL,B,8000,10.75,0,0.01,N,14
40,90000,MORTGAGE,2,DEBTCONSOLIDATION,B,2800,10.65,0,0.03,N,14
40,54000,RENT,7,PERSONAL,B,12000,10.62,0,0.22,N,14
40,56472,RENT,4,EDUCATION,B,15775,10.59,0,0.28,N,14
40,120000,MORTGAGE,6,PERSONAL,B,9600,10.59,0,0.08,N,14
40,86500,MORTGAGE,2,DEBTCONSOLIDATION,B,10000,10.25,0,0.12,N,14
40,32400,RENT,1,DEBTCONSOLIDATION,B,10000,10,1,0.31,N,14
40,57000,RENT,1,EDUCATION,B,3000,10,0,0.05,N,14
40,70032,MORTGAGE,14,EDUCATION,B,14000,9.99,0,0.2,N,14
40,32000,RENT,19,DEBTCONSOLIDATION,B,9600,9.88,0,0.3,N,14
40,54996,MORTGAGE,6,PERSONAL,B,6000,9.76,1,0.11,N,14
40,71599,RENT,0,PERSONAL,A,6000,9.63,0,0.08,N,14
40,114054,MORTGAGE,3,DEBTCONSOLIDATION,A,35000,8.9,0,0.31,N,14
40,40000,OWN,12,MEDICAL,B,13750,8.88,0,0.34,N,14
40,70000,MORTGAGE,6,EDUCATION,A,18000,7.9,0,0.26,N,14
40,46000,MORTGAGE,5,HOMEIMPROVEMENT,A,10000,7.9,0,0.22,N,14
40,55000,RENT,14,HOMEIMPROVEMENT,A,18000,7.88,1,0.33,N,14
40,55000,RENT,14,EDUCATION,A,18000,7.88,1,0.33,N,14
40,24000,RENT,2,MEDICAL,A,2800,7.88,0,0.12,N,14
40,62000,MORTGAGE,17,DEBTCONSOLIDATION,A,2600,7.66,0,0.04,N,14
40,75600,MORTGAGE,9,VENTURE,A,14000,7.51,0,0.19,N,14
40,125000,MORTGAGE,3,HOMEIMPROVEMENT,A,10200,7.49,0,0.08,N,14
40,59484,MORTGAGE,13,DEBTCONSOLIDATION,A,5500,7.14,0,0.09,N,14
40,35416,RENT,15,MEDICAL,A,2000,6.91,0,0.06,N,14
40,150000,MORTGAGE,18,MEDICAL,A,24000,6.62,0,0.16,N,14
40,74004,MORTGAGE,12,VENTURE,A,7125,6.62,0,0.1,N,14
40,74004,MORTGAGE,12,EDUCATION,A,7125,6.62,0,0.1,N,14
40,55000,MORTGAGE,2,VENTURE,A,3600,6.39,0,0.07,N,14
40,90996,MORTGAGE,9,HOMEIMPROVEMENT,A,22000,6.17,0,0.24,N,14
40,81000,MORTGAGE,10,HOMEIMPROVEMENT,A,20000,6.17,0,0.25,N,14
40,41760,MORTGAGE,,MEDICAL,A,18000,5.79,0,0.43,N,14
40,70000,MORTGAGE,16,HOMEIMPROVEMENT,A,12000,5.79,0,0.17,N,14
40,82531,MORTGAGE,1,MEDICAL,A,6000,,0,0.07,N,14
40,15600,OWN,2,EDUCATION,D,4000,15.7,1,0.26,Y,13
40,66000,OWN,25,PERSONAL,C,6125,14.65,0,0.09,N,13
40,45996,RENT,4,DEBTCONSOLIDATION,D,20000,14.61,1,0.43,Y,13
40,86000,RENT,0,EDUCATION,D,20000,14.54,1,0.23,Y,13
40,52479,RENT,17,PERSONAL,D,6600,14.54,1,0.13,N,13
40,66000,RENT,0,DEBTCONSOLIDATION,C,15575,14.27,0,0.24,Y,13
40,21600,RENT,2,HOMEIMPROVEMENT,D,3000,14.09,1,0.14,Y,13
40,28000,RENT,2,VENTURE,C,5000,12.99,0,0.18,Y,13
40,34500,RENT,2,PERSONAL,D,5400,12.61,1,0.16,N,13
40,83000,MORTGAGE,7,EDUCATION,B,2800,12.18,1,0.03,N,13
40,19200,RENT,2,VENTURE,B,1800,11.99,0,0.09,N,13
40,85000,RENT,5,HOMEIMPROVEMENT,B,18000,11.48,0,0.21,N,13
40,117000,RENT,4,HOMEIMPROVEMENT,B,10625,11.14,0,0.09,N,13
40,60000,RENT,0,DEBTCONSOLIDATION,B,6500,11.11,0,0.11,N,13
40,90000,RENT,1,EDUCATION,B,2800,11.11,0,0.03,N,13
40,275004,MORTGAGE,2,MEDICAL,B,24500,10.99,0,0.09,N,13
40,167000,RENT,2,VENTURE,B,22000,10.99,0,0.13,N,13
40,35000,MORTGAGE,6,VENTURE,B,5600,10.65,0,0.16,N,13
40,82000,RENT,2,MEDICAL,B,14000,10.37,0,0.17,N,13
40,45760,RENT,8,MEDICAL,B,13650,10.25,0,0.3,N,13
40,48000,RENT,1,VENTURE,B,6000,10.08,0,0.13,N,13
40,136000,MORTGAGE,5,EDUCATION,B,21000,9.99,0,0.15,N,13
40,60000,OWN,5,VENTURE,A,12000,9.63,0,0.2,N,13
40,44940,RENT,2,EDUCATION,A,9000,8.94,0,0.2,N,13
40,35820,RENT,0,PERSONAL,B,3275,8.88,0,0.09,N,13
40,250000,MORTGAGE,8,EDUCATION,A,28000,7.9,0,0.11,N,13
40,87048,MORTGAGE,11,PERSONAL,A,17600,7.9,0,0.2,N,13
40,65000,RENT,4,MEDICAL,A,8700,7.88,0,0.13,N,13
40,64200,RENT,2,EDUCATION,A,3000,7.74,0,0.05,N,13
40,125000,MORTGAGE,3,PERSONAL,A,10200,7.49,0,0.08,N,13
40,55182,RENT,0,VENTURE,A,6000,6.99,0,0.11,N,13
40,45000,MORTGAGE,5,HOMEIMPROVEMENT,A,3600,6.62,0,0.08,N,13
40,54000,MORTGAGE,19,PERSONAL,A,5000,5.42,0,0.09,N,13
40,172800,RENT,9,DEBTCONSOLIDATION,B,20000,,0,0.12,N,13
40,30000,RENT,2,VENTURE,B,10625,,1,0.35,N,13
40,31504,RENT,13,MEDICAL,E,10000,,1,0.32,N,13
40,62400,MORTGAGE,7,EDUCATION,F,7000,19.13,0,0.11,N,12
40,62540,MORTGAGE,5,MEDICAL,F,7500,19.04,1,0.1,Y,12
40,58000,MORTGAGE,9,EDUCATION,E,8000,18.79,0,0.14,Y,12
40,54400,MORTGAGE,16,MEDICAL,F,25000,18.09,1,0.39,N,12
40,182004,MORTGAGE,7,HOMEIMPROVEMENT,D,25000,16.07,0,0.14,Y,12
40,71000,MORTGAGE,5,EDUCATION,E,7000,15.38,0,0.1,Y,12
40,30000,RENT,4,MEDICAL,D,5500,14.74,0,0.18,N,12
40,54000,RENT,4,PERSONAL,C,15000,14.26,0,0.28,N,12
40,36000,OWN,4,EDUCATION,C,2000,13.57,0,0.06,Y,12
40,42996,MORTGAGE,5,VENTURE,C,8400,13.49,0,0.2,Y,12
40,132000,RENT,18,DEBTCONSOLIDATION,C,11200,12.68,0,0.08,N,12
40,70000,RENT,2,DEBTCONSOLIDATION,B,16000,11.99,0,0.23,N,12
40,52000,MORTGAGE,7,DEBTCONSOLIDATION,B,15250,11.86,0,0.29,N,12
40,108000,RENT,10,HOMEIMPROVEMENT,B,9000,11.86,1,0.08,N,12
40,233000,MORTGAGE,6,VENTURE,B,15000,11.83,0,0.06,N,12
40,550000,MORTGAGE,4,VENTURE,B,18000,11.12,0,0.03,N,12
40,15864,RENT,,MEDICAL,B,2375,11.11,0,0.15,N,12
40,15864,RENT,,DEBTCONSOLIDATION,B,2375,11.11,0,0.15,N,12
40,150000,MORTGAGE,5,PERSONAL,B,12000,10.37,0,0.08,N,12
40,63996,MORTGAGE,8,EDUCATION,B,12000,10.25,0,0.19,N,12
40,95000,RENT,0,HOMEIMPROVEMENT,B,17000,10,0,0.18,N,12
40,13273,RENT,3,DEBTCONSOLIDATION,B,3850,9.99,1,0.29,N,12
40,70000,MORTGAGE,6,MEDICAL,A,18000,7.9,0,0.26,N,12
40,72000,MORTGAGE,18,DEBTCONSOLIDATION,A,14500,7.88,0,0.2,N,12
40,80004,MORTGAGE,15,EDUCATION,A,9500,7.51,0,0.12,N,12
40,14400,OWN,10,HOMEIMPROVEMENT,A,8000,7.14,1,0.56,N,12
40,60000,MORTGAGE,2,HOMEIMPROVEMENT,A,14400,5.42,0,0.24,N,12
40,77000,MORTGAGE,9,EDUCATION,B,12000,,0,0.16,N,12
40,34560,MORTGAGE,3,MEDICAL,B,10000,,0,0.29,N,12
40,44000,RENT,0,PERSONAL,A,6000,,1,0.14,N,12
40,540600,MORTGAGE,8,MEDICAL,D,35000,15.99,1,0.06,Y,11
40,48000,MORTGAGE,2,HOMEIMPROVEMENT,D,8000,15.95,0,0.17,N,11
40,63000,RENT,4,EDUCATION,C,7700,15.23,0,0.12,Y,11
40,45996,RENT,4,DEBTCONSOLIDATION,D,20000,14.61,1,0.43,N,11
40,60000,MORTGAGE,1,VENTURE,D,4800,14.59,0,0.08,N,11
40,73100,RENT,0,MEDICAL,D,20000,14.54,1,0.23,Y,11
40,33600,RENT,8,EDUCATION,E,19275,14.5,1,0.57,N,11
40,24000,RENT,3,PERSONAL,C,2700,14.27,0,0.11,Y,11
40,54000,MORTGAGE,3,HOMEIMPROVEMENT,C,6000,13.49,0,0.11,N,11
40,30000,OWN,4,HOMEIMPROVEMENT,C,5000,13.43,0,0.17,Y,11
40,32878,RENT,6,HOMEIMPROVEMENT,C,13775,12.98,1,0.42,N,11
40,85000,MORTGAGE,1,EDUCATION,C,10000,12.87,0,0.12,N,11
40,75996,MORTGAGE,0,MEDICAL,C,3600,12.87,0,0.05,N,11
40,132000,RENT,18,EDUCATION,C,11200,12.68,0,0.08,Y,11
40,69996,OTHER,24,HOMEIMPROVEMENT,B,6000,12.53,0,0.09,N,11
40,41000,MORTGAGE,2,HOMEIMPROVEMENT,C,6000,12.53,0,0.15,N,11
40,83000,RENT,3,HOMEIMPROVEMENT,D,23000,12.36,1,0.28,Y,11
40,37440,MORTGAGE,3,PERSONAL,B,10000,11.14,0,0.27,N,11
40,115000,MORTGAGE,16,HOMEIMPROVEMENT,B,10000,11.11,1,0.09,N,11
40,45000,RENT,15,EDUCATION,B,24000,10.65,1,0.53,N,11
40,95000,OWN,12,MEDICAL,B,5000,10.65,0,0.05,N,11
40,38000,RENT,16,VENTURE,B,11000,10.37,0,0.29,N,11
40,14400,RENT,0,MEDICAL,B,1000,9.25,0,0.07,N,11
40,68000,MORTGAGE,1,PERSONAL,A,9200,8.94,0,0.14,N,11
40,80000,RENT,0,MEDICAL,A,6000,8.94,0,0.07,N,11
40,80000,RENT,0,PERSONAL,A,6000,8.94,0,0.07,N,11
40,35820,RENT,0,MEDICAL,B,3275,8.88,0,0.09,N,11
40,53000,RENT,2,HOMEIMPROVEMENT,A,12000,7.88,0,0.23,N,11
40,25000,OWN,2,VENTURE,A,8500,7.51,0,0.34,N,11
40,68000,RENT,12,HOMEIMPROVEMENT,A,7000,7.51,0,0.1,N,11
40,58500,RENT,3,EDUCATION,A,5000,7.49,0,0.09,N,11
40,75000,RENT,6,EDUCATION,A,15000,7.29,0,0.2,N,11
40,39500,OWN,0,PERSONAL,A,10000,7.29,0,0.25,N,11
40,59484,MORTGAGE,13,VENTURE,A,5500,7.14,0,0.09,N,11
40,148350,MORTGAGE,11,VENTURE,A,5000,6.03,0,0.03,N,11
40,120000,OWN,15,MEDICAL,B,20000,,0,0.17,N,11
39,82000,MORTGAGE,7,HOMEIMPROVEMENT,E,8000,19.42,0,0.1,Y,17
39,61000,MORTGAGE,3,VENTURE,D,14000,16.29,0,0.23,Y,17
39,78000,RENT,3,HOMEIMPROVEMENT,D,25000,16.02,1,0.32,N,17
39,40800,RENT,4,MEDICAL,D,14000,16,1,0.34,Y,17
39,115000,MORTGAGE,6,VENTURE,D,25000,15.58,0,0.22,Y,17
39,325000,MORTGAGE,14,PERSONAL,D,18000,14.96,0,0.06,Y,17
39,44000,RENT,11,MEDICAL,D,1800,14.91,1,0.04,N,17
39,18300,RENT,0,EDUCATION,D,1200,14.74,1,0.07,N,17
39,38500,MORTGAGE,7,MEDICAL,C,3500,13.98,0,0.09,Y,17
39,101000,MORTGAGE,17,EDUCATION,C,2500,13.47,0,0.02,Y,17
39,80000,MORTGAGE,18,MEDICAL,C,5600,13.43,0,0.07,N,17
39,48000,RENT,3,MEDICAL,C,8400,12.53,0,0.17,Y,17
39,70000,RENT,5,EDUCATION,B,13000,11.99,0,0.19,N,17
39,51000,OWN,12,EDUCATION,C,12000,11.34,0,0.24,N,17
39,57000,MORTGAGE,16,EDUCATION,B,6300,10.99,0,0.11,N,17
39,65000,RENT,12,VENTURE,B,20000,10.74,1,0.31,N,17
39,42000,OWN,5,PERSONAL,B,8000,10.38,0,0.19,N,17
39,134000,MORTGAGE,,VENTURE,B,25000,10.25,0,0.19,N,17
39,150000,RENT,0,HOMEIMPROVEMENT,B,20000,10.08,0,0.13,N,17
39,29894,OWN,23,HOMEIMPROVEMENT,B,8000,9.63,0,0.27,N,17
39,44000,MORTGAGE,2,MEDICAL,B,8000,9.63,0,0.18,N,17
39,97000,RENT,15,PERSONAL,B,3000,9.25,0,0.03,N,17
39,32280,RENT,22,PERSONAL,B,2400,8.88,0,0.07,N,17
39,27040,MORTGAGE,0,HOMEIMPROVEMENT,A,4800,8.59,0,0.18,N,17
39,61250,MORTGAGE,0,PERSONAL,A,5200,8.49,0,0.08,N,17
39,44500,RENT,5,MEDICAL,A,6000,7.88,0,0.13,N,17
39,60000,RENT,4,DEBTCONSOLIDATION,A,4300,7.49,0,0.07,N,17
39,53000,RENT,15,EDUCATION,A,6500,7.29,0,0.12,N,17
39,121200,MORTGAGE,16,VENTURE,A,1450,6.76,0,0.01,N,17
39,40000,RENT,2,EDUCATION,A,5200,6.62,0,0.13,N,17
39,17760,OWN,0,MEDICAL,A,4375,5.42,1,0.25,N,17
39,23000,RENT,,MEDICAL,A,7200,,1,0.31,N,17
39,37000,RENT,6,PERSONAL,A,5000,,0,0.14,N,17
39,52273,RENT,3,EDUCATION,B,5000,,0,0.1,N,17
39,34000,RENT,1,HOMEIMPROVEMENT,D,14000,17.58,1,0.41,N,16
39,30000,RENT,6,DEBTCONSOLIDATION,D,9000,16.89,1,0.3,N,16
39,30000,RENT,1,HOMEIMPROVEMENT,E,7675,16,1,0.26,Y,16
39,100300,RENT,2,MEDICAL,D,25000,15.7,1,0.21,Y,16
39,92000,MORTGAGE,1,PERSONAL,C,20000,14.79,0,0.22,N,16
39,28800,RENT,4,PERSONAL,C,3250,14.72,0,0.11,N,16
39,48000,RENT,4,MEDICAL,D,20500,14.59,1,0.43,N,16
39,40000,RENT,5,PERSONAL,D,6000,14.54,0,0.15,N,16
39,100000,MORTGAGE,0,VENTURE,D,6000,14.11,0,0.06,N,16
39,98000,MORTGAGE,22,MEDICAL,C,8000,13.49,0,0.08,Y,16
39,48000,RENT,0,VENTURE,C,10000,13.22,0,0.21,N,16
39,35000,RENT,8,MEDICAL,C,8000,13.22,0,0.23,N,16
39,64000,RENT,9,DEBTCONSOLIDATION,C,4800,12.73,0,0.07,N,16
39,73000,MORTGAGE,2,EDUCATION,B,5000,11.86,1,0.07,N,16
39,65000,RENT,4,HOMEIMPROVEMENT,B,16000,11.83,0,0.25,N,16
39,54000,MORTGAGE,0,PERSONAL,B,6000,11.83,1,0.11,N,16
39,54000,MORTGAGE,17,PERSONAL,B,25000,11.49,0,0.46,N,16
39,201000,RENT,6,VENTURE,B,13500,11.49,0,0.07,N,16
39,37800,RENT,5,DEBTCONSOLIDATION,B,7000,11.49,0,0.19,N,16
39,31200,RENT,2,EDUCATION,B,6400,11.49,0,0.21,N,16
39,110000,RENT,17,MEDICAL,B,21000,11.11,0,0.19,N,16
39,67000,RENT,6,VENTURE,B,16000,10.99,0,0.24,N,16
39,94000,RENT,1,EDUCATION,B,3000,10.99,0,0.03,N,16
39,58000,RENT,5,EDUCATION,B,21000,10.83,1,0.36,N,16
39,39996,RENT,1,VENTURE,B,12000,10.74,0,0.3,N,16
39,12000,RENT,,DEBTCONSOLIDATION,B,2000,10.65,1,0.17,N,16
39,40000,OWN,4,VENTURE,B,1000,10.37,0,0.03,N,16
39,40000,OWN,4,VENTURE,B,1000,10.37,0,0.03,N,16
39,39000,RENT,7,DEBTCONSOLIDATION,B,1500,10.36,1,0.04,N,16
39,66200,MORTGAGE,5,VENTURE,B,13750,9.88,0,0.21,N,16
39,34000,MORTGAGE,1,VENTURE,B,5200,9.76,0,0.15,N,16
39,68640,RENT,2,MEDICAL,B,12000,9.33,0,0.17,N,16
39,85000,RENT,3,PERSONAL,A,10000,9.32,0,0.12,N,16
39,57996,MORTGAGE,10,HOMEIMPROVEMENT,A,8000,7.88,0,0.14,N,16
39,24000,RENT,0,DEBTCONSOLIDATION,A,4800,7.49,0,0.2,N,16
39,39996,RENT,9,EDUCATION,A,8000,7.14,0,0.2,N,16
39,30000,RENT,7,VENTURE,A,8450,5.99,0,0.28,N,16
39,55000,MORTGAGE,8,PERSONAL,A,10000,5.42,0,0.18,N,16
39,48000,MORTGAGE,,MEDICAL,A,3000,5.42,0,0.06,N,16
39,43680,RENT,9,MEDICAL,B,16000,,1,0.37,N,16
39,32400,RENT,3,MEDICAL,B,7000,,0,0.22,N,16
39,36000,RENT,3,MEDICAL,A,5000,,0,0.14,N,16
39,38500,RENT,0,MEDICAL,B,3000,,0,0.08,N,16
39,49993,MORTGAGE,10,DEBTCONSOLIDATION,D,12600,16.89,1,0.25,N,15
39,45500,RENT,4,PERSONAL,D,10000,16.29,0,0.22,N,15
39,98000,MORTGAGE,0,HOMEIMPROVEMENT,D,35000,15.99,0,0.36,N,15
39,30400,RENT,2,MEDICAL,D,10000,15.7,1,0.33,Y,15
39,37200,RENT,1,EDUCATION,C,5000,15.62,1,0.13,N,15
39,60520,RENT,6,MEDICAL,D,6000,15.33,1,0.08,Y,15
39,30000,RENT,3,DEBTCONSOLIDATION,C,2300,14.79,0,0.08,Y,15
39,45000,MORTGAGE,3,DEBTCONSOLIDATION,C,12000,14.72,0,0.27,N,15
39,128000,MORTGAGE,12,HOMEIMPROVEMENT,C,20000,13.11,1,0.16,Y,15
39,38400,RENT,5,EDUCATION,C,3500,12.99,0,0.09,Y,15
39,90000,MORTGAGE,9,HOMEIMPROVEMENT,D,22000,12.67,0,0.24,Y,15
39,55059,RENT,16,DEBTCONSOLIDATION,B,24000,12.53,1,0.44,N,15
39,75000,RENT,0,PERSONAL,B,14400,12.53,0,0.19,N,15
39,17721,OWN,0,DEBTCONSOLIDATION,C,3975,11.97,1,0.22,Y,15
39,72000,MORTGAGE,9,DEBTCONSOLIDATION,B,15000,11.86,0,0.21,N,15
39,85000,MORTGAGE,2,VENTURE,B,5000,11.86,0,0.06,N,15
39,50000,RENT,8,PERSONAL,B,12000,11.71,0,0.24,N,15
39,31200,RENT,2,PERSONAL,B,6400,11.49,0,0.21,N,15
39,67000,MORTGAGE,4,HOMEIMPROVEMENT,B,15000,10.37,0,0.22,N,15
39,55000,RENT,0,MEDICAL,B,3000,10.2,0,0.05,N,15
39,48840,MORTGAGE,5,PERSONAL,B,15000,9.88,0,0.31,N,15
39,53800,RENT,1,HOMEIMPROVEMENT,B,7000,9.62,0,0.13,N,15
39,150000,MORTGAGE,9,EDUCATION,A,30000,8.9,0,0.2,N,15
39,35000,OWN,2,PERSONAL,A,6800,8.49,0,0.19,N,15
39,34000,RENT,3,PERSONAL,A,5000,8.49,1,0.15,N,15
39,45000,MORTGAGE,2,PERSONAL,A,3000,7.9,0,0.07,N,15
39,70000,MORTGAGE,13,DEBTCONSOLIDATION,A,8400,7.88,0,0.12,N,15
39,60000,MORTGAGE,20,MEDICAL,A,7000,7.68,0,0.12,N,15
39,44000,MORTGAGE,14,PERSONAL,A,2500,7.68,0,0.06,N,15
39,84000,OWN,12,EDUCATION,A,9875,7.51,0,0.12,N,15
39,61766,MORTGAGE,4,EDUCATION,A,5500,7.14,0,0.09,N,15
39,105201,MORTGAGE,20,VENTURE,A,15000,6.91,0,0.14,N,15
39,75000,RENT,0,VENTURE,A,8000,6.54,0,0.11,N,15
39,70000,MORTGAGE,6,EDUCATION,A,10000,6.17,0,0.14,N,15
39,73500,RENT,1,EDUCATION,C,18000,,0,0.24,Y,15
39,63000,MORTGAGE,0,PERSONAL,A,15000,,0,0.24,N,15
39,76644,RENT,2,VENTURE,A,6400,,0,0.08,N,15
39,75000,MORTGAGE,13,MEDICAL,B,6000,,0,0.08,N,15
39,60000,OWN,7,VENTURE,D,6800,17.49,0,0.11,Y,14
39,83400,RENT,2,EDUCATION,E,10000,16.4,1,0.12,Y,14
39,67000,RENT,4,EDUCATION,D,9800,16.29,0,0.15,Y,14
39,130000,OWN,13,HOMEIMPROVEMENT,D,25000,16.07,0,0.19,N,14
39,56100,MORTGAGE,23,MEDICAL,D,8000,16.07,1,0.12,N,14
39,65000,MORTGAGE,3,EDUCATION,D,6000,15.62,0,0.09,Y,14
39,60000,RENT,2,DEBTCONSOLIDATION,C,6000,15.27,0,0.1,N,14
39,325000,MORTGAGE,14,PERSONAL,D,18000,14.96,0,0.06,Y,14
39,60000,MORTGAGE,1,EDUCATION,C,17000,14.65,0,0.28,Y,14
39,49000,RENT,2,DEBTCONSOLIDATION,D,12000,14.59,1,0.24,N,14
39,108000,MORTGAGE,2,HOMEIMPROVEMENT,D,20000,14.54,1,0.19,Y,14
39,164000,MORTGAGE,18,VENTURE,C,35000,13.99,0,0.21,Y,14
39,42000,RENT,4,MEDICAL,C,6500,13.99,0,0.15,Y,14
39,55000,OWN,3,HOMEIMPROVEMENT,C,13000,13.98,0,0.24,N,14
39,117996,RENT,6,HOMEIMPROVEMENT,D,7500,13.24,1,0.06,Y,14
39,35000,RENT,8,EDUCATION,C,8000,13.22,0,0.23,Y,14
39,170000,RENT,9,DEBTCONSOLIDATION,C,17000,12.99,0,0.1,N,14
39,72000,RENT,5,MEDICAL,B,20000,12.69,0,0.28,N,14
39,95000,OWN,6,HOMEIMPROVEMENT,B,8000,12.69,0,0.08,N,14
39,44000,RENT,5,MEDICAL,B,8000,12.53,0,0.18,N,14
39,201000,RENT,6,VENTURE,B,13500,11.49,0,0.07,N,14
39,70000,RENT,3,PERSONAL,B,18000,11.14,0,0.26,N,14
39,38400,RENT,5,VENTURE,B,10850,10.99,0,0.28,N,14
39,84998,RENT,5,PERSONAL,B,4500,10.99,0,0.05,N,14
39,30000,RENT,3,PERSONAL,B,6000,10.75,0,0.2,N,14
39,28650,MORTGAGE,1,MEDICAL,B,8000,10.37,0,0.28,N,14
39,60000,RENT,3,HOMEIMPROVEMENT,B,3800,10.37,0,0.06,N,14
39,126000,MORTGAGE,3,MEDICAL,B,14000,9.99,0,0.11,N,14
39,60000,RENT,3,PERSONAL,B,8000,9.88,0,0.13,N,14
39,57000,MORTGAGE,0,DEBTCONSOLIDATION,A,3000,9.63,0,0.05,N,14
39,23000,OWN,6,MEDICAL,A,6400,8.9,0,0.28,N,14
39,40800,OWN,0,HOMEIMPROVEMENT,A,3500,8.59,0,0.09,N,14
39,275000,RENT,12,PERSONAL,A,12000,8.49,0,0.04,N,14
39,36000,RENT,2,MEDICAL,A,6000,8.49,0,0.17,N,14
39,70000,MORTGAGE,11,MEDICAL,A,19500,7.9,0,0.28,N,14
39,70000,RENT,8,MEDICAL,A,16000,7.9,0,0.23,N,14
39,65000,MORTGAGE,17,EDUCATION,A,15000,7.9,0,0.23,N,14
39,75000,MORTGAGE,6,DEBTCONSOLIDATION,A,16000,7.88,0,0.21,N,14
39,50000,MORTGAGE,1,EDUCATION,A,8000,7.68,0,0.16,N,14
39,43000,MORTGAGE,3,HOMEIMPROVEMENT,A,6250,7.68,0,0.15,N,14
39,73000,MORTGAGE,3,VENTURE,A,10000,7.51,0,0.14,N,14
39,84000,OWN,12,VENTURE,A,9875,7.51,0,0.12,N,14
39,25000,OWN,16,PERSONAL,A,8000,7.51,0,0.32,N,14
39,47471,MORTGAGE,5,DEBTCONSOLIDATION,A,5000,7.51,0,0.11,N,14
39,60000,MORTGAGE,19,VENTURE,A,15000,6.91,0,0.25,N,14
39,60000,MORTGAGE,6,DEBTCONSOLIDATION,A,12800,6.62,0,0.21,N,14
39,76000,MORTGAGE,8,HOMEIMPROVEMENT,A,5000,6.03,0,0.07,N,14
39,182500,RENT,2,DEBTCONSOLIDATION,A,12500,5.42,0,0.07,N,14
39,28500,RENT,1,VENTURE,B,2000,,0,0.07,N,14
39,59000,RENT,0,PERSONAL,F,2500,18.78,1,0.04,N,13
39,88400,MORTGAGE,20,MEDICAL,F,25000,18.3,1,0.24,N,13
39,78200,RENT,18,MEDICAL,D,24250,16,1,0.26,Y,13
39,20400,RENT,3,MEDICAL,C,6000,15.27,0,0.29,Y,13
39,250000,MORTGAGE,21,VENTURE,C,4000,15.23,0,0.02,N,13
39,86000,RENT,19,HOMEIMPROVEMENT,D,6000,14.84,0,0.07,Y,13
39,45000,MORTGAGE,3,PERSONAL,C,12000,14.72,0,0.27,N,13
39,64000,RENT,4,EDUCATION,C,23500,14.26,1,0.37,N,13
39,25140,RENT,8,DEBTCONSOLIDATION,C,1500,14.22,1,0.06,Y,13
39,41725,RENT,4,VENTURE,D,11500,14.09,0,0.28,Y,13
39,48279,OWN,7,VENTURE,C,4800,13.98,0,0.1,N,13
39,68000,MORTGAGE,1,PERSONAL,C,16000,13.49,0,0.24,Y,13
39,80000,MORTGAGE,18,PERSONAL,C,5600,13.43,0,0.07,N,13
39,80000,MORTGAGE,0,HOMEIMPROVEMENT,C,19800,13.23,0,0.25,Y,13
39,55000,RENT,2,EDUCATION,C,6000,12.99,0,0.11,N,13
39,62400,RENT,7,PERSONAL,C,20000,12.68,1,0.32,N,13
39,44531,RENT,0,DEBTCONSOLIDATION,B,15000,12.53,1,0.34,N,13
39,78840,MORTGAGE,18,DEBTCONSOLIDATION,B,15000,11.71,0,0.19,N,13
39,47004,RENT,12,MEDICAL,B,3000,11.49,0,0.06,N,13
39,56004,MORTGAGE,1,HOMEIMPROVEMENT,B,6000,11.36,0,0.11,N,13
39,80000,OWN,0,MEDICAL,C,5000,11.22,0,0.06,N,13
39,19404,MORTGAGE,0,MEDICAL,B,6000,11.14,1,0.31,N,13
39,200000,MORTGAGE,19,EDUCATION,B,18000,10.99,0,0.09,N,13
39,55000,RENT,3,VENTURE,B,10000,10.99,0,0.18,N,13
39,48500,RENT,1,PERSONAL,B,5000,10.99,0,0.1,N,13
39,85000,RENT,7,EDUCATION,B,12000,10.74,0,0.14,N,13
39,73882,RENT,17,MEDICAL,B,7000,9.91,0,0.09,N,13
39,85000,MORTGAGE,1,PERSONAL,A,12000,9.32,0,0.14,N,13
39,97000,RENT,15,DEBTCONSOLIDATION,B,3000,9.25,0,0.03,N,13
39,30000,MORTGAGE,,EDUCATION,A,10375,8.9,0,0.35,N,13
39,27040,MORTGAGE,0,DEBTCONSOLIDATION,A,4800,8.59,0,0.18,N,13
39,70000,MORTGAGE,7,VENTURE,A,12500,7.9,0,0.18,N,13
39,30500,RENT,3,PERSONAL,A,3600,7.68,0,0.12,N,13
39,73000,MORTGAGE,3,DEBTCONSOLIDATION,A,10000,7.51,0,0.14,N,13
39,170000,MORTGAGE,16,MEDICAL,A,32000,7.49,0,0.19,N,13
39,119000,RENT,2,EDUCATION,A,10800,7.49,0,0.09,N,13
39,200000,MORTGAGE,3,PERSONAL,A,4800,7.49,0,0.02,N,13
39,108000,MORTGAGE,3,HOMEIMPROVEMENT,A,12000,6.99,1,0.11,N,13
39,50000,RENT,5,PERSONAL,A,5500,6.54,0,0.11,N,13
39,40000,OWN,4,HOMEIMPROVEMENT,A,15000,5.42,0,0.38,N,13
39,100000,MORTGAGE,5,VENTURE,B,12000,,0,0.12,N,13
39,64000,MORTGAGE,2,DEBTCONSOLIDATION,E,8750,,1,0.14,Y,13
39,45000,MORTGAGE,4,VENTURE,A,8625,,0,0.19,N,13
39,33996,RENT,6,MEDICAL,D,4000,,1,0.12,N,13
39,40000,RENT,1,MEDICAL,A,3300,,0,0.08,N,13
39,66000,MORTGAGE,21,HOMEIMPROVEMENT,E,2000,18.39,1,0.03,N,12
39,42000,RENT,2,PERSONAL,F,6000,17.58,1,0.14,N,12
39,56000,RENT,0,DEBTCONSOLIDATION,E,4800,16.7,1,0.09,Y,12
39,23500,RENT,14,PERSONAL,D,5850,15.2,0,0.25,N,12
39,69000,RENT,0,PERSONAL,D,15000,14.42,1,0.22,N,12
39,33100,RENT,3,DEBTCONSOLIDATION,C,8000,14.26,1,0.24,Y,12
39,54000,RENT,4,DEBTCONSOLIDATION,C,12000,14.22,1,0.22,Y,12
39,24000,RENT,0,VENTURE,D,3000,14.12,1,0.13,N,12
39,24000,RENT,,VENTURE,C,8000,13.8,1,0.33,N,12
39,42000,RENT,0,PERSONAL,D,11000,13.55,1,0.26,N,12
39,56000,MORTGAGE,14,PERSONAL,C,10000,12.73,0,0.18,Y,12
39,708000,MORTGAGE,14,DEBTCONSOLIDATION,B,25000,12.18,0,0.04,N,12
39,52000,RENT,1,DEBTCONSOLIDATION,B,14000,11.71,0,0.27,N,12
39,54000,MORTGAGE,23,HOMEIMPROVEMENT,B,9000,11.71,0,0.17,N,12
39,119000,RENT,3,DEBTCONSOLIDATION,B,22000,11.49,0,0.18,N,12
39,360000,RENT,1,PERSONAL,B,3000,11.48,0,0.01,N,12
39,138000,MORTGAGE,3,HOMEIMPROVEMENT,B,20000,11.14,1,0.14,N,12
39,24000,RENT,9,EDUCATION,B,5000,11.14,0,0.21,N,12
39,60000,RENT,1,MEDICAL,B,11025,10.59,0,0.18,N,12
39,60000,MORTGAGE,22,PERSONAL,B,4000,10.59,0,0.07,N,12
39,84000,MORTGAGE,2,EDUCATION,A,4000,9.63,0,0.05,N,12
39,105000,MORTGAGE,1,DEBTCONSOLIDATION,A,9000,9.32,0,0.09,N,12
39,32000,RENT,0,VENTURE,A,5000,9.32,0,0.16,N,12
39,70000,RENT,1,HOMEIMPROVEMENT,A,6000,8.94,0,0.09,N,12
39,26000,RENT,11,DEBTCONSOLIDATION,A,11000,8.59,1,0.42,N,12
39,70000,MORTGAGE,7,PERSONAL,A,12500,7.9,0,0.18,N,12
39,36000,MORTGAGE,1,PERSONAL,A,7125,7.9,0,0.2,N,12
39,68000,RENT,0,HOMEIMPROVEMENT,A,2500,7.88,0,0.04,N,12
39,18996,RENT,5,EDUCATION,A,2000,7.88,0,0.11,N,12
39,90000,MORTGAGE,15,VENTURE,A,10500,7.66,0,0.12,N,12
39,24000,RENT,1,MEDICAL,A,8500,7.49,1,0.35,N,12
39,24000,RENT,1,DEBTCONSOLIDATION,A,8500,7.49,1,0.35,N,12
39,62000,OWN,3,PERSONAL,A,7200,7.49,0,0.12,N,12
39,85000,RENT,4,HOMEIMPROVEMENT,A,12000,6.03,0,0.14,N,12
39,21600,OWN,0,MEDICAL,A,6000,6.03,0,0.28,N,12
39,150500,MORTGAGE,24,DEBTCONSOLIDATION,A,21000,,0,0.14,N,12
39,70000,OWN,0,VENTURE,A,8000,,0,0.11,N,12
39,52000,RENT,5,PERSONAL,B,6500,,0,0.13,N,12
39,52273,RENT,3,EDUCATION,B,5000,,0,0.1,N,12
39,49000,RENT,0,DEBTCONSOLIDATION,F,15175,19.13,1,0.31,Y,11
39,168000,RENT,2,HOMEIMPROVEMENT,E,18000,17.93,1,0.11,N,11
39,108000,MORTGAGE,6,EDUCATION,D,30000,16.49,1,0.28,Y,11
39,50760,RENT,4,EDUCATION,E,6725,16.45,0,0.13,N,11
39,310400,MORTGAGE,13,DEBTCONSOLIDATION,D,15000,15.65,1,0.05,Y,11
39,67000,RENT,0,VENTURE,D,24000,15.31,1,0.36,N,11
39,116000,RENT,1,VENTURE,C,8000,15.27,1,0.07,N,11
39,96500,RENT,4,DEBTCONSOLIDATION,D,14400,15.2,1,0.15,N,11
39,30000,MORTGAGE,14,MEDICAL,D,7200,14.96,1,0.24,Y,11
39,95000,MORTGAGE,3,HOMEIMPROVEMENT,D,20000,14.84,0,0.21,Y,11
39,18300,RENT,0,DEBTCONSOLIDATION,D,1200,14.74,1,0.07,Y,11
39,40000,RENT,5,EDUCATION,D,6000,14.54,0,0.15,N,11
39,24000,RENT,0,HOMEIMPROVEMENT,D,3000,14.12,1,0.13,N,11
39,61020,MORTGAGE,4,DEBTCONSOLIDATION,D,9975,13.99,1,0.16,N,11
39,78000,MORTGAGE,5,EDUCATION,C,12000,13.57,0,0.15,N,11
39,68000,RENT,1,EDUCATION,C,5000,13.49,0,0.07,Y,11
39,110000,RENT,5,HOMEIMPROVEMENT,C,4500,13.49,0,0.04,N,11
39,55600,RENT,0,HOMEIMPROVEMENT,C,11500,13.22,0,0.21,N,11
39,56000,RENT,16,DEBTCONSOLIDATION,C,10000,13.06,0,0.18,N,11
39,64000,RENT,9,HOMEIMPROVEMENT,C,4800,12.73,0,0.07,Y,11
39,55059,RENT,16,HOMEIMPROVEMENT,B,24000,12.53,1,0.44,N,11
39,75000,RENT,0,EDUCATION,B,14400,12.53,0,0.19,N,11
39,55000,RENT,1,DEBTCONSOLIDATION,B,4975,12.21,0,0.09,N,11
39,102000,RENT,4,EDUCATION,B,7800,11.99,0,0.08,N,11
39,52000,RENT,2,VENTURE,B,4500,11.99,0,0.09,N,11
39,156000,MORTGAGE,2,DEBTCONSOLIDATION,B,15000,11.89,0,0.1,N,11
39,77256,MORTGAGE,16,HOMEIMPROVEMENT,B,10000,11.86,0,0.13,N,11
39,50400,RENT,4,EDUCATION,D,7000,11.86,0,0.14,N,11
39,37800,RENT,5,DEBTCONSOLIDATION,B,7000,11.49,0,0.19,N,11
39,90000,MORTGAGE,2,PERSONAL,B,4600,11.11,0,0.05,N,11
39,11820,RENT,,MEDICAL,B,1500,11.11,0,0.13,N,11
39,90000,MORTGAGE,0,MEDICAL,B,18000,10.99,0,0.2,N,11
39,24000,RENT,0,MEDICAL,B,2000,10.99,0,0.08,N,11
39,12000,RENT,,VENTURE,B,2000,10.65,1,0.17,N,11
39,38604,RENT,9,MEDICAL,B,9500,10.62,0,0.25,N,11
39,62692,RENT,9,VENTURE,B,13200,9.88,0,0.21,N,11
39,150000,MORTGAGE,9,MEDICAL,A,30000,8.9,0,0.2,N,11
39,42000,MORTGAGE,,PERSONAL,A,5000,8.49,0,0.12,N,11
39,24000,OWN,0,HOMEIMPROVEMENT,A,3000,7.74,0,0.13,N,11
39,50000,MORTGAGE,1,PERSONAL,A,8000,7.68,0,0.16,N,11
39,54996,OWN,6,VENTURE,A,5500,7.51,0,0.1,N,11
39,29280,OWN,0,VENTURE,A,1800,7.37,0,0.06,N,11
39,100000,MORTGAGE,9,DEBTCONSOLIDATION,A,3000,7.14,0,0.03,N,11
39,46500,RENT,13,PERSONAL,A,6000,6.99,0,0.13,N,11
39,125000,MORTGAGE,13,DEBTCONSOLIDATION,A,4500,6.62,0,0.04,N,11
39,114996,MORTGAGE,15,DEBTCONSOLIDATION,A,12500,6.54,0,0.11,N,11
39,86000,MORTGAGE,10,HOMEIMPROVEMENT,A,8500,6.03,0,0.1,N,11
39,60000,RENT,1,PERSONAL,A,3600,5.99,0,0.06,N,11
39,120000,MORTGAGE,9,MEDICAL,A,12000,5.79,0,0.1,N,11
39,182500,RENT,2,HOMEIMPROVEMENT,A,12500,5.42,0,0.07,N,11
39,91992,MORTGAGE,0,HOMEIMPROVEMENT,A,3350,5.42,0,0.04,N,11
39,48000,MORTGAGE,,DEBTCONSOLIDATION,A,3000,5.42,0,0.06,N,11
39,403750,MORTGAGE,10,MEDICAL,B,35000,,1,0.07,N,11
39,60197,RENT,6,PERSONAL,A,5200,,0,0.09,N,11
38,95000,OWN,6,HOMEIMPROVEMENT,E,14000,17.74,0,0.15,Y,17
38,95000,OWN,6,VENTURE,E,14000,17.74,0,0.15,Y,17
38,39000,RENT,1,EDUCATION,E,5000,17.74,1,0.13,N,17
38,60000,MORTGAGE,9,EDUCATION,E,16000,16.35,0,0.27,N,17
38,225000,RENT,16,EDUCATION,D,15000,15.62,0,0.07,N,17
38,78000,MORTGAGE,6,HOMEIMPROVEMENT,C,15000,15.27,1,0.19,N,17
38,108000,RENT,3,PERSONAL,D,5000,15.21,1,0.05,Y,17
38,60000,RENT,3,EDUCATION,C,5000,14.79,0,0.08,Y,17
38,74237,MORTGAGE,4,DEBTCONSOLIDATION,C,18000,14.35,0,0.24,N,17
38,34000,OWN,,HOMEIMPROVEMENT,C,11000,13.98,0,0.32,Y,17
38,90000,MORTGAGE,0,HOMEIMPROVEMENT,C,9600,13.92,0,0.11,Y,17
38,41280,RENT,3,DEBTCONSOLIDATION,C,6000,13.61,0,0.15,Y,17
38,72000,MORTGAGE,10,EDUCATION,C,15000,13.49,0,0.21,N,17
38,21000,MORTGAGE,5,HOMEIMPROVEMENT,C,3000,13.43,0,0.14,Y,17
38,18000,RENT,4,PERSONAL,C,3000,13.23,1,0.17,N,17
38,36400,RENT,1,PERSONAL,C,6000,12.87,0,0.16,Y,17
38,30120,RENT,1,HOMEIMPROVEMENT,D,14400,12.8,1,0.48,Y,17
38,51504,RENT,3,VENTURE,C,10500,12.53,0,0.2,N,17
38,40000,RENT,4,EDUCATION,B,18225,12.42,1,0.46,N,17
38,100280,MORTGAGE,1,VENTURE,B,17850,11.99,0,0.18,N,17
38,110000,MORTGAGE,5,PERSONAL,B,16000,11.99,0,0.15,N,17
38,90000,MORTGAGE,9,EDUCATION,B,9300,11.83,0,0.1,N,17
38,175000,MORTGAGE,21,VENTURE,B,10000,11.26,0,0.06,N,17
38,30000,MORTGAGE,8,PERSONAL,C,10000,11.22,0,0.33,Y,17
38,150000,MORTGAGE,5,MEDICAL,B,12000,11.14,0,0.08,N,17
38,35000,RENT,0,DEBTCONSOLIDATION,B,5600,11.11,0,0.16,N,17
38,306000,MORTGAGE,9,VENTURE,B,15000,10.62,0,0.05,N,17
38,42000,RENT,3,PERSONAL,B,2000,10.38,0,0.05,N,17
38,98000,MORTGAGE,7,MEDICAL,B,12000,10.37,0,0.12,N,17
38,65000,MORTGAGE,5,EDUCATION,B,15000,10.36,0,0.23,N,17
38,44000,MORTGAGE,3,PERSONAL,B,10000,9.63,0,0.23,N,17
38,9732,RENT,9,EDUCATION,A,2200,9.63,1,0.23,N,17
38,61000,RENT,0,PERSONAL,B,1000,9.45,0,0.02,N,17
38,110000,MORTGAGE,16,MEDICAL,A,3000,8.49,0,0.03,N,17
38,65000,RENT,2,MEDICAL,A,7000,7.88,0,0.11,N,17
38,70000,MORTGAGE,0,PERSONAL,A,9250,7.51,0,0.13,N,17
38,17108,MORTGAGE,7,EDUCATION,A,4375,7.51,1,0.26,N,17
38,86105,RENT,2,MEDICAL,A,8000,6.54,1,0.08,N,17
38,40000,MORTGAGE,5,MEDICAL,A,10000,5.99,0,0.25,N,17
38,40000,MORTGAGE,5,PERSONAL,A,10000,5.99,0,0.25,N,17
38,90000,MORTGAGE,5,EDUCATION,A,25000,,0,0.28,N,17
38,54000,RENT,2,MEDICAL,D,14000,,1,0.26,N,17
38,67000,RENT,6,HOMEIMPROVEMENT,D,13000,,0,0.19,N,17
38,117960,MORTGAGE,0,MEDICAL,A,12000,,0,0.1,N,17
38,48000,RENT,7,MEDICAL,B,6000,,0,0.13,N,17
38,42000,RENT,0,PERSONAL,B,4600,,0,0.11,N,17
38,50000,MORTGAGE,5,DEBTCONSOLIDATION,A,3000,,0,0.06,N,17
38,57000,OWN,,HOMEIMPROVEMENT,D,15000,17.27,0,0.26,N,16
38,58000,RENT,4,MEDICAL,E,9500,16.35,1,0.16,Y,16
38,94000,RENT,3,PERSONAL,D,5000,15.33,0,0.05,Y,16
38,21600,OWN,1,EDUCATION,C,4750,15.23,0,0.22,Y,16
38,48384,RENT,4,MEDICAL,D,19000,14.96,1,0.39,Y,16
38,27600,RENT,3,MEDICAL,D,5000,14.59,1,0.18,Y,16
38,81000,MORTGAGE,3,PERSONAL,C,10000,14.27,0,0.12,Y,16
38,22000,RENT,2,DEBTCONSOLIDATION,C,2350,14.17,0,0.11,Y,16
38,140000,MORTGAGE,1,PERSONAL,D,10000,14.09,0,0.07,N,16
38,36000,MORTGAGE,3,DEBTCONSOLIDATION,C,6000,13.99,0,0.17,N,16
38,37440,RENT,14,VENTURE,C,19750,13.92,1,0.53,N,16
38,65000,MORTGAGE,6,MEDICAL,C,11500,13.92,0,0.18,N,16
38,60000,RENT,2,PERSONAL,C,24000,13.85,1,0.4,N,16
38,23000,RENT,4,EDUCATION,C,10000,13.48,1,0.43,Y,16
38,95000,RENT,9,MEDICAL,C,5000,13.48,0,0.05,Y,16
38,37500,OTHER,0,EDUCATION,C,12000,13.47,1,0.32,Y,16
38,36000,RENT,1,MEDICAL,C,8400,13.22,0,0.23,N,16
38,72000,MORTGAGE,8,HOMEIMPROVEMENT,D,5000,12.92,0,0.07,N,16
38,66000,MORTGAGE,8,DEBTCONSOLIDATION,D,5000,12.92,1,0.08,N,16
38,91200,MORTGAGE,0,HOMEIMPROVEMENT,C,9000,12.68,0,0.1,N,16
38,20640,RENT,2,MEDICAL,C,3500,12.61,0,0.17,Y,16
38,70000,RENT,3,DEBTCONSOLIDATION,B,10800,12.21,0,0.15,N,16
38,36156,MORTGAGE,1,HOMEIMPROVEMENT,B,8500,12.21,0,0.24,N,16
38,18720,OWN,22,VENTURE,B,2500,11.86,0,0.13,N,16
38,50400,RENT,5,DEBTCONSOLIDATION,B,10100,11.49,0,0.2,N,16
38,80000,RENT,0,EDUCATION,B,1500,11.49,0,0.02,N,16
38,55000,RENT,2,HOMEIMPROVEMENT,B,14000,11.48,0,0.25,N,16
38,32000,RENT,0,DEBTCONSOLIDATION,B,6000,11.36,1,0.19,N,16
38,117400,MORTGAGE,7,PERSONAL,B,16000,10.75,0,0.14,N,16
38,48000,MORTGAGE,3,HOMEIMPROVEMENT,B,5000,10.65,0,0.1,N,16
38,75000,MORTGAGE,8,HOMEIMPROVEMENT,B,25000,10.59,0,0.33,N,16
38,81000,RENT,7,DEBTCONSOLIDATION,B,18000,10.59,0,0.22,N,16
38,118000,MORTGAGE,12,PERSONAL,B,11400,10.59,0,0.1,N,16
38,92904,MORTGAGE,8,MEDICAL,B,5375,10.51,0,0.06,N,16
38,107004,MORTGAGE,11,VENTURE,B,15000,10,0,0.14,N,16
38,46000,RENT,1,MEDICAL,B,12000,9.91,0,0.26,N,16
38,84000,MORTGAGE,5,VENTURE,B,15000,9.63,0,0.18,N,16
38,32560,OWN,8,PERSONAL,A,6000,8.94,0,0.18,N,16
38,47000,MORTGAGE,5,DEBTCONSOLIDATION,A,11000,8.9,0,0.23,N,16
38,25000,RENT,1,EDUCATION,A,1000,8,0,0.04,N,16
38,47000,RENT,4,DEBTCONSOLIDATION,A,16500,7.9,1,0.35,N,16
38,64000,RENT,4,DEBTCONSOLIDATION,A,5000,7.88,0,0.08,N,16
38,45000,MORTGAGE,6,DEBTCONSOLIDATION,A,6375,7.51,0,0.14,N,16
38,61450,OWN,6,VENTURE,A,12500,7.49,0,0.2,N,16
38,40000,OWN,6,MEDICAL,A,9000,7.49,0,0.23,N,16
38,34800,MORTGAGE,2,PERSONAL,A,6250,7.49,0,0.18,N,16
38,35000,MORTGAGE,7,DEBTCONSOLIDATION,A,13075,7.29,0,0.37,N,16
38,80000,MORTGAGE,7,HOMEIMPROVEMENT,A,10000,7.29,0,0.13,N,16
38,90000,MORTGAGE,1,DEBTCONSOLIDATION,A,7000,6.99,0,0.08,N,16
38,78000,MORTGAGE,8,EDUCATION,A,6250,6.76,0,0.08,N,16
38,78000,MORTGAGE,8,VENTURE,A,6250,6.76,0,0.08,N,16
38,160000,MORTGAGE,12,EDUCATION,A,14000,6.62,0,0.09,N,16
38,96000,MORTGAGE,15,DEBTCONSOLIDATION,A,6000,6.03,0,0.06,N,16
38,24000,MORTGAGE,6,DEBTCONSOLIDATION,A,1500,6.03,0,0.06,N,16
38,313000,MORTGAGE,0,DEBTCONSOLIDATION,C,21600,,0,0.07,Y,16
38,124000,MORTGAGE,8,VENTURE,D,12000,,0,0.1,N,16
38,62000,RENT,3,DEBTCONSOLIDATION,B,12000,,0,0.19,N,16
38,29000,RENT,2,DEBTCONSOLIDATION,D,10000,,1,0.34,N,16
38,34000,RENT,4,MEDICAL,B,5750,,0,0.17,N,16
38,42000,RENT,0,DEBTCONSOLIDATION,B,4600,,0,0.11,N,16
38,24000,RENT,3,MEDICAL,C,3000,,0,0.13,Y,16
38,17760,OWN,,MEDICAL,C,2800,,1,0.16,N,16
38,98000,RENT,4,DEBTCONSOLIDATION,E,16000,16.4,1,0.16,Y,15
38,54400,RENT,5,MEDICAL,D,10000,15.33,1,0.16,Y,15
38,48000,MORTGAGE,23,MEDICAL,D,9000,15.21,1,0.19,Y,15
38,30000,RENT,0,PERSONAL,D,15000,14.61,1,0.5,Y,15
38,34000,RENT,8,MEDICAL,D,9500,14.46,1,0.28,N,15
38,74237,MORTGAGE,4,PERSONAL,C,18000,14.35,0,0.24,Y,15
38,80000,MORTGAGE,2,MEDICAL,C,5000,13.85,0,0.06,N,15
38,60000,RENT,0,HOMEIMPROVEMENT,C,6000,13.57,0,0.1,Y,15
38,26000,RENT,0,VENTURE,C,5200,13.43,0,0.2,N,15
38,74000,RENT,9,MEDICAL,C,9000,12.84,0,0.12,Y,15
38,140000,OWN,13,VENTURE,B,24000,12.18,0,0.17,N,15
38,60000,MORTGAGE,22,VENTURE,B,2700,11.99,0,0.04,N,15
38,18720,OWN,22,VENTURE,B,2500,11.86,0,0.13,N,15
38,45000,RENT,1,EDUCATION,B,4000,11.49,1,0.09,N,15
38,200000,MORTGAGE,0,PERSONAL,B,20000,11.48,0,0.1,N,15
38,112000,RENT,2,VENTURE,B,10000,11.26,0,0.09,N,15
38,52000,MORTGAGE,13,DEBTCONSOLIDATION,B,5000,10.99,0,0.1,N,15
38,56524,RENT,16,HOMEIMPROVEMENT,B,22000,10.75,1,0.39,N,15
38,30000,RENT,0,EDUCATION,B,5600,9.99,1,0.19,N,15
38,40246,MORTGAGE,7,HOMEIMPROVEMENT,A,12000,8.9,0,0.3,N,15
38,71000,RENT,14,MEDICAL,B,15000,8.88,0,0.21,N,15
38,65000,OWN,12,HOMEIMPROVEMENT,B,3600,8.88,0,0.06,N,15
38,38000,RENT,3,DEBTCONSOLIDATION,A,10000,8.59,0,0.26,N,15
38,77250,OWN,4,VENTURE,A,3000,8.59,0,0.04,N,15
38,90000,RENT,2,MEDICAL,A,5000,8.49,0,0.06,N,15
38,55000,OWN,5,HOMEIMPROVEMENT,A,15600,7.9,0,0.28,N,15
38,52000,MORTGAGE,3,DEBTCONSOLIDATION,A,15250,7.88,0,0.29,N,15
38,200000,MORTGAGE,0,EDUCATION,A,3000,7.68,0,0.01,N,15
38,60000,MORTGAGE,,DEBTCONSOLIDATION,A,12000,7.66,0,0.2,N,15
38,55000,MORTGAGE,16,EDUCATION,A,11700,7.66,0,0.21,N,15
38,78000,RENT,2,MEDICAL,A,6000,6.99,0,0.08,N,15
38,37500,RENT,0,EDUCATION,A,1375,6.91,0,0.04,N,15
38,85000,MORTGAGE,15,VENTURE,A,15000,6.03,0,0.18,N,15
38,46150,MORTGAGE,6,VENTURE,A,6500,6.03,0,0.14,N,15
38,84000,MORTGAGE,17,HOMEIMPROVEMENT,A,10800,,0,0.13,N,15
38,50000,MORTGAGE,8,PERSONAL,B,10000,,0,0.2,N,15
38,53052,RENT,0,EDUCATION,B,8000,,0,0.15,N,15
38,20004,OWN,2,HOMEIMPROVEMENT,B,6250,,0,0.31,N,15
38,67870,MORTGAGE,6,DEBTCONSOLIDATION,B,5000,,0,0.07,N,15
38,30000,RENT,2,PERSONAL,C,2200,,0,0.07,Y,15
38,96000,RENT,18,HOMEIMPROVEMENT,F,10000,19.04,0,0.1,N,14
38,55000,RENT,9,HOMEIMPROVEMENT,D,3325,16.89,0,0.06,N,14
38,33000,RENT,2,VENTURE,D,2000,16.89,1,0.06,N,14
38,40320,MORTGAGE,4,EDUCATION,D,15000,16.07,0,0.37,N,14
38,44000,RENT,0,PERSONAL,D,5000,15.65,1,0.11,N,14
38,35000,RENT,5,VENTURE,D,5000,15.37,0,0.14,Y,14
38,60000,OWN,2,VENTURE,D,6000,14.96,0,0.1,Y,14
38,56100,MORTGAGE,4,MEDICAL,C,6100,14.79,1,0.09,Y,14
38,66690,RENT,12,EDUCATION,D,20000,14.59,0,0.3,N,14
38,103970,MORTGAGE,0,DEBTCONSOLIDATION,C,15000,14.35,0,0.14,Y,14
38,117000,MORTGAGE,5,HOMEIMPROVEMENT,C,10700,14.27,0,0.09,Y,14
38,96000,MORTGAGE,0,PERSONAL,C,1500,14.26,0,0.02,N,14
38,24000,RENT,0,HOMEIMPROVEMENT,D,4400,14.09,1,0.18,N,14
38,65000,MORTGAGE,6,PERSONAL,C,11500,13.92,0,0.18,N,14
38,50000,RENT,8,MEDICAL,C,20000,13.85,1,0.4,N,14
38,30132,RENT,,EDUCATION,C,3000,13.85,1,0.1,N,14
38,30132,RENT,,MEDICAL,C,3000,13.85,1,0.1,Y,14
38,59000,RENT,5,VENTURE,C,14000,13.8,1,0.24,N,14
38,42552,RENT,3,PERSONAL,C,8400,13.49,0,0.2,N,14
38,100000,RENT,0,DEBTCONSOLIDATION,C,14000,13.23,0,0.14,Y,14
38,18000,RENT,4,EDUCATION,C,3000,13.23,1,0.17,Y,14
38,60000,RENT,0,VENTURE,C,16000,13.22,0,0.27,N,14
38,48300,RENT,3,MEDICAL,C,14000,13.22,0,0.29,Y,14
38,39500,RENT,4,MEDICAL,C,5000,13.22,0,0.13,N,14
38,26400,OWN,,HOMEIMPROVEMENT,C,4750,12.73,0,0.18,Y,14
38,23868,MORTGAGE,0,HOMEIMPROVEMENT,B,7750,12.53,1,0.32,N,14
38,72000,MORTGAGE,2,PERSONAL,B,8000,12.21,0,0.11,N,14
38,85000,RENT,1,VENTURE,B,14400,11.99,0,0.17,N,14
38,55000,RENT,2,PERSONAL,B,14000,11.48,0,0.25,N,14
38,74000,RENT,21,DEBTCONSOLIDATION,B,4000,11.26,0,0.05,N,14
38,30000,MORTGAGE,8,HOMEIMPROVEMENT,C,10000,11.22,0,0.33,Y,14
38,85000,MORTGAGE,4,PERSONAL,B,6000,10.99,0,0.07,N,14
38,140000,MORTGAGE,2,MEDICAL,B,8000,10.95,0,0.06,N,14
38,24000,RENT,5,MEDICAL,B,7200,10.65,0,0.3,N,14
38,65000,OWN,3,PERSONAL,B,8000,10.62,0,0.12,N,14
38,62000,RENT,5,EDUCATION,B,7000,10.62,0,0.11,N,14
38,81000,MORTGAGE,0,EDUCATION,B,11000,10.36,0,0.14,N,14
38,81000,MORTGAGE,0,HOMEIMPROVEMENT,B,11000,10.36,0,0.14,N,14
38,175000,MORTGAGE,10,EDUCATION,B,21000,9.99,0,0.12,N,14
38,42000,OWN,2,EDUCATION,B,5600,9.99,0,0.13,N,14
38,35000,RENT,6,PERSONAL,B,5000,9.99,0,0.14,N,14
38,130000,MORTGAGE,1,HOMEIMPROVEMENT,B,30000,9.91,0,0.23,N,14
38,192000,MORTGAGE,22,HOMEIMPROVEMENT,A,5600,7.9,0,0.03,N,14
38,78000,MORTGAGE,19,VENTURE,A,4575,7.74,0,0.06,N,14
38,125000,RENT,0,EDUCATION,A,12000,7.66,0,0.1,N,14
38,60000,MORTGAGE,9,VENTURE,A,10000,7.51,0,0.17,N,14
38,30000,RENT,8,EDUCATION,A,10000,7.51,1,0.33,N,14
38,35000,MORTGAGE,6,VENTURE,A,4800,7.51,0,0.14,N,14
38,48000,MORTGAGE,6,PERSONAL,A,6200,7.29,0,0.13,N,14
38,123600,MORTGAGE,16,EDUCATION,A,12000,6.92,0,0.1,N,14
38,35000,RENT,22,EDUCATION,A,11100,6.62,1,0.32,N,14
38,104800,MORTGAGE,6,VENTURE,A,14000,6.03,0,0.13,N,14
38,55000,MORTGAGE,16,PERSONAL,A,6000,5.42,0,0.11,N,14
38,55000,MORTGAGE,4,DEBTCONSOLIDATION,D,25000,,1,0.45,Y,14
38,30000,RENT,6,MEDICAL,A,8000,,0,0.27,N,14
38,47004,RENT,2,VENTURE,C,4775,,0,0.1,Y,14
38,126000,MORTGAGE,3,EDUCATION,D,2400,,0,0.02,Y,14
38,126000,MORTGAGE,3,VENTURE,D,2400,,0,0.02,N,14
38,45600,RENT,5,VENTURE,D,9000,16.29,0,0.2,Y,13
38,17280,OWN,0,VENTURE,D,1000,16.29,0,0.06,Y,13
38,52000,OWN,3,PERSONAL,D,8000,15.21,0,0.15,N,13
38,99996,OWN,22,HOMEIMPROVEMENT,D,25000,14.96,0,0.25,Y,13
38,120000,OWN,11,VENTURE,D,23600,14.96,0,0.2,Y,13
38,59475,MORTGAGE,10,MEDICAL,D,18125,14.84,1,0.26,Y,13
38,34800,RENT,1,DEBTCONSOLIDATION,C,2100,14.72,0,0.06,N,13
38,27500,MORTGAGE,5,MEDICAL,C,4700,13.92,0,0.17,N,13
38,62691,OWN,17,VENTURE,C,6000,13.49,0,0.1,Y,13
38,47000,RENT,4,PERSONAL,C,7000,13.35,0,0.15,Y,13
38,55000,MORTGAGE,3,MEDICAL,C,14000,13.22,0,0.25,N,13
38,124499,RENT,3,EDUCATION,C,25000,13.06,0,0.2,N,13
38,80000,MORTGAGE,5,DEBTCONSOLIDATION,C,4000,12.98,0,0.05,Y,13
38,45000,RENT,1,MEDICAL,C,5000,12.68,0,0.11,Y,13
38,85900,RENT,6,DEBTCONSOLIDATION,B,10000,12.53,0,0.12,N,13
38,65000,RENT,6,PERSONAL,C,7500,12.29,0,0.12,Y,13
38,40000,MORTGAGE,4,PERSONAL,B,4000,12.21,0,0.1,N,13
38,202000,MORTGAGE,2,VENTURE,C,15000,12.04,0,0.07,N,13
38,110000,MORTGAGE,5,MEDICAL,B,16000,11.99,0,0.15,N,13
38,82000,OWN,4,HOMEIMPROVEMENT,B,10000,11.99,0,0.12,N,13
38,150000,OWN,0,VENTURE,B,24000,11.83,0,0.16,N,13
38,36000,RENT,13,EDUCATION,B,7500,11.36,0,0.21,N,13
38,64700,RENT,5,DEBTCONSOLIDATION,B,20000,11.11,1,0.31,N,13
38,60000,MORTGAGE,7,DEBTCONSOLIDATION,B,8000,10.99,0,0.13,N,13
38,80000,RENT,9,PERSONAL,B,2500,10.99,0,0.03,N,13
38,80000,RENT,9,EDUCATION,B,2500,10.99,0,0.03,N,13
38,36000,MORTGAGE,14,VENTURE,B,18000,10.38,0,0.5,N,13
38,100000,MORTGAGE,5,PERSONAL,B,5500,10.37,0,0.06,N,13
38,150000,MORTGAGE,3,DEBTCONSOLIDATION,B,7500,10,0,0.05,N,13
38,140000,MORTGAGE,0,VENTURE,B,25000,9.99,0,0.18,N,13
38,81000,RENT,0,HOMEIMPROVEMENT,A,24000,8.49,0,0.3,N,13
38,200000,MORTGAGE,2,PERSONAL,A,25000,7.9,0,0.13,N,13
38,55000,MORTGAGE,16,DEBTCONSOLIDATION,A,11700,7.66,0,0.21,N,13
38,64777,RENT,5,DEBTCONSOLIDATION,A,8500,7.51,0,0.13,N,13
38,17108,MORTGAGE,7,EDUCATION,A,4375,7.51,1,0.26,N,13
38,49000,RENT,4,DEBTCONSOLIDATION,A,3000,7.51,0,0.06,N,13
38,75996,MORTGAGE,12,DEBTCONSOLIDATION,A,3500,7.29,0,0.05,N,13
38,112224,MORTGAGE,5,EDUCATION,A,25000,6.99,0,0.22,N,13
38,110000,RENT,5,HOMEIMPROVEMENT,A,20000,6.91,0,0.18,N,13
38,160000,MORTGAGE,12,VENTURE,A,14000,6.62,0,0.09,N,13
38,70000,MORTGAGE,16,EDUCATION,A,17000,6.03,0,0.24,N,13
38,75000,MORTGAGE,19,VENTURE,A,9100,6.03,0,0.12,N,13
38,78000,MORTGAGE,0,HOMEIMPROVEMENT,A,3225,5.79,0,0.04,N,13
38,89000,MORTGAGE,2,PERSONAL,A,6000,5.42,0,0.07,N,13
38,89000,MORTGAGE,11,EDUCATION,B,10000,,0,0.11,N,13
38,50000,RENT,5,PERSONAL,C,10000,,0,0.2,N,13
38,53052,RENT,0,MEDICAL,B,8000,,0,0.15,N,13
38,170000,RENT,0,VENTURE,A,5500,,0,0.03,N,13
38,67870,MORTGAGE,6,MEDICAL,B,5000,,0,0.07,N,13
38,47004,RENT,2,MEDICAL,C,4775,,0,0.1,N,13
38,24996,RENT,2,MEDICAL,B,3000,,1,0.12,N,13
38,83000,RENT,3,HOMEIMPROVEMENT,G,22250,23.22,1,0.27,Y,12
38,43000,RENT,22,MEDICAL,D,10000,16.89,1,0.23,Y,12
38,35000,OWN,5,EDUCATION,D,1800,16.49,0,0.05,Y,12
38,40000,RENT,15,PERSONAL,D,10000,16.29,0,0.25,N,12
38,66000,RENT,1,PERSONAL,D,10000,15.99,1,0.15,Y,12
38,18720,RENT,0,VENTURE,D,6000,15.99,1,0.32,N,12
38,18720,RENT,0,DEBTCONSOLIDATION,D,6000,15.99,1,0.32,Y,12
38,86760,MORTGAGE,,PERSONAL,D,5000,15.58,0,0.06,N,12
38,50000,MORTGAGE,6,PERSONAL,D,3000,15.05,0,0.06,N,12
38,83000,MORTGAGE,1,DEBTCONSOLIDATION,D,24000,14.91,1,0.29,Y,12
38,75971,MORTGAGE,10,HOMEIMPROVEMENT,D,18125,14.84,0,0.24,Y,12
38,25200,RENT,0,DEBTCONSOLIDATION,D,6000,14.59,1,0.24,N,12
38,30500,RENT,8,EDUCATION,C,10000,14.22,1,0.33,N,12
38,36000,MORTGAGE,3,HOMEIMPROVEMENT,C,6000,13.99,0,0.17,Y,12
38,108000,RENT,6,HOMEIMPROVEMENT,C,11000,13.49,0,0.1,N,12
38,65000,MORTGAGE,7,MEDICAL,C,10000,13.49,0,0.15,N,12
38,26300,RENT,1,DEBTCONSOLIDATION,C,7500,13.47,1,0.29,N,12
38,65000,RENT,4,HOMEIMPROVEMENT,C,4500,13.43,0,0.07,N,12
38,53712,MORTGAGE,7,VENTURE,C,4000,13.43,0,0.07,Y,12
38,106000,MORTGAGE,4,HOMEIMPROVEMENT,C,5000,12.99,0,0.05,Y,12
38,74000,RENT,9,EDUCATION,C,9000,12.84,0,0.12,N,12
38,90000,MORTGAGE,9,PERSONAL,C,14000,12.73,0,0.16,Y,12
38,72900,RENT,3,PERSONAL,C,15000,12.68,0,0.21,N,12
38,22000,RENT,2,VENTURE,C,4000,12.68,0,0.18,Y,12
38,20640,RENT,2,DEBTCONSOLIDATION,C,3500,12.61,0,0.17,Y,12
38,80000,RENT,17,PERSONAL,B,6000,11.83,0,0.07,N,12
38,43000,RENT,4,DEBTCONSOLIDATION,B,3500,11.83,0,0.08,N,12
38,45000,RENT,6,EDUCATION,B,6000,11.71,0,0.13,N,12
38,40000,RENT,5,MEDICAL,B,4000,11.49,0,0.1,N,12
38,63500,OWN,3,EDUCATION,B,2400,11.36,0,0.04,N,12
38,85000,RENT,9,MEDICAL,B,10000,11.12,0,0.12,N,12
38,81120,MORTGAGE,5,HOMEIMPROVEMENT,B,8000,11.12,0,0.1,N,12
38,55000,RENT,0,EDUCATION,C,6500,11.03,0,0.12,Y,12
38,57600,MORTGAGE,2,DEBTCONSOLIDATION,B,9000,10.99,0,0.16,N,12
38,42000,MORTGAGE,5,PERSONAL,B,4000,10.74,0,0.1,N,12
38,48000,MORTGAGE,9,HOMEIMPROVEMENT,B,7800,10.65,0,0.16,N,12
38,118000,MORTGAGE,12,DEBTCONSOLIDATION,B,11400,10.59,0,0.1,N,12
38,120000,RENT,3,DEBTCONSOLIDATION,C,10000,10.28,0,0.08,Y,12
38,140000,MORTGAGE,0,HOMEIMPROVEMENT,B,25000,9.99,0,0.18,N,12
38,114000,MORTGAGE,22,DEBTCONSOLIDATION,B,19000,9.99,0,0.17,N,12
38,44000,OWN,2,VENTURE,B,7000,9.76,0,0.16,N,12
38,95000,MORTGAGE,5,EDUCATION,A,4000,9.63,0,0.04,N,12
38,61000,RENT,0,EDUCATION,B,1000,9.45,0,0.02,N,12
38,151000,MORTGAGE,8,DEBTCONSOLIDATION,A,35000,8.9,0,0.23,N,12
38,28800,OWN,23,VENTURE,A,13000,8.32,0,0.45,N,12
38,62000,MORTGAGE,3,HOMEIMPROVEMENT,A,15000,7.88,0,0.24,N,12
38,50000,RENT,5,VENTURE,A,4000,7.88,0,0.08,N,12
38,200000,MORTGAGE,0,DEBTCONSOLIDATION,A,3000,7.68,0,0.01,N,12
38,43000,OWN,5,VENTURE,A,10000,7.51,0,0.23,N,12
38,43000,MORTGAGE,3,DEBTCONSOLIDATION,A,8250,7.51,0,0.19,N,12
38,55550,MORTGAGE,1,HOMEIMPROVEMENT,A,22500,7.49,0,0.41,N,12
38,48996,MORTGAGE,6,EDUCATION,A,5000,7.29,0,0.1,N,12
38,12000,OWN,,DEBTCONSOLIDATION,A,4800,7.29,1,0.4,N,12
38,12000,OWN,,EDUCATION,A,4800,7.29,1,0.4,N,12
38,76000,MORTGAGE,4,PERSONAL,A,9000,5.99,0,0.12,N,12
38,87000,RENT,3,HOMEIMPROVEMENT,B,24250,,0,0.28,N,12
38,120000,MORTGAGE,2,DEBTCONSOLIDATION,B,24250,,0,0.2,N,12
38,34296,OWN,1,MEDICAL,C,12000,,0,0.35,Y,12
38,85000,MORTGAGE,5,VENTURE,A,10000,,0,0.12,N,12
38,30000,RENT,6,DEBTCONSOLIDATION,A,8000,,0,0.27,N,12
38,20004,OWN,2,PERSONAL,B,6250,,0,0.31,N,12
38,17280,OWN,0,HOMEIMPROVEMENT,D,1000,16.29,0,0.06,N,11
38,17600,RENT,0,PERSONAL,E,4000,16,1,0.23,N,11
38,140000,MORTGAGE,13,HOMEIMPROVEMENT,D,10000,15.62,0,0.07,N,11
38,34000,MORTGAGE,14,VENTURE,D,8000,15.62,1,0.24,N,11
38,99996,OWN,22,MEDICAL,D,25000,14.96,0,0.25,N,11
38,60000,OWN,2,PERSONAL,D,6000,14.96,0,0.1,N,11
38,81000,MORTGAGE,3,DEBTCONSOLIDATION,C,10000,14.27,0,0.12,N,11
38,50004,RENT,2,HOMEIMPROVEMENT,C,6000,13.79,0,0.12,Y,11
38,30000,RENT,5,VENTURE,C,5000,13.61,0,0.17,Y,11
38,31200,MORTGAGE,6,VENTURE,C,5850,13.49,0,0.19,Y,11
38,28584,RENT,4,EDUCATION,C,5400,13.47,0,0.19,N,11
38,49853,MORTGAGE,19,EDUCATION,D,12000,13.3,0,0.24,Y,11
38,16500,OWN,1,VENTURE,C,2000,13.23,0,0.12,N,11
38,110000,OWN,6,PERSONAL,C,12000,12.99,0,0.11,Y,11
38,110000,OWN,6,VENTURE,C,12000,12.99,0,0.11,N,11
38,91200,MORTGAGE,0,EDUCATION,C,9000,12.68,0,0.1,N,11
38,70000,RENT,2,MEDICAL,B,5000,12.42,0,0.07,N,11
38,49000,MORTGAGE,10,DEBTCONSOLIDATION,B,7250,11.99,0,0.15,N,11
38,50000,MORTGAGE,4,VENTURE,B,10000,11.86,0,0.2,N,11
38,36000,RENT,10,MEDICAL,B,9000,11.83,0,0.25,N,11
38,65004,RENT,1,DEBTCONSOLIDATION,B,8000,11.83,0,0.12,N,11
38,35427,RENT,3,PERSONAL,C,5950,11.72,0,0.17,Y,11
38,200000,MORTGAGE,0,MEDICAL,B,20000,11.48,0,0.1,N,11
38,75000,MORTGAGE,13,VENTURE,B,20000,11.36,0,0.27,N,11
38,40000,RENT,0,PERSONAL,B,9600,11.11,0,0.24,N,11
38,35000,RENT,0,PERSONAL,B,5600,11.11,0,0.16,N,11
38,130000,MORTGAGE,8,DEBTCONSOLIDATION,B,11000,10.74,0,0.08,N,11
38,77000,RENT,9,VENTURE,B,18000,10.65,0,0.23,N,11
38,90000,MORTGAGE,14,VENTURE,B,21000,10.59,0,0.23,N,11
38,40000,RENT,19,VENTURE,B,12000,10.59,0,0.3,N,11
38,51000,RENT,3,HOMEIMPROVEMENT,B,17000,10.38,1,0.33,N,11
38,200000,RENT,4,HOMEIMPROVEMENT,B,21000,10.37,0,0.1,N,11
38,81000,OWN,4,EDUCATION,B,7000,9.99,0,0.09,N,11
38,37200,RENT,1,DEBTCONSOLIDATION,B,5000,9.99,0,0.13,N,11
38,130000,MORTGAGE,1,DEBTCONSOLIDATION,B,30000,9.91,0,0.23,N,11
38,64800,RENT,15,PERSONAL,B,7500,9.63,0,0.12,N,11
38,48000,MORTGAGE,1,PERSONAL,A,18000,8.49,0,0.38,N,11
38,33600,RENT,0,VENTURE,A,4800,8.49,0,0.14,N,11
38,67200,MORTGAGE,11,EDUCATION,A,8000,7.9,0,0.12,N,11
38,34000,RENT,19,MEDICAL,A,6000,7.9,0,0.18,N,11
38,48000,OWN,,VENTURE,A,7600,7.88,0,0.16,N,11
38,65000,RENT,2,VENTURE,A,7000,7.88,0,0.11,N,11
38,108000,MORTGAGE,7,VENTURE,A,4000,7.74,0,0.04,N,11
38,36500,RENT,3,EDUCATION,A,12000,7.51,1,0.33,N,11
38,37500,RENT,0,VENTURE,A,1375,6.91,0,0.04,N,11
38,105000,MORTGAGE,22,VENTURE,A,12350,6.62,0,0.12,N,11
38,42000,RENT,2,MEDICAL,A,4500,6.62,0,0.11,N,11
38,104800,MORTGAGE,6,HOMEIMPROVEMENT,A,14000,6.03,0,0.13,N,11
38,52000,RENT,6,EDUCATION,A,7000,5.99,0,0.13,N,11
38,72000,MORTGAGE,8,DEBTCONSOLIDATION,A,6000,5.99,0,0.08,N,11
38,66420,MORTGAGE,8,MEDICAL,A,5550,5.99,0,0.08,N,11
38,100000,RENT,2,HOMEIMPROVEMENT,A,16000,,0,0.16,N,11
38,47000,RENT,2,VENTURE,A,3000,,0,0.06,N,11
38,30000,RENT,2,DEBTCONSOLIDATION,C,2200,,0,0.07,Y,11
37,44000,RENT,0,VENTURE,E,6000,17.04,1,0.14,Y,17
37,35000,RENT,0,DEBTCONSOLIDATION,D,7000,16.77,1,0.2,N,17
37,65000,RENT,4,HOMEIMPROVEMENT,F,20000,16.71,1,0.31,N,17
37,65000,RENT,4,PERSONAL,D,12000,16.49,0,0.18,N,17
37,73000,RENT,21,DEBTCONSOLIDATION,D,14000,16.02,1,0.19,N,17
37,60000,RENT,1,MEDICAL,D,10000,15.99,1,0.17,Y,17
37,49000,MORTGAGE,3,MEDICAL,D,4000,15.65,1,0.08,N,17
37,48257,MORTGAGE,21,MEDICAL,D,7000,15.21,1,0.15,Y,17
37,62400,MORTGAGE,5,VENTURE,D,10000,14.61,0,0.16,Y,17
37,74568,RENT,0,VENTURE,C,6000,14.26,0,0.08,N,17
37,42000,RENT,0,PERSONAL,E,20000,14.25,1,0.48,Y,17
37,54000,RENT,15,MEDICAL,C,5400,13.99,1,0.1,Y,17
37,33280,RENT,2,VENTURE,C,8400,13.92,0,0.25,Y,17
37,181000,MORTGAGE,11,DEBTCONSOLIDATION,C,20000,13.85,0,0.11,Y,17
37,14400,RENT,4,VENTURE,C,3000,13.61,1,0.21,N,17
37,35028,RENT,3,MEDICAL,C,5000,13.47,0,0.14,Y,17
37,174996,MORTGAGE,11,MEDICAL,C,6500,13.35,0,0.04,Y,17
37,100000,MORTGAGE,0,VENTURE,C,9600,13.22,0,0.1,Y,17
37,66150,OWN,11,PERSONAL,C,17000,12.73,0,0.26,N,17
37,60000,MORTGAGE,4,EDUCATION,C,12000,12.73,0,0.2,Y,17
37,20000,OWN,2,VENTURE,B,3000,12.69,0,0.15,N,17
37,45000,RENT,0,EDUCATION,C,6000,12.61,0,0.13,N,17
37,80000,RENT,0,HOMEIMPROVEMENT,B,35000,11.99,1,0.44,N,17
37,85000,MORTGAGE,17,HOMEIMPROVEMENT,B,8000,11.99,0,0.09,N,17
37,29536,RENT,2,MEDICAL,B,4000,11.89,0,0.14,N,17
37,72800,MORTGAGE,0,EDUCATION,B,23000,11.58,0,0.32,N,17
37,24000,RENT,5,MEDICAL,B,6000,11.49,0,0.25,N,17
37,40000,OWN,1,HOMEIMPROVEMENT,B,15000,11.48,0,0.38,N,17
37,800000,MORTGAGE,10,DEBTCONSOLIDATION,B,15000,11.36,0,0.02,N,17
37,58000,RENT,9,VENTURE,B,18200,10.99,1,0.31,N,17
37,25000,RENT,6,MEDICAL,B,7500,10.99,0,0.3,N,17
37,45000,RENT,1,EDUCATION,B,8000,10.74,0,0.18,N,17
37,44000,RENT,0,PERSONAL,B,1700,10.59,1,0.04,N,17
37,22000,RENT,2,MEDICAL,B,4000,10,0,0.18,N,17
37,220000,RENT,0,EDUCATION,B,30000,9.91,0,0.14,N,17
37,175000,RENT,2,HOMEIMPROVEMENT,B,15000,9.76,0,0.09,N,17
37,63000,RENT,1,EDUCATION,A,14900,9.63,0,0.24,N,17
37,56000,MORTGAGE,2,HOMEIMPROVEMENT,A,13000,9.63,0,0.23,N,17
37,45000,RENT,0,EDUCATION,A,8000,9.63,0,0.18,N,17
37,85000,RENT,5,HOMEIMPROVEMENT,A,35000,8.9,1,0.41,N,17
37,85000,RENT,5,DEBTCONSOLIDATION,A,35000,8.9,1,0.41,N,17
37,27000,RENT,2,HOMEIMPROVEMENT,A,8500,8.49,1,0.31,N,17
37,88000,MORTGAGE,21,VENTURE,A,12000,7.51,0,0.14,N,17
37,74000,MORTGAGE,8,EDUCATION,A,12000,7.51,0,0.16,N,17
37,50000,MORTGAGE,0,PERSONAL,A,3200,7.51,0,0.06,N,17
37,36000,MORTGAGE,7,EDUCATION,A,9000,7.49,0,0.25,N,17
37,77000,RENT,6,MEDICAL,A,10800,7.14,0,0.14,N,17
37,86000,RENT,0,PERSONAL,A,6000,7.14,0,0.07,N,17
37,38400,MORTGAGE,1,DEBTCONSOLIDATION,A,2400,6.99,0,0.06,N,17
37,50000,MORTGAGE,4,EDUCATION,A,2325,6.99,0,0.05,N,17
37,26400,RENT,5,EDUCATION,A,1500,6.91,0,0.06,N,17
37,88824,MORTGAGE,8,VENTURE,A,3600,6.62,0,0.04,N,17
37,28800,MORTGAGE,3,VENTURE,A,4000,6.54,0,0.14,N,17
37,186000,OWN,7,VENTURE,A,3000,6.39,0,0.02,N,17
37,192000,MORTGAGE,14,DEBTCONSOLIDATION,A,25600,5.99,0,0.13,N,17
37,120000,MORTGAGE,5,PERSONAL,A,5400,5.99,0,0.04,N,17
37,52188,MORTGAGE,14,HOMEIMPROVEMENT,A,10000,5.79,0,0.19,N,17
37,84000,MORTGAGE,21,VENTURE,C,24000,,0,0.29,Y,17
37,59000,MORTGAGE,7,MEDICAL,A,11000,,0,0.19,N,17
37,75000,RENT,3,HOMEIMPROVEMENT,C,10000,,0,0.13,Y,17
37,30000,MORTGAGE,15,HOMEIMPROVEMENT,A,8000,,0,0.27,N,17
37,33600,RENT,3,PERSONAL,B,8000,,0,0.24,N,17
37,29808,RENT,4,VENTURE,C,7750,,1,0.26,Y,17
37,39600,MORTGAGE,17,HOMEIMPROVEMENT,A,6000,,0,0.15,N,17
37,75996,MORTGAGE,2,DEBTCONSOLIDATION,A,4400,,0,0.06,N,17
37,91800,MORTGAGE,0,MEDICAL,F,5000,19.47,1,0.05,Y,16
37,20800,RENT,3,VENTURE,F,4000,19.41,0,0.19,N,16
37,85000,OWN,3,EDUCATION,F,10000,18.43,0,0.12,Y,16
37,54000,MORTGAGE,21,DEBTCONSOLIDATION,D,25000,15.57,1,0.46,Y,16
37,38000,RENT,4,PERSONAL,D,6000,15.33,0,0.16,Y,16
37,250000,MORTGAGE,2,EDUCATION,C,34000,14.79,0,0.14,N,16
37,123000,MORTGAGE,1,PERSONAL,C,35000,14.27,0,0.28,Y,16
37,74568,RENT,0,PERSONAL,C,6000,14.26,0,0.08,Y,16
37,146000,MORTGAGE,5,DEBTCONSOLIDATION,C,10000,13.99,0,0.07,Y,16
37,124000,MORTGAGE,4,HOMEIMPROVEMENT,C,19000,13.92,0,0.15,Y,16
37,72000,MORTGAGE,9,EDUCATION,C,1600,13.92,0,0.02,Y,16
37,200000,MORTGAGE,3,EDUCATION,D,10000,13.8,0,0.05,N,16
37,26500,RENT,11,EDUCATION,C,2000,13.16,0,0.08,Y,16
37,94000,RENT,0,HOMEIMPROVEMENT,C,25000,13.11,1,0.27,N,16
37,79900,RENT,0,MEDICAL,C,25000,13.11,1,0.27,N,16
37,40000,RENT,1,VENTURE,C,21250,12.99,1,0.53,N,16
37,78000,RENT,0,MEDICAL,C,9600,12.99,0,0.12,N,16
37,33888,RENT,7,EDUCATION,D,3200,12.86,0,0.09,Y,16
37,21600,RENT,7,MEDICAL,B,3000,12.18,0,0.14,N,16
37,45600,RENT,2,DEBTCONSOLIDATION,B,4500,11.86,0,0.1,N,16
37,45000,RENT,1,DEBTCONSOLIDATION,B,9000,11.71,1,0.2,N,16
37,30960,RENT,5,VENTURE,B,4800,11.49,0,0.16,N,16
37,45000,RENT,6,PERSONAL,B,14000,11.36,1,0.31,N,16
37,50000,RENT,5,HOMEIMPROVEMENT,B,8000,10.99,0,0.16,N,16
37,65000,RENT,2,PERSONAL,B,20000,10.25,1,0.31,N,16
37,63000,RENT,6,HOMEIMPROVEMENT,B,5000,10.2,0,0.08,N,16
37,79000,RENT,2,DEBTCONSOLIDATION,B,6000,10,0,0.08,N,16
37,84000,RENT,4,HOMEIMPROVEMENT,B,5000,10,0,0.06,N,16
37,85000,MORTGAGE,19,HOMEIMPROVEMENT,B,10000,9.99,0,0.12,N,16
37,31200,MORTGAGE,5,EDUCATION,B,3000,9.99,0,0.1,N,16
37,100000,RENT,0,DEBTCONSOLIDATION,B,2400,9.99,0,0.02,N,16
37,40000,RENT,0,MEDICAL,B,12000,9.91,0,0.3,N,16
37,65000,MORTGAGE,12,PERSONAL,B,11000,9.91,0,0.17,N,16
37,45000,RENT,2,VENTURE,B,2400,9.91,0,0.05,N,16
37,130000,RENT,2,PERSONAL,B,13000,9.88,0,0.1,N,16
37,60000,MORTGAGE,17,HOMEIMPROVEMENT,A,6000,9.32,0,0.1,N,16
37,35000,RENT,5,MEDICAL,A,4000,9.32,1,0.11,N,16
37,30000,RENT,7,MEDICAL,B,10000,9.25,1,0.33,N,16
37,45996,MORTGAGE,11,VENTURE,B,6000,9.25,0,0.13,N,16
37,43200,RENT,5,VENTURE,B,18000,8.88,1,0.42,N,16
37,29000,RENT,,PERSONAL,B,6725,8.88,0,0.23,N,16
37,52000,MORTGAGE,3,DEBTCONSOLIDATION,B,6000,8.88,0,0.12,N,16
37,44700,RENT,0,DEBTCONSOLIDATION,A,9000,8.59,0,0.2,N,16
37,43000,RENT,1,MEDICAL,A,10000,7.9,0,0.23,N,16
37,110000,MORTGAGE,11,HOMEIMPROVEMENT,A,12000,7.88,0,0.11,N,16
37,68500,RENT,2,PERSONAL,A,8000,7.51,0,0.12,N,16
37,95000,RENT,0,DEBTCONSOLIDATION,A,7500,7.51,0,0.08,N,16
37,37500,RENT,0,PERSONAL,A,6750,6.91,0,0.18,N,16
37,80000,MORTGAGE,8,DEBTCONSOLIDATION,A,13000,6.62,0,0.16,N,16
37,90000,MORTGAGE,11,MEDICAL,A,4000,6.62,0,0.04,N,16
37,59448,RENT,6,DEBTCONSOLIDATION,A,12000,6.54,0,0.2,N,16
37,39960,OWN,21,PERSONAL,A,5600,6.54,0,0.14,N,16
37,55236,MORTGAGE,9,VENTURE,A,6500,6.03,0,0.12,N,16
37,38400,RENT,6,EDUCATION,D,23500,,1,0.61,Y,16
37,63000,RENT,2,DEBTCONSOLIDATION,B,11000,,0,0.17,N,16
37,88000,MORTGAGE,20,HOMEIMPROVEMENT,B,9925,,0,0.11,N,16
37,50000,RENT,1,DEBTCONSOLIDATION,C,8000,,0,0.16,N,16
37,29000,MORTGAGE,8,DEBTCONSOLIDATION,B,7750,,0,0.27,N,16
37,45000,RENT,11,PERSONAL,B,6000,,0,0.13,N,16
37,69996,MORTGAGE,10,PERSONAL,B,5000,,0,0.07,N,16
37,78000,RENT,0,VENTURE,A,3900,,0,0.05,N,16
37,17520,RENT,1,VENTURE,A,3000,,1,0.17,N,16
37,88000,RENT,4,EDUCATION,G,25000,19.66,1,0.28,Y,15
37,74000,RENT,0,EDUCATION,D,8000,16.89,1,0.11,N,15
37,108000,RENT,0,HOMEIMPROVEMENT,E,20000,16.32,1,0.19,N,15
37,68480,RENT,2,HOMEIMPROVEMENT,C,3600,15.23,0,0.05,Y,15
37,46680,MORTGAGE,6,VENTURE,D,8000,15.21,0,0.17,N,15
37,70000,MORTGAGE,3,EDUCATION,D,15000,15.2,0,0.21,N,15
37,24000,RENT,2,DEBTCONSOLIDATION,C,5000,14.65,0,0.21,Y,15
37,39000,RENT,11,EDUCATION,C,4000,14.65,1,0.1,Y,15
37,74784,RENT,8,HOMEIMPROVEMENT,E,15000,14.5,0,0.2,N,15
37,92000,RENT,,DEBTCONSOLIDATION,D,20000,14.46,1,0.22,N,15
37,65000,RENT,7,EDUCATION,C,12000,13.98,0,0.18,N,15
37,32000,RENT,4,DEBTCONSOLIDATION,C,10000,13.79,1,0.31,N,15
37,44000,RENT,12,VENTURE,C,3500,13.61,0,0.08,N,15
37,61000,MORTGAGE,6,DEBTCONSOLIDATION,C,10000,13.57,0,0.16,N,15
37,42000,RENT,2,VENTURE,C,8400,13.49,0,0.2,N,15
37,39600,RENT,2,PERSONAL,C,11500,13.48,0,0.29,N,15
37,50000,RENT,1,DEBTCONSOLIDATION,C,15000,13.22,0,0.3,Y,15
37,52000,RENT,0,VENTURE,C,14000,13.16,0,0.27,Y,15
37,60000,MORTGAGE,4,DEBTCONSOLIDATION,C,12000,12.73,0,0.2,N,15
37,51000,RENT,11,PERSONAL,B,10000,12.69,0,0.2,N,15
37,42000,RENT,5,DEBTCONSOLIDATION,B,8000,12.69,0,0.19,N,15
37,60000,RENT,0,EDUCATION,C,3000,12.53,0,0.05,N,15
37,60000,RENT,,DEBTCONSOLIDATION,B,15000,12.42,0,0.25,N,15
37,30000,RENT,8,VENTURE,B,12000,12.42,1,0.4,N,15
37,77000,MORTGAGE,2,VENTURE,C,15000,12.29,0,0.19,N,15
37,105000,MORTGAGE,2,EDUCATION,B,25000,12.18,0,0.24,N,15
37,780000,RENT,9,HOMEIMPROVEMENT,B,7500,12.18,0,0.01,N,15
37,70000,RENT,3,EDUCATION,B,4900,12.18,0,0.07,N,15
37,145000,MORTGAGE,0,DEBTCONSOLIDATION,B,21000,11.99,0,0.14,N,15
37,30480,OWN,1,MEDICAL,B,1200,11.99,0,0.04,N,15
37,55200,RENT,9,MEDICAL,B,12000,11.71,0,0.22,N,15
37,40000,RENT,1,VENTURE,B,3000,11.71,0,0.07,N,15
37,92000,RENT,0,VENTURE,B,21000,11.63,0,0.23,N,15
37,26240,RENT,0,VENTURE,B,6600,11.49,0,0.25,N,15
37,40000,MORTGAGE,2,MEDICAL,B,16000,10.99,0,0.4,N,15
37,25000,RENT,6,EDUCATION,B,7500,10.99,0,0.3,N,15
37,65000,MORTGAGE,0,PERSONAL,B,4000,10.75,0,0.06,N,15
37,60000,RENT,4,MEDICAL,B,14400,10.62,0,0.24,N,15
37,66560,RENT,11,DEBTCONSOLIDATION,B,7200,10,0,0.11,N,15
37,67600,MORTGAGE,6,EDUCATION,B,33000,9.99,0,0.49,N,15
37,58000,RENT,1,EDUCATION,B,9500,9.96,0,0.16,N,15
37,55000,RENT,19,DEBTCONSOLIDATION,B,30000,9.91,1,0.55,N,15
37,40000,RENT,0,VENTURE,B,12000,9.91,0,0.3,N,15
37,40000,OWN,6,PERSONAL,B,3000,9.91,0,0.07,N,15
37,125000,MORTGAGE,1,HOMEIMPROVEMENT,A,8000,9.32,0,0.06,N,15
37,156000,MORTGAGE,16,HOMEIMPROVEMENT,A,4000,8.49,0,0.03,N,15
37,48000,MORTGAGE,4,HOMEIMPROVEMENT,A,7000,7.9,0,0.15,N,15
37,36000,MORTGAGE,21,VENTURE,A,8000,7.88,0,0.22,N,15
37,48000,MORTGAGE,3,HOMEIMPROVEMENT,A,3500,7.88,0,0.07,N,15
37,120996,MORTGAGE,14,HOMEIMPROVEMENT,A,4000,7.66,0,0.03,N,15
37,75600,MORTGAGE,3,DEBTCONSOLIDATION,A,28000,7.49,0,0.37,N,15
37,32000,RENT,0,VENTURE,A,12000,7.49,1,0.38,N,15
37,70000,RENT,6,HOMEIMPROVEMENT,A,8400,7.49,0,0.12,N,15
37,45000,RENT,1,DEBTCONSOLIDATION,A,7000,7.49,0,0.16,N,15
37,88000,RENT,11,PERSONAL,A,3000,7.4,0,0.03,N,15
37,44000,RENT,0,PERSONAL,A,10000,6.91,0,0.23,N,15
37,65000,RENT,7,DEBTCONSOLIDATION,A,9000,6.91,0,0.14,N,15
37,89000,MORTGAGE,3,EDUCATION,A,5000,6.91,0,0.06,N,15
37,90000,MORTGAGE,11,DEBTCONSOLIDATION,A,4000,6.62,0,0.04,N,15
37,160000,MORTGAGE,3,PERSONAL,A,24000,6.54,0,0.15,N,15
37,155000,MORTGAGE,11,HOMEIMPROVEMENT,A,20000,6.54,0,0.13,N,15
37,22800,OWN,18,EDUCATION,A,7000,6.03,0,0.31,N,15
37,28800,RENT,0,EDUCATION,A,5500,6.03,0,0.19,N,15
37,100000,MORTGAGE,13,VENTURE,A,18400,5.99,0,0.18,N,15
37,73000,MORTGAGE,4,DEBTCONSOLIDATION,A,5000,5.99,0,0.07,N,15
37,72000,MORTGAGE,12,VENTURE,A,5600,5.42,0,0.08,N,15
37,54538,MORTGAGE,21,VENTURE,B,20000,,0,0.37,N,15
37,60000,RENT,21,DEBTCONSOLIDATION,B,16000,,0,0.27,N,15
37,60000,RENT,21,VENTURE,B,16000,,0,0.27,N,15
37,53000,RENT,3,MEDICAL,C,15600,,0,0.29,N,15
37,97000,MORTGAGE,7,PERSONAL,A,10000,,0,0.1,N,15
37,97000,MORTGAGE,7,DEBTCONSOLIDATION,A,10000,,0,0.1,N,15
37,75000,RENT,3,VENTURE,C,10000,,0,0.13,Y,15
37,54000,MORTGAGE,10,HOMEIMPROVEMENT,D,8000,,0,0.15,Y,15
37,54000,MORTGAGE,10,PERSONAL,D,8000,,0,0.15,N,15
37,80000,MORTGAGE,0,HOMEIMPROVEMENT,C,3000,,0,0.04,Y,15
37,71400,MORTGAGE,7,MEDICAL,E,3100,20.69,1,0.04,Y,14
37,29000,RENT,5,PERSONAL,E,7200,19.03,1,0.25,Y,14
37,244800,MORTGAGE,20,MEDICAL,E,35000,18.39,1,0.12,N,14
37,78000,MORTGAGE,9,DEBTCONSOLIDATION,E,20000,16.35,1,0.26,N,14
37,74000,MORTGAGE,6,PERSONAL,D,10000,16.29,1,0.14,N,14
37,48000,RENT,3,MEDICAL,D,7500,16.29,0,0.16,N,14
37,60000,RENT,1,VENTURE,D,10000,15.99,1,0.17,Y,14
37,25000,RENT,0,VENTURE,D,2775,15.65,1,0.11,Y,14
37,200000,MORTGAGE,7,EDUCATION,D,25000,15.57,0,0.13,N,14
37,41000,RENT,3,PERSONAL,D,10750,15.37,0,0.26,N,14
37,59000,RENT,0,PERSONAL,D,5000,14.84,1,0.08,Y,14
37,24000,RENT,2,VENTURE,C,5000,14.65,0,0.21,N,14
37,59000,RENT,2,EDUCATION,D,4800,14.54,1,0.08,Y,14
37,85000,RENT,3,EDUCATION,C,10000,14.27,0,0.12,N,14
37,144000,MORTGAGE,15,EDUCATION,C,10000,14.17,0,0.07,Y,14
37,32000,RENT,4,MEDICAL,C,10000,13.79,1,0.31,N,14
37,42000,RENT,2,MEDICAL,C,8400,13.49,0,0.2,N,14
37,43000,RENT,1,VENTURE,C,4200,13.49,0,0.1,Y,14
37,40800,OWN,0,VENTURE,C,4000,13.49,0,0.1,Y,14
37,42000,RENT,3,PERSONAL,C,10200,13.16,0,0.24,N,14
37,45000,RENT,2,HOMEIMPROVEMENT,B,20000,12.53,1,0.44,N,14
37,64680,RENT,10,DEBTCONSOLIDATION,B,3000,12.53,0,0.05,N,14
37,30000,RENT,0,EDUCATION,B,10800,12.21,1,0.36,N,14
37,21600,RENT,7,MEDICAL,B,3000,12.18,0,0.14,N,14
37,40800,OWN,4,PERSONAL,B,2875,11.99,0,0.07,N,14
37,87950,MORTGAGE,3,EDUCATION,B,14250,11.89,0,0.16,N,14
37,37000,OWN,5,VENTURE,B,6075,11.86,0,0.16,N,14
37,35000,OWN,2,PERSONAL,B,13250,11.71,0,0.38,N,14
37,52000,RENT,21,HOMEIMPROVEMENT,B,10000,11.71,0,0.19,N,14
37,50000,RENT,1,VENTURE,B,3000,11.58,0,0.06,N,14
37,300000,MORTGAGE,7,EDUCATION,B,25000,11.49,0,0.08,N,14
37,40000,OWN,1,VENTURE,B,15000,11.48,0,0.38,N,14
37,80004,RENT,7,MEDICAL,B,14500,11.26,0,0.18,N,14
37,44196,RENT,0,MEDICAL,B,12400,11.26,0,0.28,N,14
37,92000,OWN,15,MEDICAL,B,12000,11.14,0,0.13,N,14
37,145124,MORTGAGE,21,PERSONAL,B,11375,10.99,1,0.08,N,14
37,46000,MORTGAGE,9,EDUCATION,B,5000,10.75,0,0.11,N,14
37,36000,RENT,2,PERSONAL,B,4800,10.75,0,0.13,N,14
37,70000,MORTGAGE,2,VENTURE,B,30000,10.65,0,0.43,N,14
37,39870,RENT,8,MEDICAL,B,10000,10.65,0,0.25,N,14
37,48000,RENT,6,PERSONAL,B,4200,10.59,0,0.09,N,14
37,108000,RENT,16,EDUCATION,B,8000,10.46,1,0.07,N,14
37,205000,MORTGAGE,3,EDUCATION,B,18000,10.39,0,0.09,N,14
37,600000,OWN,11,HOMEIMPROVEMENT,B,16000,10.25,0,0.03,N,14
37,88296,MORTGAGE,8,HOMEIMPROVEMENT,B,15000,10.14,0,0.17,N,14
37,130000,RENT,2,VENTURE,B,13000,9.88,0,0.1,N,14
37,45000,RENT,0,DEBTCONSOLIDATION,A,8000,9.63,0,0.18,N,14
37,45000,RENT,1,MEDICAL,A,7200,9.63,0,0.16,N,14
37,38200,RENT,0,VENTURE,A,12000,8.94,1,0.31,N,14
37,60000,RENT,4,VENTURE,A,7175,7.9,0,0.12,N,14
37,49500,RENT,0,MEDICAL,A,10000,7.66,0,0.2,N,14
37,61260,MORTGAGE,2,MEDICAL,A,6350,7.51,0,0.1,N,14
37,51000,RENT,5,DEBTCONSOLIDATION,A,1800,7.51,0,0.04,N,14
37,92500,RENT,1,EDUCATION,A,15000,7.49,0,0.16,N,14
37,74400,OWN,21,VENTURE,A,7500,7.05,0,0.1,N,14
37,48000,RENT,8,EDUCATION,A,3000,6.99,0,0.06,N,14
37,24000,RENT,4,MEDICAL,A,7000,6.92,0,0.29,N,14
37,65000,RENT,7,EDUCATION,A,9000,6.91,0,0.14,N,14
37,45000,OWN,5,VENTURE,A,10800,6.03,0,0.24,N,14
37,65000,RENT,2,DEBTCONSOLIDATION,A,10000,5.42,0,0.15,N,14
37,200000,MORTGAGE,2,DEBTCONSOLIDATION,A,6000,5.42,0,0.03,N,14
37,52000,MORTGAGE,1,VENTURE,A,15000,,0,0.29,N,14
37,42000,RENT,0,MEDICAL,A,12000,,0,0.29,N,14
37,79992,MORTGAGE,2,PERSONAL,C,9000,,1,0.11,Y,14
37,20004,RENT,0,VENTURE,B,5000,,0,0.25,N,14
37,55000,RENT,4,PERSONAL,B,3000,,0,0.05,N,14
37,49000,RENT,2,DEBTCONSOLIDATION,C,3000,,1,0.06,Y,14
37,25700,MORTGAGE,5,EDUCATION,D,1600,,0,0.06,N,14
37,51000,RENT,11,VENTURE,D,6400,16.89,0,0.13,Y,13
37,54000,MORTGAGE,1,EDUCATION,D,3500,16.89,1,0.06,Y,13
37,170004,MORTGAGE,1,HOMEIMPROVEMENT,E,25000,16.45,0,0.15,Y,13
37,108000,RENT,0,VENTURE,E,20000,16.32,1,0.19,N,13
37,55000,RENT,3,HOMEIMPROVEMENT,E,7000,16.32,0,0.13,Y,13
37,76066,RENT,10,DEBTCONSOLIDATION,D,24250,15.65,1,0.32,Y,13
37,40680,MORTGAGE,6,DEBTCONSOLIDATION,D,8000,15.21,1,0.2,N,13
37,46996,MORTGAGE,2,EDUCATION,C,13750,13.98,0,0.29,N,13
37,18000,OWN,4,PERSONAL,C,1500,13.47,0,0.08,N,13
37,95000,MORTGAGE,10,HOMEIMPROVEMENT,C,3250,13.35,0,0.03,N,13
37,108996,RENT,15,EDUCATION,C,16000,13.11,0,0.15,Y,13
37,78000,RENT,14,EDUCATION,C,10200,13.06,0,0.13,Y,13
37,117000,MORTGAGE,15,HOMEIMPROVEMENT,C,8000,13.06,0,0.07,N,13
37,900000,MORTGAGE,5,PERSONAL,C,25000,12.87,0,0.03,Y,13
37,44004,RENT,2,PERSONAL,C,9200,12.84,1,0.21,N,13
37,408000,RENT,14,EDUCATION,C,6000,12.61,0,0.01,N,13
37,73000,RENT,4,HOMEIMPROVEMENT,B,11500,12.21,0,0.16,N,13
37,780000,RENT,9,VENTURE,B,7500,12.18,0,0.01,N,13
37,100000,MORTGAGE,3,VENTURE,B,6000,11.99,0,0.06,N,13
37,66000,MORTGAGE,,EDUCATION,B,25000,11.86,1,0.38,N,13
37,80000,MORTGAGE,18,MEDICAL,B,20000,11.83,0,0.25,N,13
37,43000,RENT,0,MEDICAL,B,8000,11.49,0,0.19,N,13
37,46000,RENT,4,EDUCATION,B,6000,11.49,0,0.13,N,13
37,65004,MORTGAGE,5,MEDICAL,B,17000,11.26,0,0.26,N,13
37,7200,RENT,0,VENTURE,B,1000,11.14,0,0.14,N,13
37,30000,RENT,6,MEDICAL,C,3000,11.03,0,0.1,N,13
37,65379,MORTGAGE,5,PERSONAL,B,10000,10.39,0,0.15,N,13
37,55000,OWN,2,VENTURE,B,24375,10.37,0,0.44,N,13
37,59000,MORTGAGE,3,HOMEIMPROVEMENT,B,9000,10.25,0,0.15,N,13
37,80000,MORTGAGE,5,DEBTCONSOLIDATION,B,10000,9.99,0,0.13,N,13
37,12360,RENT,3,EDUCATION,B,4000,9.99,1,0.32,N,13
37,12360,RENT,3,VENTURE,B,4000,9.99,1,0.32,N,13
37,24000,RENT,5,DEBTCONSOLIDATION,B,10000,9.76,1,0.42,N,13
37,63000,RENT,1,DEBTCONSOLIDATION,A,14900,9.63,0,0.24,N,13
37,39996,RENT,2,MEDICAL,A,1800,9.63,0,0.05,N,13
37,69000,OWN,12,HOMEIMPROVEMENT,A,12000,9.32,0,0.17,N,13
37,30000,RENT,7,PERSONAL,B,10000,9.25,1,0.33,N,13
37,49000,RENT,0,MEDICAL,B,4000,9.25,0,0.08,N,13
37,55000,RENT,0,VENTURE,A,4800,8.9,0,0.09,N,13
37,85000,RENT,21,VENTURE,A,1200,8.9,0,0.01,N,13
37,39480,OWN,4,VENTURE,A,8000,8.49,0,0.2,N,13
37,38400,MORTGAGE,4,VENTURE,A,7000,7.9,0,0.18,N,13
37,95000,RENT,3,MEDICAL,A,10000,7.88,0,0.11,N,13
37,135000,RENT,1,VENTURE,A,10000,7.74,0,0.07,N,13
37,15000,OWN,0,VENTURE,A,5000,7.74,1,0.33,N,13
37,14400,RENT,2,PERSONAL,A,6950,7.66,1,0.48,N,13
37,90000,RENT,15,PERSONAL,A,12000,7.51,0,0.13,N,13
37,160000,MORTGAGE,14,HOMEIMPROVEMENT,A,10000,7.51,0,0.06,N,13
37,42000,RENT,3,VENTURE,A,3000,7.51,0,0.07,N,13
37,44000,MORTGAGE,14,PERSONAL,A,5000,7.49,0,0.11,N,13
37,86500,MORTGAGE,13,EDUCATION,A,6500,7.14,0,0.08,N,13
37,54996,MORTGAGE,5,HOMEIMPROVEMENT,A,7000,6.92,0,0.13,N,13
37,80000,MORTGAGE,8,DEBTCONSOLIDATION,A,13000,6.62,0,0.16,N,13
37,32000,OWN,8,HOMEIMPROVEMENT,A,12150,6.62,0,0.38,N,13
37,186000,OWN,7,VENTURE,A,3000,6.39,0,0.02,N,13
37,60000,RENT,17,VENTURE,A,5000,6.17,0,0.08,N,13
37,42000,MORTGAGE,,DEBTCONSOLIDATION,A,3000,6.17,1,0.07,N,13
37,36000,MORTGAGE,5,DEBTCONSOLIDATION,A,12000,6.03,0,0.33,N,13
37,47908,RENT,3,VENTURE,A,10950,5.99,0,0.23,N,13
37,85000,MORTGAGE,2,VENTURE,A,5600,5.42,0,0.07,N,13
37,44000,RENT,14,EDUCATION,A,1000,5.42,0,0.02,N,13
37,114000,RENT,10,VENTURE,F,25000,,0,0.22,N,13
37,101644,RENT,13,VENTURE,B,14000,,0,0.14,N,13
37,96996,MORTGAGE,21,PERSONAL,A,13000,,0,0.13,N,13
37,42000,RENT,0,MEDICAL,A,12000,,0,0.29,N,13
37,56500,MORTGAGE,4,EDUCATION,B,10000,,0,0.18,N,13
37,52700,RENT,1,VENTURE,C,7700,,0,0.15,N,13
37,48000,RENT,5,PERSONAL,A,7500,,0,0.16,N,13
37,63000,RENT,0,HOMEIMPROVEMENT,B,4000,,0,0.06,N,13
37,21600,RENT,4,DEBTCONSOLIDATION,D,3800,,1,0.18,Y,13
37,88000,RENT,4,PERSONAL,G,25000,19.66,1,0.28,Y,12
37,26400,RENT,0,MEDICAL,E,10000,19.03,1,0.38,Y,12
37,124000,MORTGAGE,4,HOMEIMPROVEMENT,E,30000,17.99,0,0.24,N,12
37,59000,MORTGAGE,11,DEBTCONSOLIDATION,E,15000,17.99,1,0.25,N,12
37,48000,RENT,3,MEDICAL,D,7500,16.29,0,0.16,Y,12
37,32400,OWN,0,EDUCATION,D,8000,15.99,0,0.25,N,12
37,25000,RENT,0,HOMEIMPROVEMENT,D,2775,15.65,1,0.11,N,12
37,59000,MORTGAGE,10,MEDICAL,D,12000,15.62,1,0.2,Y,12
37,103000,RENT,1,EDUCATION,D,10000,15.62,1,0.1,Y,12
37,138000,MORTGAGE,19,EDUCATION,D,4000,15.62,0,0.03,N,12
37,260000,MORTGAGE,12,VENTURE,D,20000,14.96,0,0.08,N,12
37,91800,MORTGAGE,21,MEDICAL,D,20000,14.84,1,0.19,Y,12
37,61260,RENT,6,VENTURE,C,4000,14.82,0,0.07,Y,12
37,65000,RENT,7,HOMEIMPROVEMENT,C,12000,13.98,0,0.18,N,12
37,72000,MORTGAGE,9,PERSONAL,C,1600,13.92,0,0.02,N,12
37,133000,RENT,3,MEDICAL,C,9000,13.85,0,0.07,Y,12
37,150000,MORTGAGE,9,EDUCATION,C,10000,13.48,0,0.07,N,12
37,54000,RENT,2,VENTURE,C,5500,13.23,1,0.1,Y,12
37,26500,RENT,11,MEDICAL,C,2000,13.16,0,0.08,N,12
37,25000,OWN,8,VENTURE,C,10625,13.06,0,0.42,Y,12
37,65000,RENT,2,EDUCATION,C,13000,12.99,0,0.2,Y,12
37,42000,MORTGAGE,9,EDUCATION,C,4500,12.99,0,0.11,N,12
37,74000,RENT,9,HOMEIMPROVEMENT,C,19200,12.87,1,0.26,Y,12
37,51000,MORTGAGE,3,DEBTCONSOLIDATION,C,12800,12.84,0,0.25,N,12
37,89532,RENT,9,MEDICAL,B,6600,12.53,0,0.07,N,12
37,45000,OWN,11,EDUCATION,B,12000,12.21,0,0.27,N,12
37,40000,RENT,8,VENTURE,B,5000,12.18,0,0.13,N,12
37,88000,MORTGAGE,3,HOMEIMPROVEMENT,B,6000,11.99,1,0.07,N,12
37,50000,RENT,0,DEBTCONSOLIDATION,B,5000,11.89,0,0.1,N,12
37,50000,RENT,0,VENTURE,B,5000,11.89,0,0.1,N,12
37,45000,RENT,1,PERSONAL,B,9000,11.71,1,0.2,N,12
37,110000,RENT,12,EDUCATION,B,25000,10.99,0,0.23,N,12
37,39000,RENT,5,PERSONAL,B,15000,10.96,1,0.38,N,12
37,78000,MORTGAGE,0,PERSONAL,B,5600,10.74,1,0.07,N,12
37,37000,MORTGAGE,7,EDUCATION,B,4000,10.59,0,0.11,N,12
37,27052,RENT,2,VENTURE,B,6000,10.37,0,0.22,N,12
37,35496,RENT,5,VENTURE,B,3600,10.37,0,0.1,N,12
37,54696,RENT,4,PERSONAL,B,9600,9.99,0,0.18,N,12
37,70000,MORTGAGE,7,MEDICAL,B,25000,9.76,0,0.36,N,12
37,60000,RENT,1,PERSONAL,B,6400,9.64,0,0.11,N,12
37,57552,MORTGAGE,0,DEBTCONSOLIDATION,A,15000,9.63,0,0.26,N,12
37,48000,RENT,0,PERSONAL,B,2500,9.62,0,0.05,N,12
37,60000,OWN,15,HOMEIMPROVEMENT,A,5000,9.32,0,0.08,N,12
37,90000,RENT,21,VENTURE,A,10000,8.94,0,0.11,N,12
37,90000,MORTGAGE,11,DEBTCONSOLIDATION,B,22000,8.88,0,0.24,N,12
37,55900,MORTGAGE,1,PERSONAL,B,17000,8.7,0,0.3,N,12
37,26000,OWN,2,MEDICAL,A,6000,8.59,0,0.23,N,12
37,21600,RENT,4,MEDICAL,A,6500,8.49,0,0.3,N,12
37,40000,MORTGAGE,13,VENTURE,A,17500,7.9,0,0.44,N,12
37,103000,RENT,3,DEBTCONSOLIDATION,A,18550,7.88,0,0.18,N,12
37,38304,RENT,3,PERSONAL,A,12000,7.88,1,0.31,N,12
37,48500,MORTGAGE,4,PERSONAL,A,6000,7.88,0,0.12,N,12
37,42500,RENT,1,MEDICAL,A,3600,7.88,0,0.08,N,12
37,40080,RENT,7,MEDICAL,A,2350,7.88,0,0.06,N,12
37,140000,MORTGAGE,15,HOMEIMPROVEMENT,A,14000,7.51,0,0.1,N,12
37,77000,MORTGAGE,,MEDICAL,A,4500,6.99,0,0.06,N,12
37,28500,MORTGAGE,6,EDUCATION,A,1800,6.76,0,0.06,N,12
37,50000,MORTGAGE,0,EDUCATION,A,20000,6.17,0,0.4,N,12
37,22800,OWN,18,EDUCATION,A,7000,6.03,0,0.31,N,12
37,31200,OWN,1,VENTURE,A,6600,5.42,0,0.21,N,12
37,50000,MORTGAGE,6,MEDICAL,B,16000,,0,0.32,N,12
37,30000,RENT,6,PERSONAL,D,15000,,1,0.5,N,12
37,528000,RENT,4,VENTURE,D,15000,,0,0.03,N,12
37,60000,RENT,11,MEDICAL,A,10000,,0,0.17,N,12
37,58000,RENT,2,DEBTCONSOLIDATION,B,10000,,0,0.17,N,12
37,47004,RENT,5,EDUCATION,B,8000,,0,0.17,N,12
37,27000,RENT,4,MEDICAL,B,5500,,0,0.2,N,12
37,40000,OWN,16,HOMEIMPROVEMENT,B,5000,,0,0.13,N,12
37,200004,MORTGAGE,0,PERSONAL,C,5000,,0,0.02,N,12
37,20004,RENT,0,DEBTCONSOLIDATION,B,5000,,0,0.25,N,12
37,97000,RENT,8,HOMEIMPROVEMENT,F,25000,19.41,0,0.26,N,11
37,24000,RENT,3,HOMEIMPROVEMENT,E,3000,19.03,1,0.13,N,11
37,19896,RENT,0,EDUCATION,E,10000,17.14,1,0.5,N,11
37,25000,RENT,5,MEDICAL,D,10000,16.29,1,0.4,N,11
37,30000,OWN,13,EDUCATION,D,4800,16.29,0,0.16,N,11
37,32400,OWN,0,HOMEIMPROVEMENT,D,8000,15.99,0,0.25,N,11
37,53976,RENT,,VENTURE,D,4400,15.62,1,0.08,Y,11
37,52200,MORTGAGE,2,DEBTCONSOLIDATION,E,16000,15.25,1,0.31,N,11
37,68480,RENT,2,MEDICAL,C,3600,15.23,0,0.05,Y,11
37,42000,MORTGAGE,0,MEDICAL,C,3000,15.23,0,0.07,Y,11
37,21000,RENT,19,PERSONAL,D,5000,15.21,0,0.24,N,11
37,120000,MORTGAGE,21,PERSONAL,D,20000,14.84,0,0.17,N,11
37,74784,RENT,8,HOMEIMPROVEMENT,E,15000,14.5,0,0.2,N,11
37,33280,RENT,2,DEBTCONSOLIDATION,C,8400,13.92,0,0.25,N,11
37,60000,RENT,0,VENTURE,C,9700,13.61,0,0.16,Y,11
37,88000,MORTGAGE,2,VENTURE,C,1000,13.48,0,0.01,Y,11
37,120000,RENT,4,VENTURE,C,20000,13.47,0,0.17,Y,11
37,39700,MORTGAGE,4,HOMEIMPROVEMENT,C,15000,13.23,0,0.38,Y,11
37,50000,RENT,1,HOMEIMPROVEMENT,C,15000,13.22,0,0.3,Y,11
37,52000,RENT,0,VENTURE,C,14000,13.16,0,0.27,N,11
37,69996,RENT,5,MEDICAL,C,20400,13.06,0,0.29,Y,11
37,84000,MORTGAGE,11,HOMEIMPROVEMENT,C,8225,12.99,0,0.1,Y,11
37,85000,MORTGAGE,4,HOMEIMPROVEMENT,B,5500,12.69,0,0.06,N,11
37,60000,RENT,0,DEBTCONSOLIDATION,C,3000,12.53,0,0.05,Y,11
37,71000,MORTGAGE,11,DEBTCONSOLIDATION,B,11200,12.42,0,0.16,N,11
37,73000,RENT,4,DEBTCONSOLIDATION,B,11500,12.21,0,0.16,N,11
37,93000,MORTGAGE,2,VENTURE,B,18000,12.18,0,0.19,N,11
37,75000,MORTGAGE,0,VENTURE,C,17000,11.78,0,0.23,N,11
37,74000,RENT,7,PERSONAL,B,15000,11.71,0,0.2,N,11
37,24500,RENT,0,PERSONAL,B,2400,11.71,0,0.1,N,11
37,27036,RENT,2,VENTURE,B,5000,11.49,0,0.18,N,11
37,110000,MORTGAGE,0,MEDICAL,B,24000,11.36,0,0.22,N,11
37,27000,RENT,0,MEDICAL,B,1800,11.36,0,0.07,N,11
37,178008,RENT,12,DEBTCONSOLIDATION,B,7500,11.14,0,0.04,N,11
37,58000,RENT,9,MEDICAL,B,18200,10.99,1,0.31,N,11
37,145124,MORTGAGE,21,PERSONAL,B,11375,10.99,1,0.08,N,11
37,200000,MORTGAGE,3,HOMEIMPROVEMENT,B,25000,10.75,0,0.13,N,11
37,30000,RENT,6,MEDICAL,B,6500,10.37,0,0.22,N,11
37,185000,MORTGAGE,15,VENTURE,B,4000,10,0,0.02,N,11
37,25000,OWN,2,VENTURE,B,5000,9.91,0,0.2,N,11
37,78000,MORTGAGE,5,DEBTCONSOLIDATION,B,12000,9.83,0,0.15,N,11
37,45000,RENT,1,MEDICAL,A,7200,9.63,0,0.16,N,11
37,117000,MORTGAGE,3,PERSONAL,A,10000,8.94,0,0.09,N,11
37,35000,OWN,,MEDICAL,A,16000,8.9,0,0.46,N,11
37,50400,RENT,9,VENTURE,A,1800,8.9,0,0.04,N,11
37,43000,RENT,2,MEDICAL,B,8500,8.88,0,0.2,N,11
37,55900,MORTGAGE,1,EDUCATION,B,17000,8.7,0,0.3,N,11
37,79600,RENT,5,EDUCATION,A,5500,7.88,0,0.07,N,11
37,117000,RENT,10,EDUCATION,A,10000,7.66,0,0.09,N,11
37,90000,RENT,15,HOMEIMPROVEMENT,A,12000,7.51,0,0.13,N,11
37,60000,RENT,7,HOMEIMPROVEMENT,A,10000,7.51,0,0.17,N,11
37,68000,OWN,20,VENTURE,A,7000,7.29,0,0.1,N,11
37,74400,OWN,21,VENTURE,A,7500,7.05,0,0.1,N,11
37,105000,RENT,6,DEBTCONSOLIDATION,A,14000,6.03,0,0.13,N,11
37,50000,MORTGAGE,15,VENTURE,A,8400,6.03,0,0.17,N,11
37,75000,MORTGAGE,,MEDICAL,A,6000,6.03,0,0.08,N,11
37,48000,OWN,8,PERSONAL,A,2500,6.03,0,0.05,N,11
37,6000,OWN,3,VENTURE,A,1300,6.03,1,0.22,N,11
37,33000,RENT,0,VENTURE,A,10000,5.99,0,0.3,N,11
37,53532,MORTGAGE,12,DEBTCONSOLIDATION,A,4000,5.42,0,0.07,N,11
37,48000,RENT,0,DEBTCONSOLIDATION,B,14725,,1,0.31,N,11
37,117300,MORTGAGE,12,MEDICAL,A,10000,,1,0.07,N,11
37,70000,MORTGAGE,0,VENTURE,B,10000,,0,0.14,N,11
37,47000,MORTGAGE,4,PERSONAL,A,7000,,0,0.15,N,11
37,21600,RENT,4,MEDICAL,D,3800,,1,0.18,N,11
37,63000,RENT,1,DEBTCONSOLIDATION,C,3200,,0,0.05,N,11
37,14000,RENT,0,DEBTCONSOLIDATION,B,2400,,1,0.17,N,11
36,34000,RENT,0,HOMEIMPROVEMENT,E,8000,17.74,1,0.24,N,17
36,73000,MORTGAGE,3,DEBTCONSOLIDATION,D,8000,17.49,1,0.11,N,17
36,36000,OWN,4,MEDICAL,D,10000,16.29,0,0.28,Y,17
36,238000,MORTGAGE,2,DEBTCONSOLIDATION,E,25000,15.95,1,0.11,N,17
36,135000,MORTGAGE,1,VENTURE,D,2500,14.91,0,0.02,N,17
36,53000,MORTGAGE,0,DEBTCONSOLIDATION,C,2200,14.35,0,0.04,Y,17
36,39600,MORTGAGE,17,EDUCATION,D,1800,14.09,1,0.05,Y,17
36,50000,RENT,6,VENTURE,C,7200,13.98,0,0.14,N,17
36,103000,RENT,0,DEBTCONSOLIDATION,C,20000,13.79,0,0.19,Y,17
36,82000,RENT,12,HOMEIMPROVEMENT,C,18000,13.22,0,0.22,N,17
36,43680,MORTGAGE,0,VENTURE,C,15000,13.11,0,0.34,Y,17
36,81000,MORTGAGE,9,HOMEIMPROVEMENT,C,6000,12.99,0,0.07,N,17
36,36000,RENT,3,DEBTCONSOLIDATION,C,9000,12.73,0,0.25,Y,17
36,38160,RENT,3,EDUCATION,C,6000,12.61,0,0.16,N,17
36,45600,RENT,8,PERSONAL,D,8775,12.36,0,0.19,Y,17
36,34000,RENT,5,MEDICAL,C,5500,12.29,0,0.16,N,17
36,30000,RENT,0,EDUCATION,B,9000,12.18,0,0.3,N,17
36,192000,OTHER,11,VENTURE,B,20000,11.48,0,0.1,N,17
36,72000,OWN,5,VENTURE,B,6000,11.36,0,0.08,N,17
36,52000,MORTGAGE,11,PERSONAL,B,1500,11.36,1,0.03,N,17
36,30000,RENT,1,DEBTCONSOLIDATION,B,5000,11.14,0,0.17,N,17
36,50700,RENT,2,HOMEIMPROVEMENT,B,8000,10.99,0,0.16,N,17
36,20004,RENT,1,VENTURE,B,4375,10.74,0,0.22,N,17
36,41000,MORTGAGE,6,DEBTCONSOLIDATION,B,6250,10.62,0,0.15,N,17
36,65000,RENT,7,MEDICAL,B,15000,10.59,0,0.23,N,17
36,24000,RENT,1,EDUCATION,B,5000,10.36,0,0.21,N,17
36,53000,RENT,1,EDUCATION,A,3500,9.32,0,0.07,N,17
36,36000,RENT,7,PERSONAL,A,16000,8.9,1,0.44,N,17
36,35000,MORTGAGE,5,DEBTCONSOLIDATION,A,12000,8.9,0,0.34,N,17
36,40000,MORTGAGE,8,EDUCATION,A,6000,8.49,0,0.15,N,17
36,155000,MORTGAGE,9,DEBTCONSOLIDATION,A,30000,7.9,0,0.19,N,17
36,250000,RENT,2,DEBTCONSOLIDATION,A,20000,7.88,0,0.08,N,17
36,250000,RENT,2,DEBTCONSOLIDATION,A,20000,7.88,0,0.08,N,17
36,60000,MORTGAGE,12,EDUCATION,A,15000,7.88,0,0.25,N,17
36,166000,RENT,4,MEDICAL,A,10000,7.88,0,0.06,N,17
36,126251,RENT,16,HOMEIMPROVEMENT,A,14000,7.66,0,0.11,N,17
36,56500,MORTGAGE,7,VENTURE,A,12000,7.49,0,0.21,N,17
36,150000,MORTGAGE,8,EDUCATION,A,3000,7.29,0,0.02,N,17
36,100000,MORTGAGE,17,DEBTCONSOLIDATION,A,6000,7.14,0,0.06,N,17
36,22000,MORTGAGE,0,EDUCATION,A,8000,6.99,0,0.36,N,17
36,75000,RENT,12,MEDICAL,A,7000,6.92,0,0.09,N,17
36,54500,MORTGAGE,6,VENTURE,A,20500,6.91,0,0.38,N,17
36,58000,RENT,18,DEBTCONSOLIDATION,A,5000,6.62,0,0.09,N,17
36,76800,MORTGAGE,18,PERSONAL,A,6200,5.99,0,0.08,N,17
36,39000,MORTGAGE,8,VENTURE,A,7000,5.79,0,0.18,N,17
36,60000,RENT,2,PERSONAL,A,2400,5.79,0,0.04,N,17
36,122000,RENT,2,HOMEIMPROVEMENT,A,15000,,0,0.12,N,17
36,52000,MORTGAGE,20,VENTURE,A,8325,,0,0.16,N,17
36,33000,RENT,2,PERSONAL,B,4000,,1,0.12,N,17
36,49896,MORTGAGE,8,VENTURE,A,2800,,0,0.06,N,17
36,33600,OWN,,VENTURE,E,15000,18.39,0,0.45,N,16
36,174462,RENT,9,VENTURE,E,20000,17.04,1,0.11,N,16
36,98240,MORTGAGE,4,PERSONAL,E,20000,16.35,0,0.2,N,16
36,35000,MORTGAGE,4,HOMEIMPROVEMENT,D,7500,16.29,0,0.21,N,16
36,51000,MORTGAGE,2,MEDICAL,E,10000,15.68,1,0.2,N,16
36,290000,MORTGAGE,6,PERSONAL,D,25000,15.65,0,0.09,N,16
36,144000,MORTGAGE,0,PERSONAL,C,7600,15.23,0,0.05,N,16
36,58000,RENT,2,HOMEIMPROVEMENT,C,9275,14.72,0,0.16,Y,16
36,250000,MORTGAGE,14,PERSONAL,C,31400,14.27,0,0.13,Y,16
36,36000,RENT,20,VENTURE,C,12375,14.27,1,0.34,N,16
36,280000,RENT,3,DEBTCONSOLIDATION,C,5000,14.26,0,0.02,N,16
36,59000,RENT,2,MEDICAL,D,21000,14.11,1,0.36,Y,16
36,72800,RENT,3,HOMEIMPROVEMENT,D,24000,14.09,1,0.33,N,16
36,81996,RENT,4,PERSONAL,D,15000,14.09,0,0.18,N,16
36,53000,MORTGAGE,5,HOMEIMPROVEMENT,C,10000,13.98,1,0.19,N,16
36,430000,RENT,2,VENTURE,C,25000,13.8,0,0.06,Y,16
36,34000,RENT,2,PERSONAL,C,6000,13.57,0,0.18,N,16
36,45600,MORTGAGE,6,MEDICAL,C,10000,13.49,0,0.22,N,16
36,120000,RENT,2,HOMEIMPROVEMENT,C,16000,13.06,0,0.13,N,16
36,124000,MORTGAGE,2,DEBTCONSOLIDATION,C,2000,12.99,0,0.02,Y,16
36,80000,RENT,7,HOMEIMPROVEMENT,C,6000,12.87,0,0.07,N,16
36,70000,MORTGAGE,11,PERSONAL,C,25000,12.84,0,0.36,Y,16
36,84996,MORTGAGE,11,PERSONAL,B,3500,12.69,0,0.04,N,16
36,38000,RENT,15,VENTURE,C,20000,12.41,1,0.53,Y,16
36,53550,RENT,1,MEDICAL,B,1600,12.21,1,0.03,N,16
36,75000,MORTGAGE,9,EDUCATION,B,15000,12.18,0,0.2,N,16
36,92000,RENT,5,DEBTCONSOLIDATION,B,10000,11.71,0,0.11,N,16
36,51996,OWN,7,HOMEIMPROVEMENT,B,8500,11.49,0,0.16,N,16
36,141600,MORTGAGE,4,HOMEIMPROVEMENT,B,6000,11.49,0,0.04,N,16
36,60072,RENT,14,HOMEIMPROVEMENT,B,2500,11.49,1,0.04,N,16
36,33600,RENT,3,EDUCATION,B,12000,11.36,1,0.36,N,16
36,73000,RENT,3,PERSONAL,B,4000,11.12,0,0.05,N,16
36,69000,RENT,0,MEDICAL,B,15600,10.99,0,0.23,N,16
36,40000,OWN,4,VENTURE,B,14000,10.99,0,0.35,N,16
36,49000,RENT,6,HOMEIMPROVEMENT,B,7000,10.74,1,0.14,N,16
36,80000,MORTGAGE,3,VENTURE,B,12025,10.65,0,0.15,N,16
36,24000,MORTGAGE,18,VENTURE,B,6200,10.65,0,0.26,N,16
36,261800,MORTGAGE,16,MEDICAL,B,24000,10.62,1,0.08,N,16
36,74000,MORTGAGE,9,EDUCATION,B,1500,10.62,0,0.02,N,16
36,62200,RENT,3,HOMEIMPROVEMENT,B,11200,10.59,0,0.18,N,16
36,112455,RENT,3,DEBTCONSOLIDATION,B,6400,9.99,0,0.06,N,16
36,84000,RENT,0,EDUCATION,B,20000,9.64,1,0.24,N,16
36,68848,RENT,5,PERSONAL,B,8000,9.63,0,0.12,N,16
36,24000,MORTGAGE,2,DEBTCONSOLIDATION,A,1500,9.63,0,0.06,N,16
36,145000,MORTGAGE,4,PERSONAL,B,5000,9.62,0,0.03,N,16
36,57000,MORTGAGE,11,HOMEIMPROVEMENT,B,1500,9.62,1,0.03,N,16
36,48000,MORTGAGE,6,VENTURE,A,1500,8.9,0,0.03,N,16
36,50000,RENT,2,DEBTCONSOLIDATION,A,5500,8.32,0,0.11,N,16
36,40000,OWN,0,PERSONAL,A,5000,8,0,0.13,N,16
36,156326,RENT,10,HOMEIMPROVEMENT,A,1800,8,0,0.01,N,16
36,144000,MORTGAGE,1,DEBTCONSOLIDATION,A,21000,7.9,0,0.15,N,16
36,78000,MORTGAGE,7,PERSONAL,A,15000,7.88,0,0.19,N,16
36,99500,OWN,5,VENTURE,A,4000,7.74,0,0.04,N,16
36,50000,MORTGAGE,7,PERSONAL,A,5000,7.51,0,0.1,N,16
36,84000,MORTGAGE,14,VENTURE,A,1000,7.51,0,0.01,N,16
36,80000,MORTGAGE,20,DEBTCONSOLIDATION,A,5000,7.29,0,0.06,N,16
36,47000,MORTGAGE,0,EDUCATION,A,5500,7.14,0,0.12,N,16
36,32000,OWN,0,EDUCATION,A,1200,7.14,0,0.04,N,16
36,72000,MORTGAGE,3,VENTURE,A,8000,6.92,0,0.11,N,16
36,55000,RENT,5,VENTURE,A,7000,6.92,0,0.13,N,16
36,42000,RENT,2,VENTURE,A,7000,6.62,0,0.17,N,16
36,58000,RENT,18,VENTURE,A,5000,6.62,0,0.09,N,16
36,65000,MORTGAGE,3,VENTURE,A,6500,5.79,0,0.1,N,16
36,39520,OWN,14,VENTURE,A,5000,5.79,0,0.13,N,16
36,14400,OWN,7,DEBTCONSOLIDATION,A,7000,5.42,1,0.49,N,16
36,70000,MORTGAGE,6,DEBTCONSOLIDATION,A,6000,5.42,0,0.09,N,16
36,60000,RENT,2,VENTURE,B,15000,,0,0.25,N,16
36,125000,MORTGAGE,14,MEDICAL,A,14500,,0,0.12,N,16
36,150000,MORTGAGE,20,DEBTCONSOLIDATION,A,10000,,0,0.07,N,16
36,55000,OWN,6,MEDICAL,C,9000,,0,0.16,N,16
36,110000,MORTGAGE,3,MEDICAL,A,9000,,0,0.08,N,16
36,34000,RENT,2,DEBTCONSOLIDATION,B,8000,,0,0.24,N,16
36,54000,MORTGAGE,5,MEDICAL,A,5000,,0,0.09,N,16
36,828000,MORTGAGE,3,HOMEIMPROVEMENT,B,4200,,0,0.01,N,16
36,72000,RENT,12,DEBTCONSOLIDATION,C,2800,,0,0.04,Y,16
36,37000,MORTGAGE,5,MEDICAL,E,3000,18.39,1,0.08,Y,15
36,59800,MORTGAGE,20,VENTURE,D,18200,18.25,0,0.3,Y,15
36,30000,RENT,0,VENTURE,E,4000,17.99,1,0.13,N,15
36,44000,RENT,4,DEBTCONSOLIDATION,D,8000,17.49,1,0.18,N,15
36,33481,RENT,9,MEDICAL,E,13475,15.68,1,0.4,Y,15
36,65004,RENT,3,EDUCATION,D,20000,15.33,1,0.31,N,15
36,14004,RENT,0,MEDICAL,D,4800,15.28,1,0.34,N,15
36,160000,OWN,20,VENTURE,D,24000,14.96,0,0.15,Y,15
36,33000,RENT,2,HOMEIMPROVEMENT,D,10800,14.96,1,0.33,Y,15
36,136000,MORTGAGE,0,VENTURE,C,4800,14.72,0,0.04,N,15
36,24000,OWN,5,VENTURE,C,4000,14.72,0,0.17,Y,15
36,45000,RENT,3,DEBTCONSOLIDATION,C,1800,14.27,0,0.04,Y,15
36,48000,RENT,8,MEDICAL,C,15000,13.98,1,0.31,N,15
36,138000,MORTGAGE,0,VENTURE,C,10000,13.98,0,0.07,Y,15
36,50000,RENT,6,VENTURE,C,7200,13.98,0,0.14,N,15
36,60000,MORTGAGE,2,EDUCATION,C,8000,13.92,0,0.13,N,15
36,15000,OWN,2,PERSONAL,C,5000,13.92,1,0.33,Y,15
36,70000,MORTGAGE,0,VENTURE,C,6000,13.79,0,0.09,N,15
36,48450,RENT,2,DEBTCONSOLIDATION,C,10000,13.61,0,0.21,N,15
36,45600,MORTGAGE,6,VENTURE,C,10000,13.49,0,0.22,Y,15
36,80000,RENT,0,MEDICAL,C,7600,13.49,0,0.1,N,15
36,50000,MORTGAGE,2,MEDICAL,C,16000,13.48,0,0.32,N,15
36,44000,MORTGAGE,9,DEBTCONSOLIDATION,D,9400,13.3,1,0.21,N,15
36,43680,MORTGAGE,0,PERSONAL,C,15000,13.11,0,0.34,N,15
36,16800,RENT,2,PERSONAL,C,1200,13.06,0,0.07,N,15
36,120000,RENT,4,HOMEIMPROVEMENT,C,15000,12.99,0,0.13,Y,15
36,135000,RENT,0,DEBTCONSOLIDATION,C,24250,12.87,0,0.18,Y,15
36,160000,MORTGAGE,5,EDUCATION,C,10000,12.73,0,0.06,Y,15
36,103000,RENT,6,VENTURE,C,25000,12.53,1,0.24,Y,15
36,30996,RENT,2,PERSONAL,C,5500,12.53,0,0.18,Y,15
36,90000,RENT,6,DEBTCONSOLIDATION,B,1950,12.42,0,0.02,N,15
36,29000,RENT,9,MEDICAL,B,1200,12.42,0,0.04,N,15
36,50000,OWN,1,HOMEIMPROVEMENT,B,15200,12.21,0,0.3,N,15
36,105859,OWN,20,VENTURE,B,12000,11.99,0,0.11,N,15
36,24000,RENT,20,DEBTCONSOLIDATION,B,10000,11.86,1,0.42,N,15
36,107004,MORTGAGE,3,HOMEIMPROVEMENT,B,13000,11.83,0,0.12,N,15
36,29500,OWN,4,VENTURE,B,1250,11.83,0,0.04,N,15
36,80000,RENT,4,EDUCATION,B,7500,11.49,0,0.09,N,15
36,65000,MORTGAGE,1,DEBTCONSOLIDATION,B,7000,11.49,0,0.11,N,15
36,9600,MORTGAGE,1,VENTURE,B,3250,11.49,1,0.34,N,15
36,180000,OTHER,11,PERSONAL,B,20000,11.48,1,0.11,N,15
36,74000,MORTGAGE,4,EDUCATION,B,10250,11.48,1,0.14,N,15
36,74000,MORTGAGE,4,PERSONAL,C,10000,11.03,1,0.14,N,15
36,80000,MORTGAGE,5,EDUCATION,B,20000,10.99,0,0.25,N,15
36,34000,MORTGAGE,2,PERSONAL,B,5000,10.65,0,0.15,N,15
36,32004,RENT,3,VENTURE,B,5000,10.62,0,0.16,N,15
36,51996,MORTGAGE,8,MEDICAL,B,7500,10.51,0,0.14,N,15
36,75000,MORTGAGE,2,DEBTCONSOLIDATION,B,14400,10.25,0,0.19,N,15
36,185000,MORTGAGE,20,VENTURE,B,6000,10,0,0.03,N,15
36,57110,RENT,5,EDUCATION,B,2400,10,0,0.04,N,15
36,180000,RENT,5,EDUCATION,B,24000,9.99,0,0.13,N,15
36,30000,OWN,,VENTURE,B,8000,9.99,0,0.27,N,15
36,36000,RENT,3,EDUCATION,B,2500,9.76,0,0.07,N,15
36,110000,MORTGAGE,9,HOMEIMPROVEMENT,A,15000,9.63,0,0.14,N,15
36,36000,MORTGAGE,0,VENTURE,A,12000,9.63,0,0.33,N,15
36,68000,OTHER,2,PERSONAL,A,7200,9.63,0,0.11,N,15
36,52000,OWN,8,VENTURE,A,3000,9.63,0,0.06,N,15
36,94185,MORTGAGE,3,PERSONAL,A,10000,9.32,0,0.11,N,15
36,95000,RENT,3,VENTURE,A,7375,8.94,0,0.08,N,15
36,31000,RENT,2,VENTURE,A,2500,8.9,0,0.08,N,15
36,43776,MORTGAGE,,DEBTCONSOLIDATION,A,6000,7.88,0,0.14,N,15
36,59004,MORTGAGE,11,VENTURE,A,10000,7.51,0,0.17,N,15
36,85000,RENT,4,PERSONAL,A,9600,7.51,0,0.11,N,15
36,200000,MORTGAGE,8,MEDICAL,A,14000,7.49,0,0.07,N,15
36,150000,MORTGAGE,5,EDUCATION,A,7000,7.29,0,0.05,N,15
36,70000,RENT,4,VENTURE,A,6000,7.29,0,0.09,N,15
36,27000,OWN,4,HOMEIMPROVEMENT,A,6000,7.14,0,0.22,N,15
36,31200,RENT,0,EDUCATION,A,10000,6.91,1,0.32,N,15
36,24960,RENT,3,VENTURE,A,5000,6.62,0,0.2,N,15
36,120000,MORTGAGE,12,DEBTCONSOLIDATION,A,14500,5.42,0,0.12,N,15
36,115000,MORTGAGE,13,VENTURE,A,10000,5.42,0,0.09,N,15
36,46000,MORTGAGE,3,VENTURE,A,8000,5.42,0,0.17,N,15
36,85000,RENT,3,MEDICAL,A,3825,5.42,0,0.04,N,15
36,69000,RENT,20,VENTURE,C,35000,,1,0.51,N,15
36,145000,RENT,0,MEDICAL,B,25000,,0,0.17,N,15
36,42000,MORTGAGE,16,HOMEIMPROVEMENT,C,12000,,0,0.29,N,15
36,35000,RENT,1,VENTURE,B,10000,,0,0.29,N,15
36,58650,MORTGAGE,0,MEDICAL,B,10000,,1,0.14,N,15
36,64064,MORTGAGE,4,VENTURE,B,9500,,0,0.15,N,15
36,33996,RENT,12,PERSONAL,A,8000,,0,0.24,N,15
36,50000,RENT,5,EDUCATION,A,6500,,0,0.13,N,15
36,40000,MORTGAGE,2,EDUCATION,A,6000,,0,0.15,N,15
36,40000,RENT,0,VENTURE,B,4800,,0,0.12,N,15
36,57600,OWN,,EDUCATION,A,4000,,0,0.07,N,15
36,54000,RENT,14,PERSONAL,C,3800,,1,0.07,N,15
36,38208,MORTGAGE,2,VENTURE,D,1500,,0,0.04,Y,15
36,32000,RENT,2,MEDICAL,E,2400,18.79,1,0.07,N,14
36,40000,MORTGAGE,16,EDUCATION,D,4000,18.07,0,0.1,Y,14
36,50000,RENT,4,PERSONAL,D,8000,17.49,0,0.16,Y,14
36,69736,MORTGAGE,17,VENTURE,E,2500,17.04,0,0.04,N,14
36,62400,MORTGAGE,6,PERSONAL,D,12000,16.89,0,0.19,Y,14
36,66847,RENT,3,PERSONAL,D,10000,16,0,0.15,Y,14
36,45000,RENT,12,MEDICAL,D,10000,15.99,0,0.22,N,14
36,65028,MORTGAGE,4,EDUCATION,D,10000,15.95,1,0.15,N,14
36,49074,MORTGAGE,3,DEBTCONSOLIDATION,E,8000,15.68,1,0.16,Y,14
36,59617,MORTGAGE,14,PERSONAL,D,21000,15.62,0,0.35,N,14
36,42000,OWN,2,VENTURE,C,2000,15.62,0,0.05,Y,14
36,26000,RENT,1,PERSONAL,D,10000,15.31,1,0.38,N,14
36,65000,MORTGAGE,6,EDUCATION,C,23325,15.27,0,0.36,Y,14
36,160000,OWN,20,VENTURE,D,24000,14.96,0,0.15,Y,14
36,85000,OWN,2,EDUCATION,D,8000,14.96,0,0.09,N,14
36,123000,MORTGAGE,1,DEBTCONSOLIDATION,D,2500,14.91,1,0.02,Y,14
36,37008,RENT,8,VENTURE,C,6000,14.79,0,0.16,Y,14
36,87000,RENT,7,MEDICAL,C,8000,14.65,0,0.09,Y,14
36,60000,MORTGAGE,3,DEBTCONSOLIDATION,D,13000,14.11,1,0.22,Y,14
36,31000,RENT,2,PERSONAL,D,8000,14.11,1,0.26,N,14
36,87000,RENT,5,MEDICAL,C,5000,13.98,0,0.06,N,14
36,60000,MORTGAGE,2,VENTURE,C,8000,13.92,0,0.13,Y,14
36,43000,RENT,6,DEBTCONSOLIDATION,C,4000,13.92,0,0.09,Y,14
36,52000,RENT,2,EDUCATION,C,7000,13.85,1,0.13,Y,14
36,48000,RENT,2,MEDICAL,C,20000,13.61,1,0.42,N,14
36,80000,RENT,0,PERSONAL,C,10000,13.61,0,0.13,N,14
36,24000,RENT,2,DEBTCONSOLIDATION,C,8000,13.61,1,0.33,N,14
36,19200,OWN,0,HOMEIMPROVEMENT,C,4500,13.49,1,0.23,Y,14
36,50000,RENT,4,HOMEIMPROVEMENT,C,3125,13.47,0,0.06,Y,14
36,45000,RENT,0,MEDICAL,C,19750,13.35,1,0.44,N,14
36,88000,MORTGAGE,1,DEBTCONSOLIDATION,C,7750,13.23,1,0.09,N,14
36,16800,RENT,2,VENTURE,C,1200,13.06,0,0.07,N,14
36,62400,MORTGAGE,13,VENTURE,C,14100,12.98,0,0.23,Y,14
36,60000,MORTGAGE,7,DEBTCONSOLIDATION,B,17050,12.69,0,0.28,N,14
36,46000,RENT,2,DEBTCONSOLIDATION,C,10000,12.53,0,0.22,N,14
36,25200,MORTGAGE,0,EDUCATION,C,8700,12.23,1,0.35,Y,14
36,83000,MORTGAGE,0,VENTURE,C,13000,11.97,0,0.16,N,14
36,130000,RENT,0,MEDICAL,B,18000,11.71,0,0.14,N,14
36,72000,RENT,8,PERSONAL,B,10000,11.49,0,0.14,N,14
36,120000,RENT,2,HOMEIMPROVEMENT,B,10000,11.49,0,0.08,N,14
36,45000,RENT,4,MEDICAL,B,20000,11.36,1,0.44,N,14
36,89004,RENT,2,PERSONAL,B,1500,11.36,0,0.02,N,14
36,51000,MORTGAGE,4,HOMEIMPROVEMENT,B,4775,11.14,0,0.09,N,14
36,80000,MORTGAGE,0,EDUCATION,B,15000,10.71,0,0.19,N,14
36,41000,RENT,18,DEBTCONSOLIDATION,B,12400,10.65,0,0.3,N,14
36,26000,RENT,,DEBTCONSOLIDATION,B,8500,10.62,1,0.33,N,14
36,54000,RENT,2,HOMEIMPROVEMENT,C,2225,10.59,1,0.04,N,14
36,69996,RENT,6,VENTURE,B,20400,10.37,0,0.29,N,14
36,130000,RENT,3,DEBTCONSOLIDATION,B,14000,10.37,0,0.11,N,14
36,16107,RENT,1,EDUCATION,B,3500,10.36,1,0.22,N,14
36,61000,MORTGAGE,2,VENTURE,B,10000,10.25,0,0.16,N,14
36,25000,RENT,2,PERSONAL,B,6200,9.91,1,0.25,N,14
36,70000,MORTGAGE,16,VENTURE,B,10000,9.88,0,0.14,N,14
36,60996,MORTGAGE,8,DEBTCONSOLIDATION,B,15000,9.63,0,0.25,N,14
36,48000,MORTGAGE,17,VENTURE,A,10000,9.63,0,0.21,N,14
36,41000,RENT,1,PERSONAL,A,7000,9.63,0,0.17,N,14
36,24000,MORTGAGE,2,MEDICAL,A,1500,9.63,0,0.06,N,14
36,19200,RENT,,DEBTCONSOLIDATION,B,1200,9.62,0,0.06,N,14
36,50000,RENT,4,HOMEIMPROVEMENT,A,15000,8.9,0,0.3,N,14
36,25000,MORTGAGE,0,MEDICAL,B,3000,8.7,0,0.12,N,14
36,62000,MORTGAGE,15,DEBTCONSOLIDATION,A,7500,8.59,0,0.12,N,14
36,33600,OWN,,PERSONAL,A,3000,8.49,0,0.09,N,14
36,63599,MORTGAGE,10,HOMEIMPROVEMENT,A,5200,7.91,0,0.08,N,14
36,155000,MORTGAGE,9,MEDICAL,A,30000,7.9,0,0.19,N,14
36,108000,MORTGAGE,1,MEDICAL,A,7000,7.74,0,0.06,N,14
36,26880,OWN,0,VENTURE,A,4500,7.66,0,0.17,N,14
36,100000,MORTGAGE,5,MEDICAL,A,9350,7.51,0,0.09,N,14
36,52000,MORTGAGE,2,HOMEIMPROVEMENT,A,8000,7.51,0,0.15,N,14
36,72000,MORTGAGE,14,VENTURE,A,2500,7.51,0,0.03,N,14
36,42000,RENT,21,HOMEIMPROVEMENT,A,1000,7.51,1,0.02,N,14
36,106000,MORTGAGE,15,HOMEIMPROVEMENT,A,4025,7.49,0,0.04,N,14
36,62400,MORTGAGE,0,DEBTCONSOLIDATION,A,2400,7.49,0,0.04,N,14
36,62400,MORTGAGE,0,PERSONAL,A,2400,7.49,0,0.04,N,14
36,84695,RENT,2,MEDICAL,A,12000,7.29,0,0.14,N,14
36,45000,MORTGAGE,2,EDUCATION,A,7000,7.14,0,0.16,N,14
36,70000,MORTGAGE,16,DEBTCONSOLIDATION,A,16000,6.91,0,0.23,N,14
36,80000,MORTGAGE,4,VENTURE,A,10000,6.62,0,0.13,N,14
36,58000,MORTGAGE,12,PERSONAL,A,21600,6.54,0,0.37,N,14
36,79200,MORTGAGE,19,PERSONAL,A,10000,6.03,0,0.13,N,14
36,90000,OWN,4,HOMEIMPROVEMENT,A,3800,6.03,0,0.04,N,14
36,37400,MORTGAGE,2,PERSONAL,B,6250,6,0,0.17,N,14
36,48000,RENT,8,PERSONAL,A,12150,5.79,0,0.25,N,14
36,47500,MORTGAGE,8,DEBTCONSOLIDATION,A,2700,5.79,0,0.06,N,14
36,52500,RENT,,HOMEIMPROVEMENT,A,2250,5.42,0,0.04,N,14
36,130000,RENT,11,EDUCATION,E,20000,,0,0.15,Y,14
36,42000,RENT,7,PERSONAL,B,15600,,1,0.37,N,14
36,130000,MORTGAGE,9,PERSONAL,B,12000,,0,0.09,N,14
36,130000,MORTGAGE,9,MEDICAL,B,12000,,0,0.09,N,14
36,100671,MORTGAGE,6,MEDICAL,B,12000,,0,0.12,N,14
36,150000,MORTGAGE,20,MEDICAL,A,10000,,0,0.07,N,14
36,64583,RENT,2,HOMEIMPROVEMENT,A,10000,,0,0.15,N,14
36,53126,RENT,1,MEDICAL,D,8000,,1,0.15,N,14
36,54000,RENT,2,HOMEIMPROVEMENT,A,7500,,1,0.14,N,14
36,80000,MORTGAGE,9,VENTURE,C,6000,,0,0.07,Y,14
36,55000,MORTGAGE,13,EDUCATION,A,3000,,0,0.05,N,14
36,372000,RENT,4,DEBTCONSOLIDATION,E,2000,,1,0.01,Y,14
36,38568,RENT,7,EDUCATION,E,2400,18.39,0,0.06,Y,13
36,60000,OWN,0,PERSONAL,E,10225,17.51,0,0.17,Y,13
36,76000,RENT,2,DEBTCONSOLIDATION,E,4000,17.39,1,0.05,N,13
36,29000,RENT,0,MEDICAL,E,5000,16.45,1,0.17,N,13
36,77000,MORTGAGE,2,EDUCATION,E,10000,16.35,0,0.13,Y,13
36,49000,OWN,,PERSONAL,D,4200,16.02,0,0.09,Y,13
36,28800,RENT,2,MEDICAL,C,6000,15.96,0,0.21,Y,13
36,25000,RENT,4,MEDICAL,D,8000,15.65,1,0.32,N,13
36,59617,MORTGAGE,14,HOMEIMPROVEMENT,D,21000,15.62,0,0.35,N,13
36,42000,OWN,2,MEDICAL,C,2000,15.62,0,0.05,Y,13
36,49000,RENT,0,DEBTCONSOLIDATION,D,8000,15.31,1,0.16,Y,13
36,200000,OWN,12,HOMEIMPROVEMENT,D,25000,15.2,0,0.13,Y,13
36,55200,RENT,3,MEDICAL,D,9900,14.84,1,0.18,Y,13
36,45000,OWN,4,DEBTCONSOLIDATION,D,8000,14.74,0,0.18,Y,13
36,21324,RENT,0,DEBTCONSOLIDATION,D,7550,14.61,1,0.35,N,13
36,148000,MORTGAGE,6,DEBTCONSOLIDATION,D,10000,14.11,1,0.07,N,13
36,48686,RENT,21,MEDICAL,D,12000,13.99,0,0.25,N,13
36,78000,MORTGAGE,7,DEBTCONSOLIDATION,C,9600,13.98,1,0.12,Y,13
36,48000,MORTGAGE,3,EDUCATION,C,1500,13.92,1,0.03,Y,13
36,44004,RENT,4,DEBTCONSOLIDATION,C,2000,13.61,1,0.05,Y,13
36,93000,RENT,1,MEDICAL,C,12000,13.48,0,0.13,N,13
36,54996,RENT,4,MEDICAL,C,10000,13.47,0,0.18,N,13
36,51000,RENT,5,MEDICAL,C,8000,13.47,0,0.16,Y,13
36,120000,OWN,21,PERSONAL,D,10000,13.3,0,0.08,Y,13
36,44000,RENT,2,MEDICAL,C,5000,13.22,1,0.11,Y,13
36,52660,MORTGAGE,2,HOMEIMPROVEMENT,C,15000,13.16,0,0.28,Y,13
36,24168,RENT,2,MEDICAL,C,9925,13.06,1,0.41,N,13
36,62000,MORTGAGE,0,VENTURE,C,6000,12.99,0,0.1,N,13
36,84000,MORTGAGE,2,PERSONAL,B,6000,12.69,0,0.07,N,13
36,84996,MORTGAGE,11,PERSONAL,B,3500,12.69,0,0.04,N,13
36,40000,RENT,6,MEDICAL,C,5000,12.61,0,0.13,N,13
36,700000,MORTGAGE,16,MEDICAL,C,25000,12.53,0,0.04,Y,13
36,42000,MORTGAGE,11,PERSONAL,B,7800,12.53,0,0.19,N,13
36,55000,RENT,6,HOMEIMPROVEMENT,B,10900,12.42,0,0.2,N,13
36,62962,RENT,2,EDUCATION,B,15000,11.71,1,0.24,N,13
36,35000,OWN,1,VENTURE,B,6000,11.49,0,0.17,N,13
36,33600,RENT,3,EDUCATION,B,12000,11.36,1,0.36,N,13
36,62000,RENT,3,DEBTCONSOLIDATION,B,8000,11.12,0,0.13,N,13
36,30500,RENT,3,HOMEIMPROVEMENT,B,8000,11.11,1,0.26,N,13
36,28800,OWN,0,HOMEIMPROVEMENT,B,5375,11.11,0,0.19,N,13
36,88000,RENT,4,MEDICAL,B,3200,10.99,0,0.04,N,13
36,32000,MORTGAGE,7,EDUCATION,B,5300,10.65,0,0.17,N,13
36,32004,RENT,3,MEDICAL,B,5000,10.62,0,0.16,N,13
36,64973,MORTGAGE,6,EDUCATION,B,9000,10.59,0,0.14,N,13
36,42000,MORTGAGE,2,VENTURE,B,6000,10.59,0,0.14,N,13
36,23004,RENT,0,PERSONAL,B,9450,10.37,1,0.41,N,13
36,44004,MORTGAGE,1,MEDICAL,B,1800,10,1,0.04,N,13
36,55000,RENT,8,VENTURE,A,7500,8.9,0,0.14,N,13
36,31000,RENT,2,EDUCATION,A,2500,8.9,0,0.08,N,13
36,32000,MORTGAGE,9,EDUCATION,B,5000,8.88,0,0.16,N,13
36,29000,MORTGAGE,5,EDUCATION,A,4000,8.49,1,0.14,N,13
36,408000,MORTGAGE,12,HOMEIMPROVEMENT,A,35000,7.9,0,0.09,N,13
36,45344,MORTGAGE,11,EDUCATION,A,16750,7.88,0,0.37,N,13
36,170000,MORTGAGE,13,VENTURE,A,25000,7.51,0,0.15,N,13
36,75000,MORTGAGE,9,PERSONAL,A,24000,7.51,0,0.32,N,13
36,132000,RENT,3,HOMEIMPROVEMENT,A,10200,7.51,0,0.08,N,13
36,50400,MORTGAGE,7,HOMEIMPROVEMENT,A,12700,7.29,0,0.25,N,13
36,65458,MORTGAGE,4,MEDICAL,A,8000,7.29,0,0.12,N,13
36,24000,RENT,3,MEDICAL,A,6500,7.29,0,0.27,N,13
36,39996,RENT,1,MEDICAL,A,5700,7.29,0,0.14,N,13
36,92000,MORTGAGE,18,DEBTCONSOLIDATION,A,4000,7.29,0,0.04,N,13
36,63000,MORTGAGE,7,MEDICAL,A,4200,7.14,0,0.07,N,13
36,75000,MORTGAGE,6,MEDICAL,A,10000,6.99,0,0.13,N,13
36,72000,MORTGAGE,8,MEDICAL,A,3500,6.99,0,0.05,N,13
36,150000,OWN,8,VENTURE,A,7200,6.92,0,0.05,N,13
36,37000,MORTGAGE,3,PERSONAL,A,7000,6.91,0,0.19,N,13
36,90000,MORTGAGE,13,EDUCATION,A,12000,6.62,0,0.13,N,13
36,38400,OWN,5,PERSONAL,A,10000,6.17,0,0.26,N,13
36,50000,MORTGAGE,8,DEBTCONSOLIDATION,A,10000,6.03,0,0.2,N,13
36,120000,MORTGAGE,12,HOMEIMPROVEMENT,A,14500,5.42,0,0.12,N,13
36,40500,MORTGAGE,5,VENTURE,A,7475,5.42,0,0.18,N,13
36,72000,MORTGAGE,4,HOMEIMPROVEMENT,B,13000,,0,0.18,N,13
36,55000,MORTGAGE,2,PERSONAL,A,12000,,0,0.22,N,13
36,110000,MORTGAGE,3,EDUCATION,A,9000,,0,0.08,N,13
36,35000,MORTGAGE,2,HOMEIMPROVEMENT,A,7500,,0,0.21,N,13
36,56900,MORTGAGE,16,MEDICAL,G,6200,,1,0.11,N,13
36,828000,MORTGAGE,3,MEDICAL,B,4200,,0,0.01,N,13
36,38795,MORTGAGE,,HOMEIMPROVEMENT,B,2000,,0,0.05,N,13
36,38795,MORTGAGE,,MEDICAL,B,2000,,0,0.05,N,13
36,64000,MORTGAGE,20,DEBTCONSOLIDATION,E,6800,18.39,1,0.11,Y,12
36,38568,RENT,7,PERSONAL,E,2400,18.39,0,0.06,Y,12
36,53800,MORTGAGE,20,DEBTCONSOLIDATION,D,18200,18.25,1,0.34,Y,12
36,98240,MORTGAGE,4,VENTURE,E,20000,16.35,0,0.2,Y,12
36,28800,RENT,2,EDUCATION,C,6000,15.96,0,0.21,Y,12
36,55000,RENT,1,EDUCATION,D,9500,15.62,1,0.17,N,12
36,214200,MORTGAGE,4,HOMEIMPROVEMENT,D,9400,15.62,0,0.04,Y,12
36,74000,RENT,10,EDUCATION,D,3600,15.62,1,0.05,Y,12
36,28000,MORTGAGE,1,VENTURE,D,3075,15.62,1,0.11,Y,12
36,43000,RENT,12,DEBTCONSOLIDATION,D,13600,15.58,1,0.32,Y,12
36,64000,RENT,0,EDUCATION,D,10000,15.28,1,0.16,Y,12
36,46000,MORTGAGE,6,PERSONAL,C,5350,15.27,1,0.12,N,12
36,53000,RENT,5,HOMEIMPROVEMENT,C,3150,15.27,0,0.06,N,12
36,136000,MORTGAGE,0,EDUCATION,C,4800,14.72,0,0.04,Y,12
36,24000,OWN,5,VENTURE,C,4000,14.72,0,0.17,Y,12
36,69000,RENT,0,HOMEIMPROVEMENT,D,25000,14.59,1,0.36,N,12
36,40000,RENT,2,EDUCATION,C,11250,14.27,0,0.28,N,12
36,30123,RENT,5,MEDICAL,C,2000,14.26,0,0.07,Y,12
36,31000,RENT,2,MEDICAL,D,8000,14.11,1,0.26,N,12
36,72800,RENT,3,HOMEIMPROVEMENT,D,24000,14.09,1,0.33,N,12
36,138000,MORTGAGE,0,VENTURE,C,10000,13.98,0,0.07,N,12
36,49901,MORTGAGE,13,HOMEIMPROVEMENT,C,8400,13.61,0,0.17,Y,12
36,56400,OWN,0,PERSONAL,C,20000,13.57,0,0.35,Y,12
36,60000,RENT,0,HOMEIMPROVEMENT,C,15000,13.57,0,0.25,N,12
36,62900,MORTGAGE,5,MEDICAL,C,6250,13.49,1,0.08,N,12
36,93000,RENT,1,PERSONAL,C,12000,13.48,0,0.13,Y,12
36,65000,MORTGAGE,3,VENTURE,C,4000,13.48,0,0.06,Y,12
36,76464,RENT,8,MEDICAL,C,20000,13.22,0,0.26,Y,12
36,24168,RENT,2,MEDICAL,C,9925,13.06,1,0.41,Y,12
36,50000,MORTGAGE,13,PERSONAL,C,12250,12.73,0,0.24,N,12
36,37200,RENT,5,EDUCATION,C,11000,12.73,0,0.3,N,12
36,31200,RENT,9,PERSONAL,B,3000,12.42,0,0.1,N,12
36,75000,RENT,5,HOMEIMPROVEMENT,B,10000,11.99,0,0.13,N,12
36,55500,MORTGAGE,15,EDUCATION,B,7875,11.99,0,0.14,N,12
36,27600,RENT,1,MEDICAL,B,4000,11.86,0,0.14,N,12
36,52000,MORTGAGE,8,DEBTCONSOLIDATION,B,2275,11.86,0,0.04,N,12
36,51000,MORTGAGE,2,VENTURE,B,1000,11.83,0,0.02,N,12
36,32642,MORTGAGE,18,DEBTCONSOLIDATION,B,8500,11.49,0,0.26,N,12
36,27600,RENT,0,EDUCATION,B,1000,11.49,0,0.04,N,12
36,80000,RENT,20,VENTURE,B,21000,11.36,0,0.26,N,12
36,78708,RENT,7,MEDICAL,B,24000,11.12,0,0.3,N,12
36,62000,RENT,3,HOMEIMPROVEMENT,B,8000,11.12,0,0.13,N,12
36,69000,RENT,0,MEDICAL,B,15600,10.99,0,0.23,N,12
36,48960,RENT,17,EDUCATION,B,9000,10.99,0,0.18,N,12
36,53000,RENT,5,MEDICAL,B,5000,10.74,0,0.09,N,12
36,30000,RENT,7,EDUCATION,B,4000,10.74,0,0.13,N,12
36,61000,MORTGAGE,2,DEBTCONSOLIDATION,B,10000,10.25,0,0.16,N,12
36,45000,RENT,14,DEBTCONSOLIDATION,B,6000,9.99,0,0.13,N,12
36,52000,RENT,0,EDUCATION,B,6000,9.99,0,0.12,N,12
36,45000,RENT,16,MEDICAL,B,7000,9.91,0,0.16,N,12
36,45000,MORTGAGE,21,HOMEIMPROVEMENT,B,2000,9.88,0,0.04,N,12
36,36000,RENT,3,DEBTCONSOLIDATION,B,2500,9.76,0,0.07,N,12
36,145000,MORTGAGE,4,DEBTCONSOLIDATION,B,5000,9.62,0,0.03,N,12
36,37500,MORTGAGE,6,VENTURE,A,10000,9.32,0,0.27,N,12
36,75996,RENT,6,MEDICAL,A,16000,8.94,0,0.21,N,12
36,108000,MORTGAGE,7,EDUCATION,A,14000,8.9,0,0.13,N,12
36,31000,RENT,3,VENTURE,A,7100,8.9,0,0.23,N,12
36,62000,RENT,13,EDUCATION,A,3000,8.9,0,0.05,N,12
36,25000,MORTGAGE,0,HOMEIMPROVEMENT,B,3000,8.7,0,0.12,N,12
36,21600,OWN,0,VENTURE,A,2100,8.49,0,0.1,N,12
36,62000,MORTGAGE,9,EDUCATION,A,4800,8,0,0.08,N,12
36,36000,OWN,11,VENTURE,A,15000,7.9,0,0.42,N,12
36,17640,OWN,4,HOMEIMPROVEMENT,A,5875,7.9,1,0.33,N,12
36,60000,RENT,3,HOMEIMPROVEMENT,A,7000,7.88,0,0.12,N,12
36,40000,OWN,2,PERSONAL,A,5000,7.88,0,0.13,N,12
36,72800,RENT,1,VENTURE,A,12000,7.66,0,0.16,N,12
36,60000,MORTGAGE,6,MEDICAL,A,13750,7.51,0,0.23,N,12
36,83625,MORTGAGE,6,PERSONAL,A,13200,7.51,0,0.16,N,12
36,70000,MORTGAGE,2,PERSONAL,A,11000,7.51,0,0.16,N,12
36,46800,MORTGAGE,20,MEDICAL,A,2800,7.51,1,0.06,N,12
36,63177,MORTGAGE,3,MEDICAL,A,6250,7.49,0,0.1,N,12
36,25000,MORTGAGE,4,MEDICAL,A,11500,7.29,0,0.46,N,12
36,60000,RENT,3,EDUCATION,A,9500,7.14,0,0.16,N,12
36,250000,MORTGAGE,2,VENTURE,A,4000,7.14,0,0.02,N,12
36,77000,MORTGAGE,7,PERSONAL,A,6000,6.99,0,0.08,N,12
36,72000,MORTGAGE,3,EDUCATION,A,8000,6.92,0,0.11,N,12
36,66000,RENT,3,EDUCATION,A,10000,6.62,0,0.15,N,12
36,110000,MORTGAGE,7,VENTURE,A,16000,6.03,0,0.15,N,12
36,94000,MORTGAGE,14,HOMEIMPROVEMENT,A,4200,5.99,0,0.04,N,12
36,20112,MORTGAGE,,MEDICAL,A,3900,5.99,0,0.19,N,12
36,65000,MORTGAGE,3,EDUCATION,A,6500,5.79,0,0.1,N,12
36,74000,MORTGAGE,9,HOMEIMPROVEMENT,C,18000,,0,0.24,N,12
36,60000,RENT,2,HOMEIMPROVEMENT,B,15000,,0,0.25,N,12
36,43200,MORTGAGE,13,DEBTCONSOLIDATION,B,11000,,0,0.25,N,12
36,60000,RENT,1,PERSONAL,C,7200,,0,0.12,Y,12
36,900000,MORTGAGE,8,PERSONAL,B,6000,,0,0.01,N,12
36,44000,RENT,2,HOMEIMPROVEMENT,E,6000,,1,0.14,N,12
36,74000,MORTGAGE,20,HOMEIMPROVEMENT,F,25000,17.8,1,0.34,Y,11
36,14400,RENT,0,EDUCATION,E,5500,17.56,1,0.38,N,11
36,13440,RENT,2,EDUCATION,D,2400,17.49,1,0.18,Y,11
36,10800,RENT,0,VENTURE,E,3000,16.77,1,0.28,N,11
36,40800,MORTGAGE,7,HOMEIMPROVEMENT,D,7200,16.32,0,0.18,Y,11
36,90000,RENT,7,PERSONAL,D,30000,15.99,1,0.33,Y,11
36,171870,MORTGAGE,4,MEDICAL,D,9400,15.62,1,0.05,Y,11
36,54000,MORTGAGE,1,MEDICAL,E,10000,14.93,1,0.19,Y,11
36,44000,RENT,4,DEBTCONSOLIDATION,C,16000,14.65,1,0.36,N,11
36,90000,MORTGAGE,2,EDUCATION,D,20000,14.61,0,0.22,Y,11
36,127000,RENT,20,DEBTCONSOLIDATION,D,25000,14.59,1,0.2,N,11
36,34000,RENT,20,VENTURE,D,4000,14.59,1,0.12,N,11
36,47000,MORTGAGE,4,MEDICAL,D,4900,14.11,1,0.1,N,11
36,21996,RENT,3,PERSONAL,D,2400,14.11,0,0.11,N,11
36,48686,RENT,21,VENTURE,D,12000,13.99,0,0.25,N,11
36,15000,OWN,2,HOMEIMPROVEMENT,C,5000,13.92,1,0.33,N,11
36,48000,MORTGAGE,3,MEDICAL,C,1500,13.92,1,0.03,N,11
36,52000,RENT,2,DEBTCONSOLIDATION,C,7000,13.85,1,0.13,N,11
36,430000,RENT,2,EDUCATION,C,25000,13.8,0,0.06,N,11
36,65000,RENT,7,MEDICAL,C,15000,13.72,0,0.23,N,11
36,56650,MORTGAGE,16,VENTURE,C,12000,13.72,0,0.21,N,11
36,72000,RENT,5,VENTURE,C,16500,13.61,0,0.23,N,11
36,100111,MORTGAGE,5,VENTURE,C,20000,13.49,0,0.2,N,11
36,32000,OWN,4,EDUCATION,C,3600,13.49,0,0.11,Y,11
36,68400,MORTGAGE,5,EDUCATION,C,7000,13.48,1,0.1,Y,11
36,32400,MORTGAGE,20,PERSONAL,D,6600,13.24,0,0.2,Y,11
36,117000,MORTGAGE,3,HOMEIMPROVEMENT,C,20400,13.06,0,0.17,N,11
36,84000,RENT,6,EDUCATION,C,25000,12.87,0,0.3,Y,11
36,29000,RENT,9,VENTURE,B,1200,12.42,0,0.04,N,11
36,100300,RENT,3,HOMEIMPROVEMENT,B,24000,11.99,0,0.24,N,11
36,84996,RENT,2,EDUCATION,B,25000,11.86,0,0.29,N,11
36,29500,OWN,4,HOMEIMPROVEMENT,B,1250,11.83,0,0.04,N,11
36,65000,MORTGAGE,1,VENTURE,B,7000,11.49,0,0.11,N,11
36,39996,RENT,0,VENTURE,B,2000,11.49,0,0.05,N,11
36,140000,OWN,13,VENTURE,B,20800,11.48,0,0.15,N,11
36,23004,OWN,0,VENTURE,B,12000,11.48,0,0.52,N,11
36,20000,RENT,0,PERSONAL,B,5075,11.48,1,0.25,N,11
36,50000,RENT,3,VENTURE,B,3000,11.26,0,0.06,N,11
36,51000,MORTGAGE,4,EDUCATION,B,4775,11.14,0,0.09,N,11
36,42000,RENT,2,VENTURE,B,2000,11.14,0,0.05,N,11
36,125000,RENT,0,HOMEIMPROVEMENT,B,18000,11.11,0,0.14,N,11
36,120000,MORTGAGE,5,HOMEIMPROVEMENT,B,25000,10.99,0,0.21,N,11
36,95000,RENT,2,PERSONAL,B,12000,10.99,0,0.13,N,11
36,155000,MORTGAGE,12,VENTURE,B,25000,10.74,0,0.16,N,11
36,20004,RENT,1,EDUCATION,B,4375,10.74,0,0.22,N,11
36,95000,MORTGAGE,18,PERSONAL,B,13000,10.65,0,0.14,N,11
36,82500,MORTGAGE,20,MEDICAL,B,11000,10.65,0,0.13,N,11
36,34000,MORTGAGE,2,VENTURE,B,5000,10.65,0,0.15,N,11
36,12000,RENT,,MEDICAL,B,4000,10.62,1,0.33,N,11
36,15000,RENT,0,PERSONAL,C,5000,10.59,1,0.33,N,11
36,30000,RENT,14,MEDICAL,B,3000,10.38,0,0.1,N,11
36,32000,MORTGAGE,6,DEBTCONSOLIDATION,B,12000,10.37,0,0.38,N,11
36,62000,RENT,5,DEBTCONSOLIDATION,A,9600,9.32,0,0.15,N,11
36,30000,RENT,0,EDUCATION,A,5500,8.9,0,0.18,N,11
36,44000,RENT,4,EDUCATION,A,7000,8,0,0.16,N,11
36,72500,RENT,2,MEDICAL,A,10000,7.9,0,0.14,N,11
36,100000,RENT,14,DEBTCONSOLIDATION,A,5000,7.66,0,0.05,N,11
36,26880,OWN,0,MEDICAL,A,4500,7.66,0,0.17,N,11
36,175000,MORTGAGE,2,MEDICAL,A,11800,7.51,0,0.07,N,11
36,42000,RENT,1,EDUCATION,A,21000,7.49,1,0.5,N,11
36,25200,RENT,3,MEDICAL,A,7200,7.29,0,0.29,N,11
36,92000,MORTGAGE,18,MEDICAL,A,4000,7.29,0,0.04,N,11
36,126252,RENT,18,MEDICAL,A,8000,7.14,0,0.06,N,11
36,140000,MORTGAGE,21,PERSONAL,A,8000,6.99,0,0.06,N,11
36,140004,MORTGAGE,4,DEBTCONSOLIDATION,A,10000,6.92,0,0.07,N,11
36,45600,MORTGAGE,8,MEDICAL,A,18000,6.91,0,0.39,N,11
36,100000,MORTGAGE,2,EDUCATION,A,8000,6.76,0,0.08,N,11
36,120000,MORTGAGE,11,MEDICAL,A,30000,6.62,0,0.25,N,11
36,1200000,OWN,16,MEDICAL,A,10000,6.54,0,0.01,N,11
36,35256,MORTGAGE,5,HOMEIMPROVEMENT,A,5000,5.99,0,0.14,N,11
36,101004,MORTGAGE,11,MEDICAL,A,12000,5.79,0,0.12,N,11
36,16908,MORTGAGE,,MEDICAL,A,3000,5.42,1,0.18,N,11
36,53126,RENT,1,MEDICAL,D,8000,,1,0.15,N,11
36,56900,MORTGAGE,16,VENTURE,G,6200,,1,0.11,N,11
36,80000,MORTGAGE,9,EDUCATION,C,6000,,0,0.07,N,11
35,54000,RENT,4,DEBTCONSOLIDATION,E,17250,19.42,1,0.32,N,10
35,40000,RENT,3,VENTURE,F,21000,19.41,1,0.53,Y,10
35,87550,RENT,3,MEDICAL,F,28000,18.62,1,0.27,N,10
35,415000,MORTGAGE,2,HOMEIMPROVEMENT,E,15500,16.45,0,0.04,Y,10
35,70000,RENT,4,VENTURE,E,10000,16.45,0,0.14,Y,10
35,33000,RENT,0,HOMEIMPROVEMENT,E,4000,16.32,1,0.12,N,10
35,40000,OWN,3,PERSONAL,C,11325,15.96,0,0.28,Y,10
35,60000,RENT,19,VENTURE,D,21725,15.62,1,0.36,Y,10
35,62000,MORTGAGE,15,DEBTCONSOLIDATION,D,10000,15.33,1,0.16,N,10
35,122000,MORTGAGE,3,VENTURE,D,25000,15.2,1,0.2,N,10
35,49000,RENT,2,DEBTCONSOLIDATION,D,24000,15.2,1,0.49,N,10
35,20000,RENT,0,EDUCATION,D,8500,15.05,1,0.42,Y,10
35,148000,MORTGAGE,19,DEBTCONSOLIDATION,D,25000,14.62,1,0.17,Y,10
35,80000,RENT,19,VENTURE,D,25000,14.09,1,0.31,Y,10
35,45000,MORTGAGE,16,MEDICAL,C,6500,13.98,0,0.14,N,10
35,45000,MORTGAGE,16,EDUCATION,C,6500,13.98,0,0.14,Y,10
35,102000,RENT,3,HOMEIMPROVEMENT,C,20000,13.85,0,0.2,N,10
35,115000,MORTGAGE,4,HOMEIMPROVEMENT,C,7200,13.85,0,0.06,Y,10
35,20000,RENT,2,PERSONAL,C,8500,13.57,1,0.42,N,10
35,37000,RENT,5,MEDICAL,C,17000,13.49,1,0.46,Y,10
35,59000,RENT,5,PERSONAL,C,10000,13.49,1,0.17,Y,10
35,48000,MORTGAGE,6,MEDICAL,C,5000,13.48,0,0.1,Y,10
35,29568,MORTGAGE,6,PERSONAL,C,6000,13.23,0,0.2,Y,10
35,30555,RENT,4,MEDICAL,C,4500,13.22,0,0.15,N,10
35,51000,RENT,8,DEBTCONSOLIDATION,C,8000,13.11,0,0.16,Y,10
35,45000,RENT,4,PERSONAL,C,5200,13.06,0,0.12,Y,10
35,30000,RENT,4,MEDICAL,C,14125,12.99,1,0.47,Y,10
35,51000,RENT,5,EDUCATION,C,5000,12.98,0,0.1,Y,10
35,175000,OWN,19,MEDICAL,C,24000,12.73,0,0.14,N,10
35,88000,MORTGAGE,18,MEDICAL,B,9800,12.69,0,0.11,N,10
35,36000,OWN,3,VENTURE,B,8000,12.53,0,0.22,N,10
35,140000,MORTGAGE,3,MEDICAL,B,25000,12.21,0,0.18,N,10
35,85000,MORTGAGE,0,EDUCATION,B,20000,12.21,0,0.24,N,10
35,29400,RENT,0,EDUCATION,B,6150,12.21,0,0.21,N,10
35,90000,RENT,3,PERSONAL,B,11000,11.99,0,0.12,N,10
35,90000,RENT,3,DEBTCONSOLIDATION,B,11000,11.99,0,0.12,N,10
35,153000,MORTGAGE,13,PERSONAL,B,9500,11.99,0,0.06,N,10
35,48000,MORTGAGE,8,MEDICAL,C,2000,11.97,0,0.04,N,10
35,46654,MORTGAGE,19,EDUCATION,B,17000,11.83,0,0.36,N,10
35,70000,MORTGAGE,0,MEDICAL,B,12000,11.71,0,0.17,N,10
35,39800,RENT,5,DEBTCONSOLIDATION,B,2400,11.71,0,0.06,N,10
35,70000,MORTGAGE,14,HOMEIMPROVEMENT,B,20000,11.49,0,0.29,N,10
35,175000,RENT,0,DEBTCONSOLIDATION,B,16000,11.49,0,0.09,N,10
35,95000,MORTGAGE,17,HOMEIMPROVEMENT,B,15000,11.49,0,0.16,N,10
35,110000,RENT,2,VENTURE,B,11500,11.49,0,0.1,N,10
35,114000,MORTGAGE,11,EDUCATION,B,7000,11.49,0,0.06,N,10
35,54396,RENT,4,MEDICAL,C,5000,11.34,0,0.09,Y,10
35,56000,MORTGAGE,1,HOMEIMPROVEMENT,B,15000,11.26,0,0.27,N,10
35,37000,RENT,2,DEBTCONSOLIDATION,B,2000,11.26,0,0.05,N,10
35,19820,RENT,0,PERSONAL,B,4000,11.12,1,0.2,N,10
35,200000,MORTGAGE,0,HOMEIMPROVEMENT,B,18000,10.99,0,0.09,N,10
35,83000,RENT,19,PERSONAL,B,11200,10.65,0,0.13,N,10
35,30000,MORTGAGE,11,MEDICAL,B,11000,10.65,0,0.37,N,10
35,34000,RENT,1,PERSONAL,B,9250,10.59,1,0.27,N,10
35,45000,RENT,2,VENTURE,B,16000,10,1,0.36,N,10
35,94000,MORTGAGE,9,VENTURE,B,15000,9.88,0,0.16,N,10
35,158000,OWN,14,EDUCATION,B,10000,9.63,0,0.06,N,10
35,65000,MORTGAGE,5,DEBTCONSOLIDATION,B,25000,9.51,0,0.38,N,10
35,65867,RENT,3,PERSONAL,A,11000,9.32,0,0.17,N,10
35,62000,MORTGAGE,9,HOMEIMPROVEMENT,B,13000,9.25,1,0.21,N,10
35,762000,OWN,8,MEDICAL,A,10000,8.94,0,0.01,N,10
35,97000,MORTGAGE,5,DEBTCONSOLIDATION,B,16000,8.88,0,0.16,N,10
35,80000,RENT,0,EDUCATION,B,7050,8.88,0,0.09,N,10
35,90000,RENT,0,MEDICAL,A,7000,8.59,0,0.08,N,10
35,55000,MORTGAGE,14,PERSONAL,A,15000,8.49,0,0.27,N,10
35,24960,RENT,6,EDUCATION,A,1400,8.49,0,0.06,N,10
35,153660,MORTGAGE,3,HOMEIMPROVEMENT,A,24000,7.9,0,0.16,N,10
35,26000,RENT,3,PERSONAL,A,8000,7.9,1,0.31,N,10
35,80308,MORTGAGE,3,DEBTCONSOLIDATION,A,12000,7.88,0,0.15,N,10
35,82000,MORTGAGE,3,PERSONAL,A,18800,7.51,0,0.23,N,10
35,80004,RENT,5,EDUCATION,A,10000,7.51,0,0.12,N,10
35,96000,MORTGAGE,5,MEDICAL,A,14000,7.49,0,0.15,N,10
35,170000,MORTGAGE,6,EDUCATION,A,6500,7.49,0,0.04,N,10
35,65004,RENT,2,DEBTCONSOLIDATION,A,6000,7.29,0,0.09,N,10
35,19200,RENT,4,PERSONAL,A,1200,7.29,1,0.06,N,10
35,92000,MORTGAGE,19,MEDICAL,A,14400,6.99,0,0.16,N,10
35,50000,OWN,6,MEDICAL,A,13650,6.99,0,0.27,N,10
35,106369,MORTGAGE,2,MEDICAL,A,8325,6.99,0,0.08,N,10
35,106369,MORTGAGE,2,VENTURE,A,8325,6.99,0,0.08,N,10
35,42000,RENT,6,MEDICAL,A,5000,6.99,0,0.12,N,10
35,72000,MORTGAGE,3,MEDICAL,A,12800,6.62,0,0.18,N,10
35,28000,OWN,3,VENTURE,A,7600,6.62,0,0.27,N,10
35,86000,MORTGAGE,19,MEDICAL,A,20000,6.54,0,0.23,N,10
35,90000,MORTGAGE,3,MEDICAL,A,14500,6.54,0,0.16,N,10
35,66000,MORTGAGE,4,EDUCATION,A,3000,6.03,0,0.05,N,10
35,60000,RENT,3,HOMEIMPROVEMENT,A,8000,5.79,0,0.13,N,10
35,66560,MORTGAGE,11,VENTURE,A,4200,5.79,0,0.06,N,10
35,55000,MORTGAGE,3,DEBTCONSOLIDATION,A,3200,5.79,0,0.06,N,10
35,76000,MORTGAGE,6,PERSONAL,A,10000,5.42,0,0.13,N,10
35,54000,RENT,,PERSONAL,A,10000,5.42,0,0.19,N,10
35,165996,RENT,1,DEBTCONSOLIDATION,A,6000,5.42,0,0.04,N,10
35,106500,MORTGAGE,4,PERSONAL,A,14550,,0,0.14,N,10
35,105000,MORTGAGE,11,EDUCATION,A,10000,,0,0.1,N,10
35,120000,MORTGAGE,2,PERSONAL,A,8000,,0,0.07,N,10
35,200000,RENT,7,VENTURE,B,5000,,0,0.03,N,10
35,200000,RENT,7,MEDICAL,B,5000,,0,0.03,N,10
35,25380,MORTGAGE,3,DEBTCONSOLIDATION,D,5000,,1,0.2,N,10
35,36000,RENT,2,PERSONAL,D,3000,,1,0.08,N,10
35,40000,RENT,2,MEDICAL,B,2200,,0,0.06,N,10
35,45000,MORTGAGE,2,VENTURE,A,1000,,0,0.02,N,10
35,83234,MORTGAGE,19,DEBTCONSOLIDATION,D,10000,18.25,1,0.12,Y,9
35,44000,RENT,3,PERSONAL,E,5000,16.95,1,0.11,Y,9
35,43000,MORTGAGE,7,DEBTCONSOLIDATION,D,13200,16.77,1,0.31,Y,9
35,72000,MORTGAGE,2,EDUCATION,E,20000,16.7,1,0.28,Y,9
35,82000,MORTGAGE,4,HOMEIMPROVEMENT,E,10000,16.69,0,0.12,Y,9
35,188000,RENT,4,DEBTCONSOLIDATION,D,5000,16.49,1,0.03,N,9
35,36000,RENT,9,MEDICAL,D,12000,16.29,1,0.33,N,9
35,80000,OWN,5,PERSONAL,D,15000,15.99,0,0.19,Y,9
35,58800,MORTGAGE,5,MEDICAL,D,12000,15.7,1,0.2,N,9
35,60000,OWN,1,PERSONAL,D,5000,15.7,0,0.08,N,9
35,23400,OWN,12,EDUCATION,D,5000,15.33,0,0.21,N,9
35,95142,MORTGAGE,18,PERSONAL,D,12000,14.84,0,0.13,Y,9
35,54000,RENT,1,MEDICAL,D,9000,14.46,1,0.17,N,9
35,21600,RENT,0,DEBTCONSOLIDATION,C,3000,14.35,0,0.14,N,9
35,93000,RENT,4,PERSONAL,C,6000,14.27,0,0.06,Y,9
35,22608,RENT,1,EDUCATION,C,3500,14.22,0,0.15,N,9
35,218000,RENT,4,DEBTCONSOLIDATION,D,7000,14.11,1,0.03,Y,9
35,58000,MORTGAGE,4,MEDICAL,D,15000,13.99,1,0.26,Y,9
35,40000,RENT,2,MEDICAL,C,7550,13.92,0,0.19,N,9
35,32900,RENT,4,HOMEIMPROVEMENT,C,4800,13.23,1,0.15,Y,9
35,31000,MORTGAGE,9,EDUCATION,C,15000,13.16,0,0.48,N,9
35,31000,MORTGAGE,9,VENTURE,C,15000,13.16,0,0.48,Y,9
35,60000,MORTGAGE,12,DEBTCONSOLIDATION,C,12000,13.11,0,0.2,N,9
35,48000,RENT,0,DEBTCONSOLIDATION,C,3400,13.06,0,0.07,N,9
35,80000,RENT,7,VENTURE,C,2000,12.99,0,0.03,Y,9
35,140004,MORTGAGE,6,PERSONAL,C,8400,12.98,1,0.06,Y,9
35,20000,RENT,1,MEDICAL,B,5500,12.69,0,0.28,N,9
35,60000,OWN,9,PERSONAL,B,24000,12.53,0,0.4,N,9
35,64500,MORTGAGE,7,MEDICAL,C,4500,12.53,0,0.07,N,9
35,40792,RENT,2,VENTURE,B,2600,12.53,0,0.06,N,9
35,78862,MORTGAGE,14,EDUCATION,D,25000,12.49,0,0.32,Y,9
35,500000,MORTGAGE,6,DEBTCONSOLIDATION,C,7500,12.29,0,0.01,Y,9
35,85000,MORTGAGE,0,DEBTCONSOLIDATION,B,20000,12.21,0,0.24,N,9
35,192000,MORTGAGE,11,HOMEIMPROVEMENT,B,10000,11.99,0,0.05,N,9
35,85000,MORTGAGE,2,EDUCATION,B,8400,11.99,0,0.1,N,9
35,50000,RENT,6,VENTURE,B,7200,11.99,0,0.14,N,9
35,48000,MORTGAGE,8,HOMEIMPROVEMENT,C,2000,11.97,0,0.04,N,9
35,160000,OWN,10,VENTURE,B,24000,11.83,0,0.15,N,9
35,160000,OWN,10,VENTURE,B,24000,11.83,0,0.15,N,9
35,110000,MORTGAGE,7,DEBTCONSOLIDATION,B,9000,11.71,0,0.08,N,9
35,90000,RENT,15,PERSONAL,B,7000,11.71,0,0.08,N,9
35,75000,RENT,1,EDUCATION,B,3300,11.71,0,0.04,N,9
35,98320,MORTGAGE,15,PERSONAL,B,10425,11.49,0,0.11,N,9
35,50000,RENT,4,DEBTCONSOLIDATION,B,7000,11.49,0,0.14,N,9
35,50000,RENT,4,PERSONAL,B,7000,11.49,0,0.14,N,9
35,110000,RENT,1,PERSONAL,B,3200,11.48,0,0.03,N,9
35,48000,RENT,3,MEDICAL,B,11500,11.11,0,0.24,N,9
35,60000,RENT,7,PERSONAL,B,10000,11.11,0,0.17,N,9
35,39000,MORTGAGE,5,HOMEIMPROVEMENT,B,15000,10.99,0,0.38,N,9
35,90000,RENT,0,VENTURE,B,12000,10.99,0,0.13,N,9
35,37440,RENT,2,MEDICAL,B,8000,10.99,0,0.21,N,9
35,99000,MORTGAGE,12,MEDICAL,B,3000,10.99,0,0.03,N,9
35,30000,RENT,0,DEBTCONSOLIDATION,B,3000,10.65,0,0.1,N,9
35,67500,RENT,5,HOMEIMPROVEMENT,B,3500,10.62,0,0.05,N,9
35,31577,RENT,6,MEDICAL,B,5000,9.99,0,0.16,N,9
35,53500,MORTGAGE,3,HOMEIMPROVEMENT,B,10000,9.91,0,0.19,N,9
35,48000,RENT,13,MEDICAL,B,1500,9.91,0,0.03,N,9
35,94000,MORTGAGE,9,DEBTCONSOLIDATION,B,15000,9.88,0,0.16,N,9
35,250000,OWN,8,VENTURE,B,15000,9.88,0,0.06,N,9
35,90000,RENT,4,PERSONAL,A,13000,9.32,0,0.14,N,9
35,71004,RENT,0,VENTURE,B,2375,9.25,0,0.03,N,9
35,75000,MORTGAGE,5,PERSONAL,B,5000,8.7,0,0.07,N,9
35,91000,OWN,0,EDUCATION,A,10000,8.59,0,0.11,N,9
35,150000,MORTGAGE,16,HOMEIMPROVEMENT,A,10000,7.9,0,0.07,N,9
35,33000,RENT,4,EDUCATION,A,7000,7.9,1,0.21,N,9
35,61440,MORTGAGE,7,HOMEIMPROVEMENT,A,3500,7.9,0,0.06,N,9
35,58570,MORTGAGE,8,HOMEIMPROVEMENT,A,11000,7.88,0,0.19,N,9
35,72000,MORTGAGE,2,DEBTCONSOLIDATION,A,10750,7.51,0,0.15,N,9
35,85000,MORTGAGE,9,DEBTCONSOLIDATION,A,21000,7.49,0,0.25,N,9
35,94000,MORTGAGE,2,HOMEIMPROVEMENT,A,10000,7.49,0,0.11,N,9
35,38000,MORTGAGE,10,VENTURE,A,9600,7.49,0,0.25,N,9
35,225000,MORTGAGE,17,VENTURE,A,5000,7.49,0,0.02,N,9
35,80000,RENT,5,DEBTCONSOLIDATION,A,4800,7.49,0,0.06,N,9
35,29311,RENT,,EDUCATION,A,1000,7.49,0,0.03,N,9
35,74984,RENT,2,VENTURE,A,13500,7.29,0,0.18,N,9
35,75000,MORTGAGE,9,EDUCATION,A,10000,7.29,0,0.13,N,9
35,49872,RENT,2,VENTURE,A,8400,7.29,0,0.17,N,9
35,45000,MORTGAGE,4,DEBTCONSOLIDATION,A,7500,7.29,0,0.17,N,9
35,61600,RENT,4,MEDICAL,A,4200,7.29,0,0.07,N,9
35,91000,MORTGAGE,14,EDUCATION,A,4000,7.29,0,0.04,N,9
35,99800,MORTGAGE,9,PERSONAL,A,8000,7.14,0,0.08,N,9
35,32000,RENT,1,EDUCATION,A,3125,7.14,0,0.1,N,9
35,41235,OWN,7,MEDICAL,A,3000,7.14,0,0.07,N,9
35,45000,MORTGAGE,5,VENTURE,A,6000,6.99,0,0.13,N,9
35,106800,MORTGAGE,,DEBTCONSOLIDATION,A,8000,6.92,0,0.07,N,9
35,36000,RENT,5,MEDICAL,A,7000,6.91,0,0.19,N,9
35,57600,MORTGAGE,19,PERSONAL,A,2000,6.76,1,0.03,N,9
35,54996,RENT,12,HOMEIMPROVEMENT,A,20000,6.62,1,0.36,N,9
35,54000,OWN,,VENTURE,A,6000,6.62,0,0.11,N,9
35,49404,RENT,0,MEDICAL,A,22750,6.54,1,0.46,N,9
35,61211,RENT,13,HOMEIMPROVEMENT,A,13000,6.54,0,0.21,N,9
35,32000,RENT,4,MEDICAL,A,14500,6.17,1,0.45,N,9
35,32000,RENT,19,HOMEIMPROVEMENT,A,8000,5.99,1,0.25,N,9
35,75000,MORTGAGE,1,DEBTCONSOLIDATION,A,9000,5.79,0,0.12,N,9
35,70000,RENT,5,HOMEIMPROVEMENT,A,9600,5.42,0,0.14,N,9
35,97500,MORTGAGE,19,MEDICAL,A,8000,5.42,0,0.08,N,9
35,144000,MORTGAGE,0,EDUCATION,A,35000,,0,0.24,N,9
35,86000,OWN,5,PERSONAL,B,18000,,0,0.21,N,9
35,80000,MORTGAGE,8,HOMEIMPROVEMENT,B,15000,,0,0.19,N,9
35,136000,MORTGAGE,0,EDUCATION,D,15000,,0,0.11,Y,9
35,115000,RENT,2,EDUCATION,A,14000,,0,0.12,N,9
35,82863,RENT,14,EDUCATION,A,11000,,0,0.13,N,9
35,39000,RENT,5,PERSONAL,B,10625,,0,0.27,N,9
35,52000,RENT,2,VENTURE,B,9000,,0,0.17,N,9
35,38000,RENT,3,VENTURE,B,8000,,0,0.21,N,9
35,38400,MORTGAGE,0,EDUCATION,A,5000,,0,0.13,N,9
35,75000,RENT,13,VENTURE,F,15175,21.74,0,0.2,Y,8
35,78252,MORTGAGE,19,VENTURE,D,30000,17.58,0,0.38,N,8
35,123000,RENT,2,PERSONAL,E,25000,17.19,1,0.2,Y,8
35,648000,MORTGAGE,6,PERSONAL,E,10000,17.19,1,0.02,Y,8
35,69000,RENT,5,DEBTCONSOLIDATION,D,6400,16.77,1,0.09,Y,8
35,26400,RENT,2,DEBTCONSOLIDATION,D,6000,16.29,1,0.23,Y,8
35,17640,OWN,,PERSONAL,D,4000,16.29,1,0.23,N,8
35,40000,RENT,3,VENTURE,D,7000,16.07,0,0.17,Y,8
35,106000,MORTGAGE,8,DEBTCONSOLIDATION,C,15000,15.96,0,0.14,N,8
35,54000,RENT,1,VENTURE,E,15000,15.88,1,0.28,Y,8
35,73000,RENT,0,HOMEIMPROVEMENT,D,15000,15.57,1,0.21,N,8
35,88020,RENT,6,PERSONAL,D,6000,15.37,0,0.07,Y,8
35,25000,RENT,0,VENTURE,D,3000,15.33,1,0.12,N,8
35,33144,RENT,3,VENTURE,D,8400,14.91,0,0.25,N,8
35,38000,RENT,1,DEBTCONSOLIDATION,C,9000,14.65,0,0.24,Y,8
35,73000,RENT,9,VENTURE,D,14000,14.59,0,0.19,Y,8
35,54000,RENT,1,EDUCATION,D,9000,14.46,1,0.17,N,8
35,21600,RENT,1,EDUCATION,C,2500,14.35,0,0.12,Y,8
35,42000,MORTGAGE,,EDUCATION,C,5000,14.17,1,0.12,N,8
35,62496,RENT,6,VENTURE,D,12000,14.11,0,0.19,Y,8
35,44000,RENT,3,PERSONAL,C,16000,13.99,1,0.36,Y,8
35,43000,RENT,19,DEBTCONSOLIDATION,C,1200,13.8,0,0.03,N,8
35,57996,RENT,0,HOMEIMPROVEMENT,C,6000,13.57,0,0.1,Y,8
35,50532,RENT,8,VENTURE,C,5000,13.57,0,0.1,Y,8
35,110000,RENT,9,DEBTCONSOLIDATION,C,25000,13.49,0,0.23,N,8
35,76000,RENT,2,VENTURE,C,1000,13.49,0,0.01,N,8
35,76000,RENT,2,PERSONAL,C,1000,13.49,0,0.01,N,8
35,46000,RENT,2,PERSONAL,C,12800,13.48,0,0.28,Y,8
35,35000,RENT,13,MEDICAL,C,4000,13.35,0,0.11,N,8
35,32900,RENT,4,HOMEIMPROVEMENT,C,4800,13.23,1,0.15,Y,8
35,42300,RENT,3,PERSONAL,C,5500,13.06,0,0.13,N,8
35,280000,MORTGAGE,19,HOMEIMPROVEMENT,C,21600,12.99,0,0.08,N,8
35,58000,RENT,0,MEDICAL,C,12000,12.99,0,0.21,Y,8
35,58000,MORTGAGE,8,MEDICAL,C,6000,12.99,0,0.1,Y,8
35,68324,RENT,3,MEDICAL,C,15600,12.84,0,0.23,Y,8
35,60000,MORTGAGE,12,DEBTCONSOLIDATION,C,25000,12.73,0,0.42,N,8
35,130000,MORTGAGE,3,DEBTCONSOLIDATION,C,9000,12.73,0,0.07,Y,8
35,50000,RENT,4,PERSONAL,B,11500,12.42,0,0.23,N,8
35,17280,RENT,6,VENTURE,D,7200,12.36,1,0.42,Y,8
35,78750,MORTGAGE,3,DEBTCONSOLIDATION,C,10750,12.23,0,0.14,N,8
35,85000,MORTGAGE,2,VENTURE,B,8400,11.99,0,0.1,N,8
35,36153,MORTGAGE,2,PERSONAL,D,3000,11.86,0,0.08,N,8
35,27996,RENT,14,MEDICAL,B,8500,11.58,0,0.3,N,8
35,63600,RENT,3,EDUCATION,B,12000,11.49,0,0.19,N,8
35,165000,MORTGAGE,3,DEBTCONSOLIDATION,B,8000,11.49,0,0.05,N,8
35,165000,MORTGAGE,3,VENTURE,B,8000,11.49,0,0.05,N,8
35,37000,RENT,2,VENTURE,B,2000,11.26,0,0.05,N,8
35,63000,RENT,3,VENTURE,B,4000,11.14,0,0.06,N,8
35,110000,RENT,0,MEDICAL,B,15000,11.11,0,0.14,N,8
35,36000,MORTGAGE,4,EDUCATION,B,16000,10.99,1,0.44,N,8
35,78000,MORTGAGE,9,HOMEIMPROVEMENT,B,9450,10.99,0,0.12,N,8
35,100000,MORTGAGE,19,MEDICAL,B,9000,10.99,0,0.09,N,8
35,91000,OWN,6,VENTURE,B,5600,10.99,0,0.06,N,8
35,60000,MORTGAGE,0,MEDICAL,B,12000,10.75,0,0.2,N,8
35,30000,RENT,0,VENTURE,B,3000,10.65,0,0.1,N,8
35,20800,OWN,2,MEDICAL,B,7000,10.62,0,0.34,N,8
35,100596,MORTGAGE,2,PERSONAL,B,25000,10.59,0,0.25,N,8
35,126400,MORTGAGE,0,DEBTCONSOLIDATION,B,13000,10.38,0,0.1,N,8
35,14400,OWN,2,DEBTCONSOLIDATION,B,5550,10.37,1,0.39,N,8
35,52500,RENT,3,HOMEIMPROVEMENT,B,12000,10.36,0,0.23,N,8
35,50000,RENT,16,MEDICAL,B,13000,10.25,0,0.26,N,8
35,66000,RENT,0,HOMEIMPROVEMENT,B,18000,9.99,0,0.27,N,8
35,55596,RENT,2,EDUCATION,B,10800,9.91,0,0.19,N,8
35,75573,MORTGAGE,9,HOMEIMPROVEMENT,B,22000,9.88,0,0.29,N,8
35,117000,RENT,8,PERSONAL,A,15000,9.63,0,0.13,N,8
35,35000,MORTGAGE,,EDUCATION,B,4000,9.63,0,0.11,N,8
35,100000,MORTGAGE,19,VENTURE,B,1800,9.63,0,0.02,N,8
35,101400,MORTGAGE,11,PERSONAL,A,4500,9.32,0,0.04,N,8
35,762000,OWN,8,MEDICAL,A,10000,8.94,0,0.01,N,8
35,91000,OWN,0,MEDICAL,A,10000,8.59,0,0.11,N,8
35,160000,RENT,3,MEDICAL,A,7500,8,0,0.05,N,8
35,138000,RENT,2,PERSONAL,A,14000,7.9,1,0.1,N,8
35,48000,RENT,6,EDUCATION,A,17000,7.88,1,0.35,N,8
35,37000,RENT,5,DEBTCONSOLIDATION,A,14000,7.88,1,0.38,N,8
35,55000,MORTGAGE,4,EDUCATION,A,8500,7.88,0,0.15,N,8
35,50000,RENT,1,EDUCATION,A,3000,7.88,0,0.06,N,8
35,42756,RENT,0,PERSONAL,A,3500,7.74,0,0.08,N,8
35,200004,MORTGAGE,19,DEBTCONSOLIDATION,A,6000,7.68,0,0.03,N,8
35,64000,MORTGAGE,11,MEDICAL,A,14500,7.66,0,0.23,N,8
35,20000,OWN,1,VENTURE,A,5500,7.66,0,0.28,N,8
35,79000,RENT,7,MEDICAL,A,10000,7.51,0,0.13,N,8
35,80000,RENT,5,EDUCATION,A,7000,7.29,0,0.09,N,8
35,84175,RENT,4,EDUCATION,A,7000,7.29,0,0.08,N,8
35,30000,RENT,5,MEDICAL,A,1500,7.29,1,0.05,N,8
35,67000,MORTGAGE,8,EDUCATION,A,7000,7.14,0,0.1,N,8
35,92000,MORTGAGE,11,VENTURE,A,12000,6.99,0,0.13,N,8
35,180000,MORTGAGE,6,DEBTCONSOLIDATION,A,8500,6.92,0,0.05,N,8
35,36000,RENT,5,MEDICAL,A,7000,6.91,0,0.19,N,8
35,100000,MORTGAGE,14,VENTURE,A,10000,6.62,0,0.1,N,8
35,100000,MORTGAGE,14,PERSONAL,A,10000,6.62,0,0.1,N,8
35,37000,OWN,1,EDUCATION,A,4650,6.62,0,0.13,N,8
35,78000,MORTGAGE,9,DEBTCONSOLIDATION,A,10000,6.54,0,0.13,N,8
35,51996,OWN,16,VENTURE,A,2000,6.17,0,0.04,N,8
35,48000,MORTGAGE,7,EDUCATION,A,17000,6.03,0,0.35,N,8
35,26400,OWN,19,VENTURE,A,6600,5.99,0,0.25,N,8
35,45000,RENT,3,DEBTCONSOLIDATION,C,15000,,1,0.33,N,8
35,56000,MORTGAGE,,DEBTCONSOLIDATION,A,12000,,0,0.21,N,8
35,26400,RENT,4,PERSONAL,B,8000,,0,0.3,N,8
35,130000,RENT,6,MEDICAL,B,4375,,0,0.03,N,8
35,62217,RENT,15,EDUCATION,A,3700,,0,0.06,N,8
35,18200,RENT,4,MEDICAL,B,2725,,0,0.15,N,8
35,30000,RENT,0,DEBTCONSOLIDATION,G,8000,20.52,1,0.27,N,7
35,68000,MORTGAGE,19,PERSONAL,E,32000,19.03,0,0.47,Y,7
35,38760,RENT,2,MEDICAL,F,8000,18.09,1,0.21,Y,7
35,350000,MORTGAGE,10,VENTURE,D,35000,17.49,0,0.1,N,7
35,133000,MORTGAGE,3,HOMEIMPROVEMENT,D,15000,16.77,0,0.11,N,7
35,19200,RENT,4,MEDICAL,E,3000,16.4,1,0.16,Y,7
35,17640,OWN,,MEDICAL,D,4000,16.29,1,0.23,N,7
35,38420,RENT,0,EDUCATION,C,2575,15.96,1,0.07,Y,7
35,25200,RENT,0,PERSONAL,E,7000,15.68,1,0.28,Y,7
35,33000,RENT,3,MEDICAL,D,2500,15.62,1,0.08,Y,7
35,84000,MORTGAGE,5,DEBTCONSOLIDATION,C,15200,15.27,1,0.18,Y,7
35,45996,MORTGAGE,0,VENTURE,D,15000,14.42,0,0.33,Y,7
35,47400,RENT,2,PERSONAL,D,14000,14.42,1,0.3,N,7
35,56472,RENT,5,HOMEIMPROVEMENT,D,11300,14.42,0,0.2,N,7
35,31000,RENT,0,VENTURE,C,5000,14.35,0,0.16,N,7
35,46000,RENT,4,PERSONAL,C,8800,14.27,0,0.19,N,7
35,80000,RENT,1,DEBTCONSOLIDATION,C,20000,13.98,0,0.25,Y,7
35,70000,RENT,1,HOMEIMPROVEMENT,C,10000,13.98,0,0.14,N,7
35,60000,RENT,0,DEBTCONSOLIDATION,C,4000,13.98,0,0.07,N,7
35,60000,RENT,0,HOMEIMPROVEMENT,C,4000,13.98,0,0.07,Y,7
35,30000,RENT,0,MEDICAL,C,9000,13.92,0,0.3,Y,7
35,500000,MORTGAGE,17,DEBTCONSOLIDATION,C,20000,13.85,0,0.04,Y,7
35,43000,RENT,19,MEDICAL,C,1200,13.8,0,0.03,N,7
35,70000,RENT,2,EDUCATION,C,2000,13.72,0,0.03,N,7
35,48000,OWN,6,HOMEIMPROVEMENT,C,4200,13.61,0,0.09,N,7
35,28080,RENT,3,MEDICAL,C,9600,13.57,1,0.34,Y,7
35,41000,RENT,2,EDUCATION,C,7000,13.49,0,0.17,Y,7
35,59000,RENT,11,DEBTCONSOLIDATION,C,2000,13.48,0,0.03,Y,7
35,50004,RENT,2,MEDICAL,C,12000,13.47,0,0.24,Y,7
35,30000,MORTGAGE,3,HOMEIMPROVEMENT,C,10000,13.43,1,0.33,N,7
35,150000,MORTGAGE,5,DEBTCONSOLIDATION,C,15000,13.16,0,0.1,Y,7
35,135000,MORTGAGE,12,EDUCATION,C,10000,13.16,0,0.07,Y,7
35,36000,RENT,1,VENTURE,C,5600,13.06,0,0.16,N,7
35,68231,RENT,3,EDUCATION,C,22400,12.99,1,0.33,Y,7
35,24000,RENT,2,DEBTCONSOLIDATION,C,6000,12.87,0,0.25,N,7
35,100450,RENT,1,PERSONAL,B,24000,12.69,0,0.24,N,7
35,20000,RENT,1,EDUCATION,B,5500,12.69,0,0.28,N,7
35,53500,MORTGAGE,1,VENTURE,C,20000,12.53,0,0.37,Y,7
35,50000,MORTGAGE,0,EDUCATION,C,5600,12.53,0,0.11,Y,7
35,66000,MORTGAGE,6,DEBTCONSOLIDATION,B,9100,12.42,0,0.14,N,7
35,60000,MORTGAGE,5,HOMEIMPROVEMENT,B,9000,12.42,0,0.15,N,7
35,35300,RENT,0,EDUCATION,C,7500,12.29,0,0.21,Y,7
35,38469,RENT,0,HOMEIMPROVEMENT,C,10000,12.23,1,0.26,Y,7
35,25200,RENT,2,DEBTCONSOLIDATION,C,7050,12.23,0,0.28,Y,7
35,31000,MORTGAGE,2,PERSONAL,B,8875,11.99,1,0.29,N,7
35,52000,RENT,2,MEDICAL,B,3000,11.48,0,0.06,N,7
35,44004,MORTGAGE,7,MEDICAL,B,10000,11.36,1,0.23,N,7
35,65412,RENT,12,HOMEIMPROVEMENT,B,19000,11.14,0,0.29,N,7
35,21340,RENT,0,DEBTCONSOLIDATION,B,8000,11.14,1,0.37,N,7
35,80004,MORTGAGE,2,PERSONAL,B,3200,11.11,0,0.04,N,7
35,77268,MORTGAGE,11,EDUCATION,C,7500,11.03,0,0.1,N,7
35,75000,OWN,2,MEDICAL,B,25000,10.99,0,0.33,N,7
35,120000,RENT,4,HOMEIMPROVEMENT,B,12000,10.99,0,0.1,N,7
35,120000,MORTGAGE,4,MEDICAL,B,8850,10.99,0,0.07,N,7
35,37440,RENT,2,MEDICAL,B,8000,10.99,0,0.21,N,7
35,33996,RENT,0,DEBTCONSOLIDATION,B,1500,10.99,0,0.04,N,7
35,67500,RENT,3,MEDICAL,B,10000,10.65,0,0.15,N,7
35,130000,MORTGAGE,15,DEBTCONSOLIDATION,B,5000,10.65,0,0.04,N,7
35,143485,MORTGAGE,10,PERSONAL,B,8000,10.62,0,0.06,N,7
35,14400,RENT,2,VENTURE,B,4800,10.62,1,0.33,N,7
35,105000,MORTGAGE,18,PERSONAL,B,3000,10.37,0,0.03,N,7
35,31000,OWN,0,MEDICAL,C,4275,10.28,0,0.14,N,7
35,130000,MORTGAGE,2,PERSONAL,B,12000,10.08,0,0.09,N,7
35,52000,OWN,3,VENTURE,B,10400,9.99,0,0.2,N,7
35,38004,RENT,4,MEDICAL,B,10000,9.99,0,0.26,N,7
35,100000,MORTGAGE,9,EDUCATION,B,6000,9.99,0,0.06,N,7
35,37000,RENT,2,PERSONAL,B,6000,9.99,1,0.16,N,7
35,34000,RENT,15,HOMEIMPROVEMENT,B,3200,9.99,1,0.09,N,7
35,50000,RENT,4,EDUCATION,B,10000,9.91,0,0.2,N,7
35,105000,RENT,6,VENTURE,B,24000,9.25,0,0.23,N,7
35,34000,MORTGAGE,4,DEBTCONSOLIDATION,A,12800,8.94,0,0.38,N,7
35,100000,OWN,9,VENTURE,A,10000,8.59,0,0.1,N,7
35,19200,RENT,2,VENTURE,A,3675,8.49,1,0.19,N,7
35,175000,MORTGAGE,12,VENTURE,A,2200,8.49,0,0.01,N,7
35,32004,RENT,2,MEDICAL,A,1500,8.49,0,0.05,N,7
35,24960,RENT,6,VENTURE,A,1400,8.49,0,0.06,N,7
35,100000,RENT,0,MEDICAL,A,5000,7.74,0,0.05,N,7
35,27204,MORTGAGE,16,PERSONAL,A,1800,7.74,0,0.07,N,7
35,40000,OWN,5,VENTURE,A,8000,7.66,0,0.2,N,7
35,24996,RENT,6,MEDICAL,A,8000,7.51,1,0.32,N,7
35,44000,MORTGAGE,5,DEBTCONSOLIDATION,A,6500,7.51,0,0.15,N,7
35,85000,RENT,1,VENTURE,A,3600,7.51,0,0.04,N,7
35,30720,MORTGAGE,4,VENTURE,A,6000,7.49,0,0.2,N,7
35,24000,MORTGAGE,14,DEBTCONSOLIDATION,A,4000,7.49,0,0.17,N,7
35,44908,RENT,6,EDUCATION,A,5000,6.92,0,0.11,N,7
35,40000,OWN,0,MEDICAL,A,5000,6.92,0,0.13,N,7
35,94500,MORTGAGE,0,MEDICAL,A,12000,6.62,0,0.13,N,7
35,82008,MORTGAGE,7,HOMEIMPROVEMENT,A,7200,6.62,0,0.09,N,7
35,38000,MORTGAGE,5,HOMEIMPROVEMENT,A,5000,6.62,0,0.13,N,7
35,61000,MORTGAGE,0,DEBTCONSOLIDATION,A,6000,6.54,0,0.1,N,7
35,60000,MORTGAGE,2,DEBTCONSOLIDATION,A,4000,6.03,0,0.07,N,7
35,66000,MORTGAGE,4,VENTURE,A,3000,6.03,0,0.05,N,7
35,77040,MORTGAGE,8,HOMEIMPROVEMENT,A,5900,5.99,0,0.08,N,7
35,65000,MORTGAGE,,DEBTCONSOLIDATION,A,6500,5.42,0,0.1,N,7
35,30000,RENT,0,EDUCATION,A,6475,5.42,0,0.22,N,7
35,16800,RENT,0,HOMEIMPROVEMENT,A,3000,5.42,1,0.18,N,7
35,200000,MORTGAGE,3,EDUCATION,C,25000,,0,0.13,Y,7
35,113000,RENT,0,DEBTCONSOLIDATION,E,20000,,1,0.18,N,7
35,87000,RENT,6,VENTURE,B,15000,,0,0.17,N,7
35,83004,MORTGAGE,6,HOMEIMPROVEMENT,A,15000,,0,0.18,N,7
35,125000,RENT,11,EDUCATION,D,8000,,0,0.06,Y,7
35,75000,OWN,9,VENTURE,A,7600,,0,0.1,N,7
35,108000,RENT,1,PERSONAL,B,7000,,0,0.06,N,7
35,40000,RENT,1,MEDICAL,B,6000,,0,0.15,N,7
35,130000,RENT,6,VENTURE,B,4375,,0,0.03,N,7
35,14400,RENT,1,HOMEIMPROVEMENT,B,3000,,1,0.21,N,7
35,36000,RENT,4,MEDICAL,E,9000,18.39,1,0.25,Y,6
35,123000,RENT,2,HOMEIMPROVEMENT,E,25000,17.19,1,0.2,N,6
35,34000,RENT,7,EDUCATION,D,5000,16.32,1,0.15,N,6
35,100000,MORTGAGE,13,EDUCATION,F,12000,15.76,0,0.12,N,6
35,34000,RENT,0,DEBTCONSOLIDATION,E,5000,15.45,1,0.15,Y,6
35,60000,MORTGAGE,11,EDUCATION,D,25000,15.31,0,0.42,N,6
35,53000,OWN,1,PERSONAL,C,10000,15.27,0,0.19,Y,6
35,33000,RENT,2,VENTURE,C,7600,15.27,0,0.23,N,6
35,78000,RENT,1,PERSONAL,C,4350,15.27,1,0.06,N,6
35,22300,OWN,1,PERSONAL,C,3775,15.27,0,0.17,N,6
35,35000,MORTGAGE,4,MEDICAL,C,5200,15.23,0,0.15,N,6
35,234600,MORTGAGE,1,HOMEIMPROVEMENT,D,7500,15.05,0,0.03,Y,6
35,34000,RENT,1,VENTURE,D,1600,14.84,1,0.05,Y,6
35,30996,RENT,18,EDUCATION,C,4200,14.79,0,0.14,Y,6
35,62475,MORTGAGE,5,MEDICAL,D,9600,14.61,1,0.13,Y,6
35,273700,MORTGAGE,8,MEDICAL,D,25000,14.59,1,0.08,N,6
35,39996,MORTGAGE,0,MEDICAL,D,15000,14.42,1,0.38,N,6
35,95028,RENT,2,HOMEIMPROVEMENT,D,5000,14.42,1,0.05,Y,6
35,88000,MORTGAGE,4,PERSONAL,D,10000,14.11,1,0.11,Y,6
35,39996,RENT,4,MEDICAL,D,16750,14.09,1,0.42,N,6
35,33000,OWN,0,EDUCATION,C,2000,13.98,0,0.06,Y,6
35,19000,RENT,2,HOMEIMPROVEMENT,C,3300,13.85,1,0.17,N,6
35,110000,MORTGAGE,4,MEDICAL,C,4000,13.79,0,0.04,N,6
35,36500,RENT,0,MEDICAL,C,6000,13.61,0,0.16,N,6
35,28080,RENT,3,DEBTCONSOLIDATION,C,9600,13.57,1,0.34,N,6
35,60000,RENT,4,DEBTCONSOLIDATION,C,15000,13.49,0,0.25,Y,6
35,50000,MORTGAGE,5,HOMEIMPROVEMENT,C,6000,13.49,0,0.12,N,6
35,510000,RENT,1,PERSONAL,C,1800,13.48,0,0,N,6
35,93000,RENT,12,VENTURE,C,14000,13.16,0,0.15,N,6
35,39000,RENT,2,MEDICAL,C,10000,13.16,1,0.26,N,6
35,24000,RENT,3,VENTURE,C,3500,12.99,0,0.15,N,6
35,15000,MORTGAGE,0,VENTURE,C,1925,12.84,0,0.13,N,6
35,139000,MORTGAGE,12,DEBTCONSOLIDATION,B,35000,12.69,0,0.25,N,6
35,35000,MORTGAGE,5,EDUCATION,B,8000,12.69,0,0.23,N,6
35,54084,RENT,2,DEBTCONSOLIDATION,C,3000,12.61,0,0.06,N,6
35,40934,RENT,5,EDUCATION,B,20500,12.53,1,0.5,N,6
35,63600,MORTGAGE,5,DEBTCONSOLIDATION,B,4800,12.42,1,0.08,N,6
35,58788,MORTGAGE,8,DEBTCONSOLIDATION,B,2200,11.99,0,0.04,N,6
35,53000,RENT,2,HOMEIMPROVEMENT,B,4200,11.71,0,0.08,N,6
35,27996,RENT,14,MEDICAL,B,8500,11.58,0,0.3,N,6
35,104000,RENT,0,DEBTCONSOLIDATION,B,3000,11.58,0,0.03,N,6
35,84000,MORTGAGE,0,DEBTCONSOLIDATION,C,20000,11.54,1,0.24,Y,6
35,71000,RENT,3,EDUCATION,B,8000,11.49,0,0.11,N,6
35,35000,MORTGAGE,5,EDUCATION,B,5600,11.49,0,0.16,N,6
35,52000,RENT,2,MEDICAL,B,3000,11.48,0,0.06,N,6
35,21340,RENT,0,MEDICAL,B,8000,11.14,1,0.37,N,6
35,36000,MORTGAGE,3,EDUCATION,B,5000,11.12,0,0.14,N,6
35,71500,MORTGAGE,1,HOMEIMPROVEMENT,B,19200,10.99,0,0.27,N,6
35,90000,RENT,0,DEBTCONSOLIDATION,B,12000,10.99,0,0.13,N,6
35,41000,MORTGAGE,0,DEBTCONSOLIDATION,B,8000,10.83,0,0.2,N,6
35,130000,RENT,17,EDUCATION,B,12000,10.75,0,0.09,N,6
35,72000,MORTGAGE,4,MEDICAL,B,15000,10.59,0,0.21,N,6
35,126696,MORTGAGE,19,MEDICAL,B,24250,10.38,0,0.19,N,6
35,38400,MORTGAGE,1,VENTURE,B,9500,10.36,0,0.25,N,6
35,55000,RENT,3,DEBTCONSOLIDATION,B,9000,10.25,0,0.16,N,6
35,72500,MORTGAGE,0,DEBTCONSOLIDATION,B,4000,10.25,0,0.06,N,6
35,39000,RENT,8,MEDICAL,B,5000,9.99,1,0.13,N,6
35,115000,RENT,1,VENTURE,B,28000,9.91,0,0.24,N,6
35,70000,OWN,6,VENTURE,B,17000,9.88,0,0.24,N,6
35,40000,RENT,0,MEDICAL,B,5600,9.76,0,0.14,N,6
35,26000,OWN,1,PERSONAL,A,6000,9.63,0,0.23,N,6
35,17000,RENT,0,MEDICAL,A,4750,9.32,1,0.28,N,6
35,15000,OWN,3,HOMEIMPROVEMENT,A,3700,9.32,1,0.25,N,6
35,19200,RENT,0,VENTURE,A,3500,9.32,1,0.18,N,6
35,85000,RENT,0,HOMEIMPROVEMENT,A,5000,9.07,0,0.06,N,6
35,23000,RENT,13,MEDICAL,A,6500,8.63,0,0.28,N,6
35,110000,MORTGAGE,3,HOMEIMPROVEMENT,A,10000,8.59,0,0.09,N,6
35,24996,RENT,0,VENTURE,A,5000,8.49,0,0.2,N,6
35,88000,RENT,2,PERSONAL,A,13600,7.9,0,0.15,N,6
35,26000,RENT,3,PERSONAL,A,8000,7.9,1,0.31,N,6
35,84996,RENT,12,PERSONAL,A,17000,7.88,0,0.2,N,6
35,125000,MORTGAGE,8,VENTURE,A,17000,7.88,0,0.14,N,6
35,48000,RENT,6,MEDICAL,A,17000,7.88,1,0.35,N,6
35,136240,MORTGAGE,9,EDUCATION,A,15000,7.88,0,0.11,N,6
35,100000,RENT,3,PERSONAL,A,12000,7.88,0,0.12,N,6
35,67000,MORTGAGE,10,PERSONAL,A,3300,7.88,0,0.05,N,6
35,70000,RENT,9,VENTURE,A,5000,7.74,0,0.07,N,6
35,64000,MORTGAGE,11,DEBTCONSOLIDATION,A,14500,7.66,0,0.23,N,6
35,40000,OWN,5,VENTURE,A,8000,7.66,0,0.2,N,6
35,43772,MORTGAGE,11,MEDICAL,A,15000,7.51,1,0.34,N,6
35,48000,RENT,7,MEDICAL,A,8250,7.51,0,0.17,N,6
35,85000,RENT,1,DEBTCONSOLIDATION,A,3600,7.51,0,0.04,N,6
35,30720,MORTGAGE,4,HOMEIMPROVEMENT,A,6000,7.49,0,0.2,N,6
35,38000,RENT,0,MEDICAL,A,1500,7.4,0,0.04,N,6
35,49800,MORTGAGE,3,PERSONAL,A,6000,7.14,0,0.12,N,6
35,34200,RENT,3,EDUCATION,A,7200,6.99,0,0.21,N,6
35,45000,RENT,3,MEDICAL,A,5500,6.92,0,0.12,N,6
35,60000,MORTGAGE,5,DEBTCONSOLIDATION,A,2000,6.91,0,0.03,N,6
35,84000,OWN,4,HOMEIMPROVEMENT,A,9000,6.76,0,0.11,N,6
35,50000,MORTGAGE,7,HOMEIMPROVEMENT,A,12000,6.62,0,0.24,N,6
35,30000,MORTGAGE,13,PERSONAL,A,6625,6.62,0,0.22,N,6
35,39000,RENT,8,DEBTCONSOLIDATION,A,4500,6.62,0,0.12,N,6
35,44000,RENT,8,DEBTCONSOLIDATION,A,10000,6.54,0,0.23,N,6
35,30000,RENT,1,DEBTCONSOLIDATION,A,6000,6.54,0,0.2,N,6
35,34868,RENT,14,MEDICAL,E,5000,6,1,0.14,N,6
35,30000,MORTGAGE,2,EDUCATION,A,3300,5.99,0,0.11,N,6
35,110000,MORTGAGE,7,EDUCATION,A,10200,5.42,0,0.09,N,6
35,30000,RENT,0,MEDICAL,A,6475,5.42,0,0.22,N,6
35,86000,OWN,5,MEDICAL,B,18000,,0,0.21,N,6
35,57721,RENT,3,DEBTCONSOLIDATION,B,16500,,0,0.29,N,6
35,83000,MORTGAGE,17,HOMEIMPROVEMENT,D,15000,,0,0.18,N,6
35,82863,RENT,14,VENTURE,A,11000,,0,0.13,N,6
35,38000,RENT,3,PERSONAL,B,8000,,0,0.21,N,6
35,30000,RENT,3,EDUCATION,B,8000,,0,0.27,N,6
35,30000,RENT,1,EDUCATION,C,7500,,1,0.25,Y,6
35,110000,MORTGAGE,7,VENTURE,B,6000,,0,0.05,N,6
35,56566,MORTGAGE,3,EDUCATION,A,3200,,0,0.06,N,6
35,130000,RENT,11,EDUCATION,E,6600,17.93,0,0.05,N,5
35,69000,MORTGAGE,2,VENTURE,D,25500,17.27,1,0.37,N,5
35,46000,RENT,3,MEDICAL,E,10000,17.14,0,0.22,N,5
35,60350,MORTGAGE,15,MEDICAL,E,25000,16.82,1,0.35,N,5
35,45000,OWN,6,VENTURE,D,10000,16.77,0,0.22,N,5
35,33600,RENT,8,VENTURE,D,3200,16.49,0,0.1,Y,5
35,33996,RENT,2,MEDICAL,D,3600,16.32,1,0.11,N,5
35,126000,RENT,19,EDUCATION,D,10000,16.29,0,0.08,N,5
35,80000,OWN,5,VENTURE,D,15000,15.99,0,0.19,Y,5
35,35000,RENT,10,PERSONAL,D,8600,15.99,0,0.25,N,5
35,20000,RENT,4,EDUCATION,D,6000,15.99,0,0.3,N,5
35,60000,MORTGAGE,12,MEDICAL,C,16000,15.96,0,0.27,Y,5
35,37400,MORTGAGE,3,VENTURE,D,10750,15.95,0,0.29,N,5
35,42000,RENT,3,PERSONAL,D,3200,15.62,0,0.08,N,5
35,32000,MORTGAGE,1,DEBTCONSOLIDATION,D,10750,14.96,1,0.34,Y,5
35,10800,RENT,,EDUCATION,D,2500,14.84,1,0.23,N,5
35,54000,RENT,0,PERSONAL,D,20500,14.61,1,0.38,Y,5
35,79500,MORTGAGE,5,PERSONAL,D,9600,14.61,0,0.12,Y,5
35,31000,MORTGAGE,2,DEBTCONSOLIDATION,D,5000,14.46,1,0.16,Y,5
35,21600,RENT,1,PERSONAL,C,2500,14.35,0,0.12,Y,5
35,46900,RENT,14,MEDICAL,C,14000,14.27,0,0.3,Y,5
35,75000,MORTGAGE,5,DEBTCONSOLIDATION,C,4000,14.27,0,0.05,Y,5
35,130000,MORTGAGE,15,HOMEIMPROVEMENT,C,7000,13.98,0,0.05,Y,5
35,80000,RENT,1,PERSONAL,C,24000,13.92,0,0.3,Y,5
35,31732,MORTGAGE,0,DEBTCONSOLIDATION,C,8000,13.92,1,0.25,N,5
35,102000,RENT,3,DEBTCONSOLIDATION,C,20000,13.85,0,0.2,N,5
35,40000,RENT,6,DEBTCONSOLIDATION,C,5100,13.72,0,0.13,Y,5
35,69000,RENT,8,VENTURE,C,20000,13.49,1,0.29,Y,5
35,75000,MORTGAGE,2,PERSONAL,C,20000,13.49,0,0.27,Y,5
35,60000,RENT,18,HOMEIMPROVEMENT,C,15000,13.43,0,0.25,N,5
35,50000,RENT,0,MEDICAL,C,4000,13.22,0,0.08,Y,5
35,125000,RENT,6,DEBTCONSOLIDATION,C,7000,13.06,0,0.06,Y,5
35,100843,MORTGAGE,6,MEDICAL,C,2800,12.87,0,0.03,N,5
35,50000,RENT,4,PERSONAL,C,17500,12.84,1,0.35,N,5
35,32000,RENT,3,MEDICAL,C,7200,12.61,0,0.23,N,5
35,90000,MORTGAGE,9,HOMEIMPROVEMENT,C,20000,12.53,0,0.22,N,5
35,30000,RENT,2,EDUCATION,C,3000,12.53,0,0.1,Y,5
35,56000,RENT,5,EDUCATION,B,10000,12.42,0,0.18,N,5
35,17280,RENT,6,EDUCATION,D,7200,12.36,1,0.42,N,5
35,29400,RENT,0,VENTURE,B,6150,12.21,0,0.21,N,5
35,54996,RENT,1,VENTURE,B,3000,12.21,0,0.05,N,5
35,79750,MORTGAGE,5,DEBTCONSOLIDATION,B,35000,11.99,0,0.44,N,5
35,27600,MORTGAGE,19,EDUCATION,B,3000,11.86,0,0.11,N,5
35,67600,RENT,7,PERSONAL,B,16000,11.58,0,0.24,N,5
35,124596,MORTGAGE,1,EDUCATION,B,20000,11.49,0,0.16,N,5
35,45000,RENT,3,MEDICAL,B,12000,11.26,0,0.27,N,5
35,69000,RENT,1,EDUCATION,B,12000,11.26,1,0.17,N,5
35,42000,RENT,7,MEDICAL,B,1000,11.12,0,0.02,N,5
35,38000,MORTGAGE,2,MEDICAL,B,15000,10.99,0,0.39,N,5
35,120000,RENT,4,VENTURE,B,12000,10.99,0,0.1,N,5
35,80004,MORTGAGE,0,DEBTCONSOLIDATION,B,14400,10.95,0,0.18,N,5
35,40000,MORTGAGE,18,MEDICAL,B,7200,10.71,0,0.18,N,5
35,85000,MORTGAGE,2,MEDICAL,B,14000,10.65,0,0.16,N,5
35,55000,MORTGAGE,7,EDUCATION,B,1450,10.59,0,0.03,N,5
35,38000,MORTGAGE,1,MEDICAL,B,2400,10.37,0,0.06,N,5
35,45000,RENT,2,VENTURE,B,10000,10.36,0,0.22,N,5
35,65000,MORTGAGE,19,EDUCATION,B,20000,10.25,0,0.31,N,5
35,65000,MORTGAGE,19,DEBTCONSOLIDATION,B,20000,10.25,0,0.31,N,5
35,39000,RENT,2,MEDICAL,B,10000,10.25,0,0.26,N,5
35,85000,MORTGAGE,0,PERSONAL,B,12000,10,0,0.14,N,5
35,93000,RENT,0,EDUCATION,B,12000,9.99,0,0.13,N,5
35,90000,MORTGAGE,8,EDUCATION,B,4800,9.99,0,0.05,N,5
35,36000,OWN,1,VENTURE,B,3925,9.99,0,0.11,N,5
35,60000,MORTGAGE,3,EDUCATION,B,19600,9.91,0,0.33,N,5
35,50000,RENT,11,MEDICAL,B,16000,9.91,1,0.32,N,5
35,53500,MORTGAGE,3,MEDICAL,B,10000,9.91,0,0.19,N,5
35,35000,MORTGAGE,4,PERSONAL,B,8000,9.91,0,0.23,N,5
35,36000,RENT,,MEDICAL,B,5000,9.91,0,0.14,N,5
35,250000,OWN,8,VENTURE,B,15000,9.88,0,0.06,N,5
35,101400,MORTGAGE,11,HOMEIMPROVEMENT,A,4500,9.32,0,0.04,N,5
35,15000,OWN,3,MEDICAL,A,3700,9.32,1,0.25,N,5
35,80000,RENT,0,DEBTCONSOLIDATION,B,7050,8.88,0,0.09,N,5
35,67641,MORTGAGE,6,VENTURE,A,10000,8,0,0.15,N,5
35,74000,MORTGAGE,9,EDUCATION,A,8200,8,0,0.11,N,5
35,59196,MORTGAGE,0,EDUCATION,A,5000,8,0,0.08,N,5
35,74000,MORTGAGE,13,DEBTCONSOLIDATION,A,5000,7.9,0,0.07,N,5
35,98300,MORTGAGE,8,PERSONAL,A,15000,7.88,0,0.15,N,5
35,36000,RENT,3,DEBTCONSOLIDATION,A,5000,7.51,0,0.14,N,5
35,57000,MORTGAGE,8,MEDICAL,A,5500,7.49,0,0.1,N,5
35,108717,MORTGAGE,9,DEBTCONSOLIDATION,A,16000,6.99,0,0.15,N,5
35,154000,OWN,13,VENTURE,A,12000,6.92,0,0.08,N,5
35,40000,OWN,0,PERSONAL,A,5000,6.92,0,0.13,N,5
35,72000,MORTGAGE,3,HOMEIMPROVEMENT,A,12800,6.62,0,0.18,N,5
35,70360,RENT,8,EDUCATION,A,10000,6.62,0,0.14,N,5
35,54000,OWN,,MEDICAL,A,6000,6.62,0,0.11,N,5
35,132000,MORTGAGE,14,PERSONAL,A,22000,6.54,0,0.17,N,5
35,78000,MORTGAGE,9,PERSONAL,A,10000,6.54,0,0.13,N,5
35,40800,RENT,5,VENTURE,A,5000,6.54,0,0.12,N,5
35,32000,RENT,4,DEBTCONSOLIDATION,A,14500,6.17,1,0.45,N,5
35,62000,MORTGAGE,0,EDUCATION,A,9475,6.03,0,0.15,N,5
35,52000,MORTGAGE,7,DEBTCONSOLIDATION,A,7000,6.03,0,0.13,N,5
35,39996,RENT,4,EDUCATION,A,8000,5.99,0,0.2,N,5
35,30000,MORTGAGE,3,DEBTCONSOLIDATION,A,2975,5.99,0,0.1,N,5
35,65000,MORTGAGE,,VENTURE,A,6500,5.42,0,0.1,N,5
35,36000,RENT,1,EDUCATION,A,3000,5.42,0,0.08,N,5
35,62500,OWN,2,MEDICAL,A,1600,5.42,0,0.03,N,5
35,115000,RENT,2,MEDICAL,A,14000,,0,0.12,N,5
35,105000,RENT,11,VENTURE,C,7250,,0,0.07,Y,5
35,24996,RENT,2,DEBTCONSOLIDATION,B,6200,,0,0.25,N,5
35,81000,MORTGAGE,15,DEBTCONSOLIDATION,B,5400,,0,0.07,N,5
34,58650,MORTGAGE,7,MEDICAL,G,12000,20.17,1,0.17,Y,10
34,138000,RENT,0,HOMEIMPROVEMENT,E,21000,18.79,1,0.15,N,10
34,50400,MORTGAGE,9,VENTURE,F,22800,18.67,0,0.45,N,10
34,113900,MORTGAGE,5,MEDICAL,E,35000,18.64,1,0.26,N,10
34,77000,RENT,3,DEBTCONSOLIDATION,D,35000,18.25,1,0.45,Y,10
34,58800,MORTGAGE,3,HOMEIMPROVEMENT,E,17000,17.74,1,0.29,N,10
34,32000,RENT,6,EDUCATION,D,8000,17.27,0,0.25,Y,10
34,102000,RENT,4,EDUCATION,E,8400,17.19,0,0.08,Y,10
34,45000,RENT,2,PERSONAL,E,4500,16.95,1,0.1,N,10
34,75500,RENT,0,EDUCATION,D,19200,16.77,1,0.25,N,10
34,44000,RENT,0,PERSONAL,E,6000,16.45,1,0.14,N,10
34,36000,MORTGAGE,5,PERSONAL,E,12000,16,0,0.33,Y,10
34,170000,MORTGAGE,9,VENTURE,D,7500,15.99,0,0.04,N,10
34,35000,RENT,3,MEDICAL,C,10600,15.96,0,0.3,N,10
34,74000,MORTGAGE,13,VENTURE,C,10000,15.96,1,0.14,Y,10
34,98480,MORTGAGE,18,DEBTCONSOLIDATION,C,2500,15.96,0,0.03,N,10
34,69000,RENT,0,EDUCATION,D,12800,15.7,1,0.19,N,10
34,60000,MORTGAGE,6,EDUCATION,E,10500,15.68,0,0.17,N,10
34,36500,RENT,4,DEBTCONSOLIDATION,D,6500,15.65,1,0.18,N,10
34,60500,RENT,3,DEBTCONSOLIDATION,D,11200,15.62,1,0.19,Y,10
34,41979,MORTGAGE,14,EDUCATION,C,8150,15.23,0,0.19,N,10
34,140000,MORTGAGE,17,VENTURE,D,12000,15.21,0,0.09,Y,10
34,59000,RENT,0,EDUCATION,D,4100,14.91,1,0.07,N,10
34,35316,RENT,5,MEDICAL,D,7200,14.84,1,0.2,N,10
34,18000,RENT,4,MEDICAL,C,2400,14.79,0,0.13,N,10
34,74000,MORTGAGE,10,EDUCATION,C,17000,14.27,0,0.23,Y,10
34,42000,RENT,5,VENTURE,C,6000,14.22,0,0.14,N,10
34,51312,RENT,0,HOMEIMPROVEMENT,C,18000,13.85,1,0.35,N,10
34,42000,RENT,3,DEBTCONSOLIDATION,D,2400,13.8,1,0.06,Y,10
34,36000,RENT,1,MEDICAL,C,4000,13.61,0,0.11,N,10
34,100000,RENT,4,VENTURE,C,18000,13.49,0,0.18,Y,10
34,55000,MORTGAGE,4,EDUCATION,C,7000,13.49,0,0.13,Y,10
34,25200,RENT,6,PERSONAL,C,12000,13.48,1,0.48,N,10
34,35100,MORTGAGE,16,PERSONAL,C,9000,13.47,0,0.26,N,10
34,55000,MORTGAGE,6,EDUCATION,C,5000,13.43,0,0.09,Y,10
34,14000,RENT,3,PERSONAL,C,5000,13.35,1,0.36,N,10
34,225000,MORTGAGE,4,MEDICAL,C,3000,13.35,0,0.01,N,10
34,20400,MORTGAGE,6,MEDICAL,C,3300,13.06,0,0.16,Y,10
34,30144,MORTGAGE,3,EDUCATION,C,18000,12.84,0,0.6,Y,10
34,80300,MORTGAGE,3,HOMEIMPROVEMENT,C,15000,12.73,0,0.19,Y,10
34,334000,OWN,18,EDUCATION,C,18000,12.68,0,0.05,Y,10
34,110000,RENT,6,PERSONAL,C,15000,12.68,0,0.14,Y,10
34,30000,RENT,2,HOMEIMPROVEMENT,B,14975,12.53,1,0.5,N,10
34,93000,RENT,11,HOMEIMPROVEMENT,C,11000,12.53,0,0.12,Y,10
34,60000,MORTGAGE,5,EDUCATION,C,7000,12.53,0,0.12,Y,10
34,40000,RENT,2,VENTURE,B,5000,12.53,0,0.13,N,10
34,27000,RENT,3,MEDICAL,B,2525,12.21,0,0.09,N,10
34,28800,RENT,0,EDUCATION,B,7200,11.99,1,0.25,N,10
34,60000,MORTGAGE,18,EDUCATION,B,3000,11.99,1,0.05,N,10
34,72000,RENT,2,VENTURE,B,20000,11.89,0,0.28,N,10
34,168000,RENT,0,DEBTCONSOLIDATION,B,24250,11.83,0,0.14,N,10
34,19200,RENT,12,DEBTCONSOLIDATION,B,4750,11.83,1,0.25,N,10
34,48000,RENT,4,VENTURE,B,3000,11.83,0,0.06,N,10
34,62000,MORTGAGE,18,HOMEIMPROVEMENT,B,28000,11.71,0,0.45,N,10
34,285000,RENT,5,EDUCATION,B,21000,11.71,0,0.07,N,10
34,45000,RENT,,VENTURE,B,10000,11.71,0,0.22,N,10
34,48000,MORTGAGE,7,EDUCATION,B,8400,11.71,0,0.17,N,10
34,74000,RENT,3,EDUCATION,C,11200,11.66,1,0.15,N,10
34,126000,MORTGAGE,2,HOMEIMPROVEMENT,B,9600,11.49,0,0.08,N,10
34,40000,OWN,18,MEDICAL,B,8000,11.36,0,0.2,N,10
34,75000,MORTGAGE,14,MEDICAL,B,10000,11.11,0,0.13,N,10
34,73000,RENT,0,PERSONAL,B,10000,11.11,0,0.14,N,10
34,43920,RENT,2,DEBTCONSOLIDATION,C,16400,11.03,1,0.37,Y,10
34,68340,MORTGAGE,9,HOMEIMPROVEMENT,B,25000,10.99,0,0.37,N,10
34,98000,OWN,19,MEDICAL,B,16000,10.99,0,0.16,N,10
34,35000,RENT,2,PERSONAL,B,15000,10.99,1,0.43,N,10
34,130000,RENT,2,VENTURE,B,8000,10.99,0,0.06,N,10
34,30000,RENT,4,VENTURE,B,3350,10.99,0,0.11,N,10
34,130000,MORTGAGE,5,DEBTCONSOLIDATION,B,20000,10.65,0,0.15,N,10
34,122400,MORTGAGE,5,MEDICAL,B,6800,10.65,0,0.06,N,10
34,80000,MORTGAGE,7,EDUCATION,B,19000,10.62,0,0.24,N,10
34,120000,MORTGAGE,10,EDUCATION,B,20000,10.37,0,0.17,N,10
34,30636,RENT,4,DEBTCONSOLIDATION,B,10000,10.37,1,0.33,N,10
34,29152,RENT,,DEBTCONSOLIDATION,B,5000,10.36,0,0.17,N,10
34,63504,RENT,0,MEDICAL,B,3500,10,0,0.06,N,10
34,28000,OWN,1,VENTURE,B,3000,9.99,0,0.11,N,10
34,29000,RENT,0,HOMEIMPROVEMENT,A,10800,9.63,1,0.37,N,10
34,105000,RENT,3,MEDICAL,A,7000,9.63,0,0.07,N,10
34,28704,RENT,0,MEDICAL,A,7000,9.32,0,0.24,N,10
34,38400,MORTGAGE,,EDUCATION,B,6500,9.25,0,0.17,N,10
34,39996,RENT,0,DEBTCONSOLIDATION,B,4750,9.25,0,0.12,N,10
34,53000,OWN,9,HOMEIMPROVEMENT,A,9600,8.94,0,0.18,N,10
34,42000,RENT,5,PERSONAL,A,18825,7.9,1,0.45,N,10
34,187000,RENT,3,VENTURE,A,12000,7.9,0,0.06,N,10
34,56400,MORTGAGE,2,DEBTCONSOLIDATION,A,7000,7.9,0,0.12,N,10
34,37000,OWN,17,EDUCATION,A,5000,7.9,0,0.14,N,10
34,31000,RENT,5,MEDICAL,A,14500,7.88,1,0.47,N,10
34,47300,MORTGAGE,3,HOMEIMPROVEMENT,A,12000,7.88,0,0.25,N,10
34,43000,MORTGAGE,9,DEBTCONSOLIDATION,A,11000,7.88,0,0.26,N,10
34,111996,MORTGAGE,11,DEBTCONSOLIDATION,A,3000,7.74,0,0.03,N,10
34,55500,RENT,2,PERSONAL,A,10450,7.51,0,0.19,N,10
34,92000,MORTGAGE,5,MEDICAL,A,10000,7.51,0,0.11,N,10
34,110000,MORTGAGE,2,MEDICAL,A,10000,7.29,0,0.09,N,10
34,48000,MORTGAGE,2,PERSONAL,A,10000,7.14,0,0.21,N,10
34,47700,RENT,2,DEBTCONSOLIDATION,A,9000,7.14,0,0.19,N,10
34,65000,MORTGAGE,12,VENTURE,A,6000,7.14,0,0.09,N,10
34,195000,MORTGAGE,18,PERSONAL,A,6000,6.92,0,0.03,N,10
34,160000,MORTGAGE,1,HOMEIMPROVEMENT,A,23000,6.91,0,0.14,N,10
34,42000,OWN,1,VENTURE,A,22750,6.91,0,0.54,N,10
34,53500,RENT,0,MEDICAL,A,3200,6.76,0,0.06,N,10
34,58000,OWN,8,MEDICAL,A,3000,6.76,0,0.05,N,10
34,100000,MORTGAGE,8,HOMEIMPROVEMENT,A,15000,6.17,0,0.15,N,10
34,80000,RENT,4,HOMEIMPROVEMENT,A,5000,6.17,0,0.06,N,10
34,32000,MORTGAGE,12,HOMEIMPROVEMENT,A,2275,6.17,0,0.07,N,10
34,80000,MORTGAGE,,PERSONAL,A,15000,6.03,0,0.19,N,10
34,72000,OWN,2,MEDICAL,A,13150,6.03,0,0.18,N,10
34,150000,MORTGAGE,18,DEBTCONSOLIDATION,A,6000,6.03,0,0.04,N,10
34,45000,RENT,7,MEDICAL,A,1500,5.99,0,0.03,N,10
34,84000,RENT,3,PERSONAL,A,9000,5.79,0,0.11,N,10
34,84000,RENT,3,EDUCATION,A,9000,5.79,0,0.11,N,10
34,75000,MORTGAGE,6,VENTURE,A,8000,5.42,0,0.11,N,10
34,96900,RENT,1,DEBTCONSOLIDATION,A,4800,5.42,0,0.05,N,10
34,91000,MORTGAGE,19,VENTURE,B,15000,,0,0.16,N,10
34,65000,MORTGAGE,6,DEBTCONSOLIDATION,A,12300,,0,0.19,N,10
34,80000,MORTGAGE,4,HOMEIMPROVEMENT,E,12000,,0,0.15,N,10
34,35000,RENT,9,DEBTCONSOLIDATION,A,8000,,0,0.23,N,10
34,35000,RENT,9,EDUCATION,A,8000,,0,0.23,N,10
34,160000,MORTGAGE,9,DEBTCONSOLIDATION,B,7500,,0,0.05,N,10
34,46000,MORTGAGE,18,DEBTCONSOLIDATION,B,6700,,0,0.15,N,10
34,119000,MORTGAGE,10,HOMEIMPROVEMENT,A,6000,,0,0.05,N,10
34,76000,RENT,4,MEDICAL,B,6000,,0,0.08,N,10
34,36000,RENT,0,VENTURE,D,6000,,1,0.17,N,10
34,50000,MORTGAGE,7,HOMEIMPROVEMENT,D,5000,,0,0.1,N,10
34,50000,RENT,8,EDUCATION,B,4800,,0,0.1,N,10
34,57000,RENT,7,DEBTCONSOLIDATION,C,4800,,1,0.08,Y,10
34,128000,MORTGAGE,2,DEBTCONSOLIDATION,D,3000,,1,0.02,N,10
34,28800,RENT,0,PERSONAL,F,2500,21.36,1,0.09,N,9
34,357000,MORTGAGE,3,HOMEIMPROVEMENT,E,14000,18.64,0,0.04,Y,9
34,20000,RENT,0,MEDICAL,F,5000,18.43,1,0.25,N,9
34,33666,RENT,4,PERSONAL,D,8000,17.49,1,0.24,Y,9
34,275004,MORTGAGE,2,VENTURE,D,25000,16.32,0,0.09,Y,9
34,263004,MORTGAGE,2,DEBTCONSOLIDATION,D,25000,16.32,1,0.1,Y,9
34,68000,MORTGAGE,17,PERSONAL,D,10000,16.29,0,0.15,N,9
34,44400,RENT,0,EDUCATION,D,4500,16.02,1,0.1,N,9
34,85000,MORTGAGE,2,HOMEIMPROVEMENT,D,15000,15.99,0,0.18,Y,9
34,44000,MORTGAGE,18,MEDICAL,D,4000,15.95,1,0.09,Y,9
34,91800,MORTGAGE,0,MEDICAL,F,25000,15.83,1,0.23,Y,9
34,48000,RENT,14,PERSONAL,D,10000,15.7,0,0.21,Y,9
34,60000,MORTGAGE,6,PERSONAL,E,10500,15.68,0,0.17,Y,9
34,66996,RENT,4,DEBTCONSOLIDATION,D,13000,15.2,1,0.19,Y,9
34,480000,MORTGAGE,5,PERSONAL,D,14000,14.61,0,0.03,N,9
34,36129,RENT,3,DEBTCONSOLIDATION,C,1800,14.22,0,0.05,Y,9
34,90000,RENT,4,VENTURE,C,3000,13.99,0,0.03,Y,9
34,39672,RENT,18,EDUCATION,C,16750,13.98,1,0.42,N,9
34,24000,OWN,4,HOMEIMPROVEMENT,C,2400,13.98,0,0.1,N,9
34,37000,RENT,2,EDUCATION,C,6400,13.61,0,0.17,N,9
34,86400,RENT,0,MEDICAL,C,8000,13.49,0,0.09,Y,9
34,50000,RENT,1,EDUCATION,C,2400,13.49,0,0.05,Y,9
34,44000,OWN,2,EDUCATION,C,10000,13.43,0,0.23,Y,9
34,35000,MORTGAGE,12,HOMEIMPROVEMENT,C,5000,13.35,0,0.14,N,9
34,50725,RENT,1,PERSONAL,C,5400,13.16,0,0.11,Y,9
34,30857,RENT,6,VENTURE,C,3000,13.06,1,0.1,N,9
34,37000,RENT,2,MEDICAL,D,16000,12.99,1,0.43,Y,9
34,182500,MORTGAGE,6,HOMEIMPROVEMENT,C,15000,12.84,0,0.08,Y,9
34,80300,MORTGAGE,3,PERSONAL,C,15000,12.73,0,0.19,Y,9
34,50000,RENT,0,HOMEIMPROVEMENT,C,15000,12.72,0,0.3,Y,9
34,14400,RENT,4,DEBTCONSOLIDATION,C,1500,12.61,0,0.1,Y,9
34,52000,RENT,1,EDUCATION,B,6000,12.53,0,0.12,N,9
34,35000,RENT,2,VENTURE,B,7200,12.42,0,0.21,N,9
34,109200,MORTGAGE,18,VENTURE,C,6000,12.23,0,0.05,Y,9
34,33500,RENT,0,VENTURE,B,11200,12.21,1,0.33,N,9
34,54072,MORTGAGE,12,PERSONAL,B,7000,11.89,0,0.13,N,9
34,54072,MORTGAGE,12,MEDICAL,B,7000,11.89,0,0.13,N,9
34,150000,MORTGAGE,5,VENTURE,B,15000,11.86,0,0.1,N,9
34,45000,MORTGAGE,1,VENTURE,B,12000,11.86,0,0.27,N,9
34,28880,RENT,2,VENTURE,C,3000,11.78,0,0.1,N,9
34,67000,RENT,7,EDUCATION,B,20000,11.71,0,0.3,N,9
34,63000,MORTGAGE,9,DEBTCONSOLIDATION,B,18000,11.49,0,0.29,N,9
34,45600,RENT,6,DEBTCONSOLIDATION,B,15000,11.48,1,0.33,N,9
34,45600,RENT,,PERSONAL,B,23500,11.36,1,0.52,N,9
34,70596,MORTGAGE,18,DEBTCONSOLIDATION,B,10000,11.26,0,0.14,N,9
34,63000,MORTGAGE,3,DEBTCONSOLIDATION,B,15000,10.99,0,0.24,N,9
34,70000,OWN,0,HOMEIMPROVEMENT,B,10000,10.99,0,0.14,N,9
34,33500,RENT,4,MEDICAL,B,8400,10.99,1,0.25,N,9
34,120000,OWN,4,VENTURE,B,7800,10.99,0,0.07,N,9
34,100000,RENT,5,PERSONAL,B,6000,10.99,0,0.06,N,9
34,300000,MORTGAGE,18,DEBTCONSOLIDATION,B,16000,10.74,0,0.05,N,9
34,58000,RENT,11,PERSONAL,B,10000,10.65,0,0.17,N,9
34,52809,RENT,18,VENTURE,B,13000,10.62,0,0.25,N,9
34,150000,RENT,5,HOMEIMPROVEMENT,B,12000,10.59,0,0.08,N,9
34,65004,RENT,8,HOMEIMPROVEMENT,B,5000,10.59,0,0.08,N,9
34,72000,RENT,6,MEDICAL,B,5000,10.59,0,0.07,N,9
34,19600,RENT,3,PERSONAL,B,4500,10.59,1,0.23,N,9
34,44000,RENT,2,VENTURE,B,4000,10.36,0,0.09,N,9
34,47000,OWN,8,VENTURE,B,14000,9.99,0,0.3,N,9
34,111280,RENT,3,HOMEIMPROVEMENT,B,6000,9.99,0,0.05,N,9
34,26400,MORTGAGE,0,MEDICAL,B,3600,9.88,0,0.14,N,9
34,45204,MORTGAGE,4,PERSONAL,A,5000,9.63,0,0.11,N,9
34,60000,RENT,1,EDUCATION,B,10000,9.62,0,0.17,N,9
34,39000,RENT,0,DEBTCONSOLIDATION,B,7500,9.45,1,0.19,N,9
34,30000,MORTGAGE,4,EDUCATION,A,7300,9.32,0,0.24,N,9
34,74256,MORTGAGE,1,HOMEIMPROVEMENT,B,11000,9.25,0,0.15,N,9
34,125000,MORTGAGE,4,MEDICAL,A,12000,8.94,0,0.1,N,9
34,25800,OWN,18,EDUCATION,A,10000,8.94,0,0.39,N,9
34,38000,OWN,1,HOMEIMPROVEMENT,A,10000,8.94,0,0.26,N,9
34,78000,RENT,5,EDUCATION,A,18000,8.9,0,0.23,N,9
34,50000,RENT,4,PERSONAL,B,18000,8.88,1,0.36,N,9
34,55000,RENT,4,MEDICAL,B,7000,8.88,0,0.13,N,9
34,26000,OWN,0,MEDICAL,A,3000,8.49,0,0.12,N,9
34,82000,RENT,3,HOMEIMPROVEMENT,A,5000,8.32,0,0.06,N,9
34,63996,MORTGAGE,2,EDUCATION,A,6400,8,0,0.1,N,9
34,60000,RENT,3,VENTURE,A,6000,8,0,0.1,N,9
34,48000,RENT,0,EDUCATION,A,4000,8,0,0.08,N,9
34,42000,RENT,5,MEDICAL,A,18825,7.9,1,0.45,N,9
34,30000,MORTGAGE,4,PERSONAL,A,4300,7.9,0,0.14,N,9
34,33612,MORTGAGE,0,PERSONAL,A,9000,7.74,1,0.27,N,9
34,110000,RENT,0,DEBTCONSOLIDATION,A,10000,7.66,0,0.09,N,9
34,67000,MORTGAGE,4,EDUCATION,A,7000,7.51,0,0.1,N,9
34,80000,MORTGAGE,5,PERSONAL,A,12000,7.49,0,0.15,N,9
34,62000,RENT,1,HOMEIMPROVEMENT,A,6000,7.49,0,0.1,N,9
34,15523,OWN,1,VENTURE,A,3800,7.49,1,0.24,N,9
34,25000,RENT,0,MEDICAL,A,10000,7.29,1,0.4,N,9
34,30000,OWN,0,MEDICAL,A,6000,7.29,0,0.2,N,9
34,72000,MORTGAGE,10,HOMEIMPROVEMENT,A,4000,7.14,0,0.06,N,9
34,60000,RENT,3,VENTURE,A,12000,6.92,0,0.2,N,9
34,47818,RENT,9,MEDICAL,A,6800,6.92,0,0.14,N,9
34,78301,MORTGAGE,6,DEBTCONSOLIDATION,A,17000,6.62,0,0.22,N,9
34,101000,RENT,0,VENTURE,A,16000,6.17,0,0.16,N,9
34,35000,RENT,1,PERSONAL,A,8000,6.17,0,0.23,N,9
34,45000,RENT,17,VENTURE,A,12000,6.03,0,0.27,N,9
34,39600,MORTGAGE,16,PERSONAL,A,2400,6.03,0,0.06,N,9
34,30000,RENT,3,PERSONAL,A,9050,5.99,0,0.3,N,9
34,80000,MORTGAGE,3,VENTURE,A,3600,5.99,0,0.04,N,9
34,56400,OWN,8,MEDICAL,A,12100,5.79,0,0.21,N,9
34,115000,MORTGAGE,11,MEDICAL,A,6000,5.79,0,0.05,N,9
34,55000,MORTGAGE,3,VENTURE,A,12800,5.42,0,0.23,N,9
34,156000,MORTGAGE,9,MEDICAL,A,25000,,0,0.16,N,9
34,39000,RENT,0,HOMEIMPROVEMENT,C,22400,,1,0.57,Y,9
34,73000,MORTGAGE,7,PERSONAL,A,20675,,0,0.28,N,9
34,110000,OWN,9,HOMEIMPROVEMENT,B,20000,,0,0.18,N,9
34,70000,RENT,1,PERSONAL,B,20000,,0,0.29,N,9
34,45996,RENT,4,DEBTCONSOLIDATION,A,18000,,1,0.39,N,9
34,50000,OWN,2,PERSONAL,B,12000,,0,0.24,N,9
34,113000,RENT,6,EDUCATION,C,9600,,0,0.08,Y,9
34,46500,MORTGAGE,18,EDUCATION,D,8500,,0,0.18,N,9
34,93100,RENT,2,HOMEIMPROVEMENT,C,8000,,0,0.09,N,9
34,38500,RENT,0,DEBTCONSOLIDATION,C,8000,,0,0.21,Y,9
34,68000,RENT,5,PERSONAL,B,7200,,0,0.11,N,9
34,72000,MORTGAGE,11,VENTURE,B,5800,,0,0.08,N,9
34,80000,RENT,4,VENTURE,A,5000,,0,0.06,N,9
34,33000,RENT,5,DEBTCONSOLIDATION,A,4500,,0,0.14,N,9
34,55000,RENT,5,EDUCATION,A,4050,,0,0.07,N,9
34,23000,OWN,2,VENTURE,A,2500,,0,0.11,N,9
34,50000,RENT,0,VENTURE,A,2400,,0,0.05,N,9
34,31800,MORTGAGE,,PERSONAL,A,1700,,1,0.05,N,9
34,63000,OWN,5,VENTURE,G,20500,20.9,1,0.33,Y,8
34,108000,MORTGAGE,4,DEBTCONSOLIDATION,G,25000,20.03,1,0.23,N,8
34,70000,MORTGAGE,6,EDUCATION,E,22000,19.91,0,0.31,Y,8
34,89000,RENT,3,HOMEIMPROVEMENT,D,35000,18.25,1,0.39,N,8
34,51600,MORTGAGE,2,VENTURE,E,12000,17.88,1,0.23,N,8
34,135000,RENT,6,HOMEIMPROVEMENT,E,20000,17.74,0,0.15,Y,8
34,130000,MORTGAGE,5,PERSONAL,E,5000,17.56,0,0.04,Y,8
34,72000,RENT,7,EDUCATION,D,18000,15.95,0,0.25,Y,8
34,120000,MORTGAGE,0,HOMEIMPROVEMENT,F,25000,15.83,0,0.21,Y,8
34,90000,MORTGAGE,3,MEDICAL,C,7500,15.23,0,0.08,Y,8
34,19200,RENT,1,PERSONAL,C,5500,15.23,1,0.29,Y,8
34,120602,MORTGAGE,4,MEDICAL,C,20000,14.79,0,0.17,N,8
34,83200,MORTGAGE,3,PERSONAL,C,5000,14.79,0,0.06,Y,8
34,138571,MORTGAGE,18,PERSONAL,D,25000,14.59,0,0.18,N,8
34,121000,MORTGAGE,8,HOMEIMPROVEMENT,D,12000,14.59,1,0.1,Y,8
34,85000,MORTGAGE,19,EDUCATION,D,8500,14.42,0,0.1,Y,8
34,30000,OWN,3,HOMEIMPROVEMENT,C,8875,14.27,0,0.3,Y,8
34,195000,MORTGAGE,14,VENTURE,C,6000,14.27,0,0.03,N,8
34,52000,RENT,2,VENTURE,C,5000,13.99,0,0.1,Y,8
34,35000,OWN,2,EDUCATION,C,2000,13.99,0,0.06,N,8
34,42994,OWN,7,EDUCATION,D,7675,13.87,0,0.18,N,8
34,67392,MORTGAGE,0,DEBTCONSOLIDATION,C,15000,13.85,1,0.22,Y,8
34,90000,MORTGAGE,19,VENTURE,C,5000,13.61,0,0.06,Y,8
34,72000,MORTGAGE,8,HOMEIMPROVEMENT,C,10000,13.49,0,0.14,Y,8
34,44000,RENT,0,EDUCATION,C,3400,13.49,0,0.08,Y,8
34,35100,MORTGAGE,16,EDUCATION,C,9000,13.47,0,0.26,N,8
34,67014,MORTGAGE,18,VENTURE,C,16000,13.22,0,0.24,N,8
34,55000,RENT,3,DEBTCONSOLIDATION,C,12000,13.16,0,0.22,N,8
34,72000,RENT,17,MEDICAL,C,2400,13.16,0,0.03,N,8
34,75000,MORTGAGE,0,HOMEIMPROVEMENT,C,20000,13.06,0,0.27,N,8
34,180000,MORTGAGE,9,PERSONAL,C,12900,12.99,0,0.07,Y,8
34,220000,MORTGAGE,13,DEBTCONSOLIDATION,C,11275,12.99,0,0.05,N,8
34,220000,MORTGAGE,13,DEBTCONSOLIDATION,C,11275,12.99,0,0.05,Y,8
34,27852,OWN,0,PERSONAL,C,4200,12.84,0,0.15,N,8
34,40800,RENT,2,DEBTCONSOLIDATION,C,3200,12.61,0,0.08,Y,8
34,40000,RENT,2,PERSONAL,B,13200,12.42,1,0.33,N,8
34,26000,OWN,7,HOMEIMPROVEMENT,B,6000,12.42,0,0.23,N,8
34,287300,RENT,1,MEDICAL,C,15000,12.41,1,0.04,Y,8
34,72960,MORTGAGE,1,MEDICAL,B,11000,12.21,0,0.15,N,8
34,45000,RENT,3,PERSONAL,B,7000,11.86,0,0.16,N,8
34,50000,RENT,2,MEDICAL,B,2800,11.86,0,0.06,N,8
34,61200,RENT,18,MEDICAL,B,30000,11.71,1,0.49,N,8
34,48000,MORTGAGE,7,VENTURE,B,8400,11.71,0,0.17,N,8
34,31704,RENT,2,VENTURE,B,3000,11.49,0,0.09,N,8
34,18000,RENT,0,DEBTCONSOLIDATION,B,1500,11.48,1,0.08,N,8
34,84000,MORTGAGE,15,PERSONAL,B,9250,11.36,0,0.11,N,8
34,70000,MORTGAGE,7,DEBTCONSOLIDATION,B,17000,11.14,1,0.24,N,8
34,57000,RENT,1,EDUCATION,B,10000,11.14,0,0.18,N,8
34,24000,RENT,0,EDUCATION,B,9000,11.14,1,0.38,N,8
34,57996,RENT,3,PERSONAL,B,8000,11.12,0,0.14,N,8
34,46000,RENT,1,PERSONAL,B,5850,11.12,0,0.13,N,8
34,69996,RENT,13,MEDICAL,B,32000,10.99,1,0.46,N,8
34,109800,MORTGAGE,12,DEBTCONSOLIDATION,B,10000,10.99,0,0.09,N,8
34,47125,MORTGAGE,12,VENTURE,B,3200,10.99,0,0.07,N,8
34,60353,RENT,13,PERSONAL,B,8500,10.65,0,0.14,N,8
34,52809,RENT,18,DEBTCONSOLIDATION,B,13000,10.62,0,0.25,N,8
34,35000,OWN,18,VENTURE,B,3000,10.62,0,0.09,N,8
34,26496,OWN,7,MEDICAL,B,4400,10.59,0,0.17,N,8
34,75000,RENT,9,DEBTCONSOLIDATION,B,25000,10.38,1,0.33,N,8
34,154000,MORTGAGE,4,PERSONAL,B,4000,10.37,0,0.03,N,8
34,40000,RENT,3,MEDICAL,B,25000,10.25,1,0.63,N,8
34,64000,RENT,5,EDUCATION,B,15000,10.25,0,0.23,N,8
34,75000,RENT,2,PERSONAL,B,10000,10,0,0.13,N,8
34,50000,RENT,5,PERSONAL,B,6000,9.91,0,0.12,N,8
34,60000,MORTGAGE,4,PERSONAL,B,10000,9.88,0,0.17,N,8
34,92000,MORTGAGE,1,PERSONAL,A,9000,9.63,0,0.1,N,8
34,30000,RENT,2,HOMEIMPROVEMENT,A,12000,8.9,1,0.4,N,8
34,120000,MORTGAGE,0,MEDICAL,A,7100,8.9,0,0.06,N,8
34,46000,RENT,1,MEDICAL,A,7000,8.9,0,0.15,N,8
34,56000,RENT,16,PERSONAL,A,5000,8.9,0,0.09,N,8
34,50000,MORTGAGE,11,VENTURE,A,4000,8.9,0,0.08,N,8
34,36000,RENT,2,DEBTCONSOLIDATION,A,9500,8.59,0,0.26,N,8
34,65000,RENT,6,MEDICAL,A,17000,8.49,0,0.26,N,8
34,105000,RENT,0,PERSONAL,A,8000,8.38,0,0.08,N,8
34,84000,MORTGAGE,10,VENTURE,A,30000,7.9,0,0.36,N,8
34,65000,RENT,0,EDUCATION,A,17900,7.9,0,0.28,N,8
34,148750,RENT,3,MEDICAL,A,12000,7.9,1,0.07,N,8
34,59000,OWN,18,EDUCATION,A,5500,7.9,0,0.09,N,8
34,75000,MORTGAGE,3,VENTURE,A,3000,7.9,0,0.04,N,8
34,47300,MORTGAGE,3,MEDICAL,A,12000,7.88,0,0.25,N,8
34,67656,OWN,18,VENTURE,A,11000,7.88,0,0.16,N,8
34,54600,RENT,2,MEDICAL,A,2500,7.88,0,0.05,N,8
34,21000,RENT,2,MEDICAL,A,2100,7.88,0,0.1,N,8
34,39996,RENT,6,DEBTCONSOLIDATION,A,1200,7.88,0,0.03,N,8
34,25200,RENT,,VENTURE,A,3000,7.66,0,0.12,N,8
34,30000,MORTGAGE,5,VENTURE,A,14000,7.51,0,0.47,N,8
34,44460,MORTGAGE,7,DEBTCONSOLIDATION,A,9600,7.49,0,0.22,N,8
34,25000,RENT,3,VENTURE,A,3000,7.4,0,0.12,N,8
34,140000,MORTGAGE,8,EDUCATION,A,12000,7.29,0,0.09,N,8
34,75000,RENT,2,VENTURE,A,12000,7.29,0,0.16,N,8
34,106000,MORTGAGE,6,HOMEIMPROVEMENT,A,7200,7.29,0,0.07,N,8
34,99996,MORTGAGE,18,PERSONAL,A,9800,7.14,0,0.1,N,8
34,50000,MORTGAGE,18,EDUCATION,A,6000,7.14,0,0.12,N,8
34,108000,MORTGAGE,,MEDICAL,A,10000,6.91,0,0.09,N,8
34,113500,OWN,4,HOMEIMPROVEMENT,A,3000,6.39,0,0.03,N,8
34,41600,MORTGAGE,16,DEBTCONSOLIDATION,A,17500,6.17,0,0.42,N,8
34,80000,RENT,4,EDUCATION,A,5000,6.17,0,0.06,N,8
34,90000,MORTGAGE,7,HOMEIMPROVEMENT,A,7000,5.79,0,0.08,N,8
34,30000,RENT,5,MEDICAL,A,4200,5.79,0,0.14,N,8
34,42000,MORTGAGE,18,HOMEIMPROVEMENT,A,2000,5.79,0,0.05,N,8
34,57912,MORTGAGE,7,VENTURE,A,5600,5.42,0,0.1,N,8
34,58000,MORTGAGE,18,HOMEIMPROVEMENT,A,4000,5.42,0,0.07,N,8
34,103000,MORTGAGE,5,VENTURE,A,3525,5.42,0,0.03,N,8
34,36000,OWN,,VENTURE,A,1200,5.42,0,0.03,N,8
34,91000,MORTGAGE,19,MEDICAL,B,15000,,0,0.16,N,8
34,103363,MORTGAGE,4,DEBTCONSOLIDATION,B,15000,,0,0.15,N,8
34,140004,MORTGAGE,4,DEBTCONSOLIDATION,A,12000,,0,0.09,N,8
34,158000,MORTGAGE,2,VENTURE,C,12000,,1,0.08,N,8
34,65000,MORTGAGE,3,EDUCATION,E,10000,,0,0.15,N,8
34,75000,MORTGAGE,2,DEBTCONSOLIDATION,C,8400,,0,0.11,Y,8
34,31500,MORTGAGE,16,PERSONAL,B,6000,,0,0.19,N,8
34,30000,MORTGAGE,6,MEDICAL,B,4650,,0,0.15,N,8
34,28800,RENT,0,DEBTCONSOLIDATION,F,2500,21.36,1,0.09,N,7
34,138000,MORTGAGE,18,HOMEIMPROVEMENT,E,2400,19.91,1,0.02,Y,7
34,130000,MORTGAGE,5,HOMEIMPROVEMENT,E,5000,17.56,0,0.04,N,7
34,75500,RENT,0,EDUCATION,D,19200,16.77,1,0.25,Y,7
34,48000,MORTGAGE,9,VENTURE,C,5600,15.96,0,0.12,Y,7
34,39312,RENT,5,PERSONAL,D,10000,15.7,0,0.25,N,7
34,44000,RENT,3,DEBTCONSOLIDATION,D,14000,15.65,1,0.32,Y,7
34,108000,RENT,0,HOMEIMPROVEMENT,D,12350,14.96,1,0.11,Y,7
34,70000,MORTGAGE,5,VENTURE,C,4600,14.79,0,0.07,N,7
34,32000,RENT,9,MEDICAL,D,3000,14.59,0,0.09,Y,7
34,80000,RENT,6,EDUCATION,C,14000,14.27,0,0.17,Y,7
34,35496,MORTGAGE,15,EDUCATION,C,2800,14.17,1,0.08,Y,7
34,54000,RENT,2,HOMEIMPROVEMENT,D,15000,14.11,1,0.28,Y,7
34,120000,RENT,7,VENTURE,C,20000,13.8,0,0.17,N,7
34,31000,MORTGAGE,0,EDUCATION,C,4200,13.72,0,0.14,Y,7
34,109000,OWN,14,HOMEIMPROVEMENT,C,15000,13.61,0,0.14,Y,7
34,90000,MORTGAGE,19,DEBTCONSOLIDATION,C,5000,13.61,0,0.06,N,7
34,36000,RENT,1,MEDICAL,C,4000,13.61,0,0.11,Y,7
34,95000,RENT,5,VENTURE,C,18600,13.57,0,0.2,Y,7
34,55000,MORTGAGE,4,EDUCATION,C,7000,13.49,0,0.13,N,7
34,36000,RENT,3,VENTURE,C,3600,13.49,0,0.1,Y,7
34,55000,MORTGAGE,6,HOMEIMPROVEMENT,C,2500,13.49,0,0.05,N,7
34,62000,RENT,2,PERSONAL,C,9100,13.48,0,0.15,N,7
34,135000,MORTGAGE,7,EDUCATION,C,15000,13.47,0,0.11,Y,7
34,225000,MORTGAGE,4,DEBTCONSOLIDATION,C,3000,13.35,0,0.01,Y,7
34,130000,MORTGAGE,5,MEDICAL,C,6450,13.23,0,0.05,N,7
34,67000,MORTGAGE,4,DEBTCONSOLIDATION,C,6400,13.23,0,0.1,N,7
34,97356,RENT,12,PERSONAL,C,20000,13.22,0,0.21,Y,7
34,97356,RENT,12,HOMEIMPROVEMENT,C,20000,13.22,0,0.21,Y,7
34,180000,MORTGAGE,9,EDUCATION,C,12900,12.99,0,0.07,Y,7
34,85000,RENT,3,HOMEIMPROVEMENT,C,10000,12.87,0,0.12,N,7
34,75000,RENT,4,DEBTCONSOLIDATION,B,14000,12.69,0,0.19,N,7
34,73600,MORTGAGE,10,HOMEIMPROVEMENT,B,15000,12.42,0,0.2,N,7
34,26000,RENT,2,VENTURE,B,10000,12.42,1,0.38,N,7
34,60000,RENT,0,EDUCATION,C,12000,12.22,0,0.2,Y,7
34,27000,RENT,3,VENTURE,B,2525,12.21,0,0.09,N,7
34,50000,RENT,0,PERSONAL,B,3600,11.99,0,0.07,N,7
34,70000,RENT,19,MEDICAL,B,2400,11.99,0,0.03,N,7
34,70000,RENT,1,DEBTCONSOLIDATION,B,6000,11.89,0,0.09,N,7
34,56000,OWN,0,MEDICAL,B,5600,11.86,0,0.1,N,7
34,118000,MORTGAGE,1,EDUCATION,C,25000,11.78,1,0.21,N,7
34,68000,MORTGAGE,1,EDUCATION,C,15000,11.78,0,0.22,Y,7
34,62000,MORTGAGE,18,VENTURE,B,28000,11.71,0,0.45,N,7
34,85000,MORTGAGE,6,HOMEIMPROVEMENT,B,24000,11.49,0,0.28,N,7
34,51621,MORTGAGE,5,HOMEIMPROVEMENT,B,3500,11.49,0,0.07,N,7
34,65000,MORTGAGE,17,PERSONAL,B,10000,11.36,0,0.15,N,7
34,60000,MORTGAGE,8,PERSONAL,B,10000,11.36,0,0.17,N,7
34,84000,MORTGAGE,15,MEDICAL,B,9250,11.36,0,0.11,N,7
34,52000,MORTGAGE,15,PERSONAL,B,8000,11.14,0,0.15,N,7
34,57000,RENT,9,DEBTCONSOLIDATION,B,7500,11.14,0,0.13,N,7
34,106000,RENT,3,EDUCATION,B,3000,11.12,0,0.03,N,7
34,92000,MORTGAGE,14,HOMEIMPROVEMENT,B,16000,11.11,0,0.17,N,7
34,42000,MORTGAGE,7,MEDICAL,B,7500,11.11,0,0.18,N,7
34,45000,RENT,2,MEDICAL,B,3000,11.11,0,0.07,N,7
34,48000,RENT,4,DEBTCONSOLIDATION,B,10800,10.99,0,0.23,N,7
34,89000,MORTGAGE,17,DEBTCONSOLIDATION,B,10000,10.99,0,0.11,N,7
34,25000,RENT,0,VENTURE,B,5325,10.99,0,0.21,N,7
34,175000,MORTGAGE,18,PERSONAL,B,12000,10.74,0,0.07,N,7
34,35184,MORTGAGE,,PERSONAL,B,5000,10.74,0,0.14,N,7
34,64000,MORTGAGE,13,PERSONAL,B,24000,10.71,1,0.38,N,7
34,90000,MORTGAGE,5,PERSONAL,B,24250,10.62,0,0.27,N,7
34,103000,MORTGAGE,5,VENTURE,B,16000,10.62,0,0.16,N,7
34,54000,OWN,8,MEDICAL,B,5000,10.62,0,0.09,N,7
34,42000,RENT,2,EDUCATION,B,6000,10.59,0,0.14,N,7
34,29152,RENT,,VENTURE,B,5000,10.36,0,0.17,N,7
34,80000,RENT,2,PERSONAL,B,2000,10.36,0,0.03,N,7
34,948000,MORTGAGE,18,PERSONAL,B,2000,9.99,0,0,N,7
34,80000,RENT,6,DEBTCONSOLIDATION,B,10000,9.91,0,0.13,N,7
34,38400,RENT,1,MEDICAL,B,6500,9.91,0,0.17,N,7
34,70000,RENT,0,DEBTCONSOLIDATION,B,5000,9.91,0,0.07,N,7
34,85000,MORTGAGE,,HOMEIMPROVEMENT,B,6500,9.63,0,0.08,N,7
34,63500,RENT,5,EDUCATION,A,5000,9.63,0,0.08,N,7
34,75000,MORTGAGE,7,DEBTCONSOLIDATION,A,6500,9.38,0,0.09,N,7
34,40000,RENT,1,DEBTCONSOLIDATION,A,2400,9.32,0,0.06,N,7
34,12996,RENT,0,MEDICAL,B,1500,9.25,0,0.12,N,7
34,24000,MORTGAGE,5,MEDICAL,B,2000,9.2,0,0.08,N,7
34,30000,RENT,3,PERSONAL,A,14000,8.9,1,0.47,N,7
34,30000,RENT,2,DEBTCONSOLIDATION,A,12000,8.9,1,0.4,N,7
34,50000,MORTGAGE,11,DEBTCONSOLIDATION,A,4000,8.9,0,0.08,N,7
34,222000,MORTGAGE,0,MEDICAL,A,13000,8.49,0,0.06,N,7
34,34000,RENT,0,PERSONAL,A,8000,7.9,0,0.24,N,7
34,60000,RENT,2,MEDICAL,A,15000,7.88,0,0.25,N,7
34,86000,RENT,4,VENTURE,A,9950,7.88,0,0.12,N,7
34,140000,OWN,13,EDUCATION,A,4000,7.88,0,0.03,N,7
34,61476,MORTGAGE,12,HOMEIMPROVEMENT,A,9200,7.74,0,0.15,N,7
34,33000,RENT,3,MEDICAL,A,8875,7.66,0,0.27,N,7
34,42000,RENT,5,DEBTCONSOLIDATION,A,5500,7.66,0,0.13,N,7
34,50000,OWN,0,VENTURE,A,16000,7.51,0,0.32,N,7
34,105000,MORTGAGE,2,MEDICAL,A,10000,7.51,0,0.1,N,7
34,72000,RENT,2,HOMEIMPROVEMENT,A,10000,7.51,0,0.14,N,7
34,75000,MORTGAGE,6,DEBTCONSOLIDATION,A,6000,7.51,0,0.08,N,7
34,30000,RENT,2,PERSONAL,A,4000,7.51,0,0.13,N,7
34,65000,RENT,2,DEBTCONSOLIDATION,A,12000,7.49,0,0.18,N,7
34,54000,MORTGAGE,5,MEDICAL,A,10000,7.29,0,0.19,N,7
34,54000,MORTGAGE,5,VENTURE,A,10000,7.29,0,0.19,N,7
34,64000,MORTGAGE,1,MEDICAL,A,7200,7.29,0,0.11,N,7
34,40000,MORTGAGE,11,VENTURE,A,6000,7.29,0,0.15,N,7
34,47700,RENT,2,DEBTCONSOLIDATION,A,9000,7.14,0,0.19,N,7
34,77000,RENT,0,VENTURE,A,4800,7.14,0,0.06,N,7
34,48989,OWN,10,HOMEIMPROVEMENT,A,2400,7.14,0,0.05,N,7
34,19200,RENT,18,VENTURE,A,5000,6.99,1,0.26,N,7
34,65000,MORTGAGE,3,VENTURE,A,5000,6.99,0,0.08,N,7
34,91200,RENT,5,MEDICAL,A,12000,6.92,0,0.13,N,7
34,65200,MORTGAGE,13,VENTURE,A,8000,6.92,0,0.12,N,7
34,40000,OWN,7,MEDICAL,A,4200,6.76,0,0.1,N,7
34,165000,MORTGAGE,18,VENTURE,A,12000,6.62,0,0.07,N,7
34,48000,MORTGAGE,3,PERSONAL,A,7500,6.62,0,0.16,N,7
34,74004,OWN,6,VENTURE,A,7200,6.62,0,0.1,N,7
34,65000,RENT,4,HOMEIMPROVEMENT,A,1300,6.54,0,0.02,N,7
34,57000,MORTGAGE,6,HOMEIMPROVEMENT,A,2600,5.99,1,0.05,N,7
34,42000,MORTGAGE,18,MEDICAL,A,2000,5.79,0,0.05,N,7
34,105000,MORTGAGE,2,HOMEIMPROVEMENT,A,5000,5.42,0,0.05,N,7
34,135600,MORTGAGE,10,EDUCATION,A,1000,5.42,0,0.01,N,7
34,73000,MORTGAGE,7,HOMEIMPROVEMENT,A,20675,,0,0.28,N,7
34,59000,MORTGAGE,1,MEDICAL,C,20000,,1,0.34,Y,7
34,37500,MORTGAGE,14,MEDICAL,B,12000,,0,0.32,N,7
34,120579,MORTGAGE,9,DEBTCONSOLIDATION,C,9600,,0,0.08,Y,7
34,90000,RENT,4,MEDICAL,B,6400,,0,0.07,N,7
34,18000,RENT,0,VENTURE,B,6000,,1,0.33,N,7
34,23000,OWN,2,PERSONAL,A,2500,,0,0.11,N,7
34,325550,MORTGAGE,3,MEDICAL,D,35000,16.77,1,0.09,Y,6
34,150000,MORTGAGE,14,VENTURE,E,25000,16.7,0,0.17,Y,6
34,70000,MORTGAGE,14,PERSONAL,E,14000,16.4,0,0.2,N,6
34,54000,RENT,5,MEDICAL,D,3000,15.37,1,0.06,Y,6
34,51600,RENT,,MEDICAL,D,1600,15.21,1,0.03,Y,6
34,54000,RENT,2,VENTURE,D,7800,14.84,1,0.14,N,6
34,42000,MORTGAGE,1,DEBTCONSOLIDATION,C,10000,14.65,0,0.24,N,6
34,70000,RENT,1,EDUCATION,D,4200,14.61,1,0.06,N,6
34,66000,RENT,5,DEBTCONSOLIDATION,D,12000,14.3,1,0.18,N,6
34,24000,OWN,4,VENTURE,C,2400,13.98,0,0.1,Y,6
34,44000,RENT,1,EDUCATION,C,11000,13.79,0,0.25,Y,6
34,60000,RENT,14,HOMEIMPROVEMENT,C,10000,13.57,0,0.17,N,6
34,60000,RENT,14,MEDICAL,C,10000,13.57,0,0.17,N,6
34,41300,RENT,18,EDUCATION,C,10000,13.48,0,0.24,Y,6
34,44000,OWN,2,VENTURE,C,10000,13.43,0,0.23,N,6
34,44000,RENT,0,EDUCATION,D,16000,13.24,1,0.36,Y,6
34,45000,MORTGAGE,3,MEDICAL,C,5300,13.23,0,0.12,N,6
34,50725,RENT,1,VENTURE,C,5400,13.16,0,0.11,Y,6
34,42240,RENT,3,PERSONAL,C,8775,13.06,0,0.21,Y,6
34,25200,RENT,0,PERSONAL,C,3750,12.99,0,0.15,Y,6
34,44000,MORTGAGE,8,DEBTCONSOLIDATION,C,4500,12.98,1,0.1,N,6
34,38000,MORTGAGE,9,PERSONAL,C,14500,12.84,0,0.38,Y,6
34,47000,RENT,7,EDUCATION,C,5000,12.73,0,0.11,N,6
34,120000,MORTGAGE,2,EDUCATION,B,4200,12.69,0,0.04,N,6
34,80600,MORTGAGE,2,EDUCATION,B,15000,12.21,0,0.19,N,6
34,69204,RENT,4,PERSONAL,B,10000,12.18,0,0.14,N,6
34,39000,OWN,5,HOMEIMPROVEMENT,B,12000,11.99,0,0.31,N,6
34,96000,OWN,2,VENTURE,B,12000,11.99,0,0.13,N,6
34,220000,MORTGAGE,6,DEBTCONSOLIDATION,B,7350,11.99,0,0.03,N,6
34,57016,RENT,14,HOMEIMPROVEMENT,B,6000,11.83,0,0.11,N,6
34,120000,RENT,4,PERSONAL,B,12000,11.49,0,0.1,N,6
34,51621,MORTGAGE,5,PERSONAL,B,3500,11.49,0,0.07,N,6
34,23000,RENT,4,MEDICAL,B,3000,11.49,0,0.13,N,6
34,18000,RENT,0,MEDICAL,B,1500,11.48,1,0.08,N,6
34,35000,RENT,0,MEDICAL,B,3200,11.26,0,0.09,N,6
34,77000,MORTGAGE,18,EDUCATION,B,15000,11.14,1,0.19,N,6
34,138000,MORTGAGE,14,DEBTCONSOLIDATION,B,25000,11.12,0,0.18,N,6
34,138000,MORTGAGE,14,MEDICAL,B,25000,11.12,0,0.18,N,6
34,46800,MORTGAGE,1,HOMEIMPROVEMENT,B,5525,11.11,0,0.12,N,6
34,62000,RENT,5,VENTURE,B,12000,10.99,0,0.19,N,6
34,80000,MORTGAGE,4,HOMEIMPROVEMENT,B,11000,10.99,0,0.14,N,6
34,33600,MORTGAGE,4,EDUCATION,B,6000,10.99,0,0.18,N,6
34,40000,OWN,2,EDUCATION,B,2000,10.74,0,0.05,N,6
34,60353,RENT,13,PERSONAL,B,8500,10.65,0,0.14,N,6
34,41600,RENT,0,PERSONAL,B,5000,10.65,0,0.12,N,6
34,90000,MORTGAGE,5,HOMEIMPROVEMENT,B,24250,10.62,0,0.27,N,6
34,120000,RENT,17,VENTURE,B,35000,10.59,0,0.29,N,6
34,42000,RENT,2,MEDICAL,B,2500,10.59,0,0.06,N,6
34,27600,RENT,5,DEBTCONSOLIDATION,B,10000,10.37,1,0.36,N,6
34,35665,RENT,2,PERSONAL,B,10000,10.08,0,0.28,N,6
34,63504,RENT,0,MEDICAL,B,3500,10,0,0.06,N,6
34,65000,MORTGAGE,5,EDUCATION,B,21200,9.99,0,0.33,N,6
34,95000,RENT,7,MEDICAL,B,10000,9.99,0,0.11,N,6
34,53995,RENT,10,PERSONAL,B,5000,9.63,0,0.09,N,6
34,30000,RENT,0,MEDICAL,B,4000,9.63,0,0.13,N,6
34,25000,MORTGAGE,1,DEBTCONSOLIDATION,B,1000,9.63,0,0.04,N,6
34,50004,RENT,5,VENTURE,B,8500,9.45,0,0.17,N,6
34,110000,MORTGAGE,15,EDUCATION,B,6000,9.45,0,0.05,N,6
34,143150,MORTGAGE,0,VENTURE,A,12000,9.32,0,0.08,N,6
34,135000,MORTGAGE,18,EDUCATION,A,8000,9.32,0,0.06,N,6
34,79000,MORTGAGE,1,PERSONAL,A,4800,9.32,0,0.06,N,6
34,112123,MORTGAGE,2,EDUCATION,A,12800,8.94,0,0.11,N,6
34,38000,OWN,1,VENTURE,A,10000,8.94,0,0.26,N,6
34,148080,RENT,0,HOMEIMPROVEMENT,A,20000,8.9,0,0.14,N,6
34,38769,MORTGAGE,3,DEBTCONSOLIDATION,A,2400,8.9,0,0.06,N,6
34,38769,MORTGAGE,3,DEBTCONSOLIDATION,A,2400,8.9,0,0.06,N,6
34,87600,MORTGAGE,15,EDUCATION,A,15000,8.49,0,0.17,N,6
34,65000,OWN,2,PERSONAL,A,5600,8,0,0.09,N,6
34,53000,MORTGAGE,7,DEBTCONSOLIDATION,A,3100,7.9,0,0.06,N,6
34,136625,MORTGAGE,3,VENTURE,A,15000,7.88,0,0.11,N,6
34,65000,MORTGAGE,4,DEBTCONSOLIDATION,A,11200,7.88,0,0.17,N,6
34,106000,MORTGAGE,3,MEDICAL,A,9000,7.88,0,0.08,N,6
34,55000,RENT,7,VENTURE,A,9000,7.74,0,0.16,N,6
34,92500,RENT,4,DEBTCONSOLIDATION,A,13050,7.66,0,0.14,N,6
34,36000,RENT,5,DEBTCONSOLIDATION,A,14000,7.51,1,0.39,N,6
34,31075,MORTGAGE,3,EDUCATION,A,7400,7.51,0,0.24,N,6
34,39996,RENT,1,PERSONAL,A,5000,7.51,0,0.13,N,6
34,100000,MORTGAGE,7,EDUCATION,A,12000,7.49,0,0.12,N,6
34,38400,RENT,3,MEDICAL,A,10000,7.49,0,0.26,N,6
34,84000,MORTGAGE,6,EDUCATION,A,2400,7.49,0,0.03,N,6
34,85800,OWN,11,VENTURE,A,5000,7.4,0,0.06,N,6
34,48000,MORTGAGE,10,DEBTCONSOLIDATION,A,9000,7.14,0,0.19,N,6
34,90000,MORTGAGE,15,VENTURE,A,15000,6.99,0,0.17,N,6
34,53549,MORTGAGE,17,DEBTCONSOLIDATION,A,14200,6.99,0,0.27,N,6
34,64000,MORTGAGE,2,EDUCATION,A,9000,6.92,0,0.14,N,6
34,30000,RENT,5,HOMEIMPROVEMENT,A,3600,6.92,1,0.12,N,6
34,120000,MORTGAGE,4,MEDICAL,A,16800,6.91,0,0.14,N,6
34,108000,MORTGAGE,,PERSONAL,A,10000,6.91,0,0.09,N,6
34,64000,MORTGAGE,2,HOMEIMPROVEMENT,A,8000,6.91,0,0.13,N,6
34,286000,MORTGAGE,11,VENTURE,A,30000,6.62,0,0.1,N,6
34,46000,MORTGAGE,5,VENTURE,A,10000,6.62,0,0.22,N,6
34,32000,RENT,0,MEDICAL,A,4500,6.62,0,0.14,N,6
34,70000,MORTGAGE,13,DEBTCONSOLIDATION,A,20000,6.54,0,0.29,N,6
34,41600,MORTGAGE,16,DEBTCONSOLIDATION,A,17500,6.17,0,0.42,N,6
34,32000,MORTGAGE,12,HOMEIMPROVEMENT,A,2275,6.17,0,0.07,N,6
34,130000,RENT,18,VENTURE,A,16000,6.03,0,0.12,N,6
34,60100,MORTGAGE,6,EDUCATION,A,1500,6.03,0,0.02,N,6
34,128148,MORTGAGE,2,DEBTCONSOLIDATION,A,15000,5.99,0,0.12,N,6
34,51000,RENT,1,MEDICAL,A,6000,5.99,0,0.12,N,6
34,54000,MORTGAGE,5,PERSONAL,A,3500,5.99,0,0.06,N,6
34,135000,MORTGAGE,2,PERSONAL,A,15000,5.42,0,0.11,N,6
34,135000,MORTGAGE,2,MEDICAL,A,15000,5.42,0,0.11,N,6
34,61000,OWN,7,VENTURE,A,5000,5.42,0,0.08,N,6
34,69600,RENT,10,VENTURE,A,22650,,1,0.33,N,6
34,72000,RENT,6,DEBTCONSOLIDATION,B,20000,,0,0.28,N,6
34,148000,RENT,0,HOMEIMPROVEMENT,B,20000,,1,0.14,N,6
34,100000,MORTGAGE,11,MEDICAL,C,18000,,0,0.18,Y,6
34,69500,MORTGAGE,4,HOMEIMPROVEMENT,B,15000,,0,0.22,N,6
34,65000,RENT,3,PERSONAL,D,15000,,0,0.23,Y,6
34,40000,RENT,2,PERSONAL,A,15000,,1,0.38,N,6
34,40000,RENT,2,VENTURE,C,13200,,1,0.33,Y,6
34,30000,RENT,2,PERSONAL,A,12000,,1,0.4,N,6
34,51000,MORTGAGE,,PERSONAL,A,6400,,0,0.13,N,6
34,70000,MORTGAGE,5,VENTURE,A,6000,,0,0.09,N,6
34,76000,MORTGAGE,13,DEBTCONSOLIDATION,E,20000,17.74,1,0.26,N,5
34,135000,RENT,6,VENTURE,E,20000,17.74,0,0.15,Y,5
34,33666,RENT,4,DEBTCONSOLIDATION,D,8000,17.49,1,0.24,Y,5
34,128000,OWN,0,DEBTCONSOLIDATION,E,25000,17.39,1,0.2,N,5
34,33456,RENT,2,EDUCATION,E,4000,16.45,1,0.12,N,5
34,78000,RENT,9,DEBTCONSOLIDATION,E,15000,16.4,1,0.19,N,5
34,120000,RENT,9,HOMEIMPROVEMENT,D,7500,16.29,0,0.06,N,5
34,73000,MORTGAGE,6,PERSONAL,D,7500,15.99,1,0.1,Y,5
34,69000,RENT,0,VENTURE,D,12800,15.7,1,0.19,N,5
34,178000,MORTGAGE,4,DEBTCONSOLIDATION,D,12000,15.65,1,0.07,Y,5
34,32000,RENT,0,HOMEIMPROVEMENT,D,6400,15.62,1,0.2,N,5
34,93600,RENT,15,EDUCATION,D,20000,15.31,0,0.21,N,5
34,171996,MORTGAGE,1,PERSONAL,D,15000,14.96,0,0.09,N,5
34,32758,RENT,0,DEBTCONSOLIDATION,D,8400,14.96,1,0.26,N,5
34,60000,MORTGAGE,6,MEDICAL,C,2500,14.72,0,0.04,N,5
34,397800,MORTGAGE,5,MEDICAL,D,14000,14.61,1,0.03,Y,5
34,69000,RENT,0,VENTURE,D,5800,14.59,1,0.08,Y,5
34,50000,RENT,5,VENTURE,C,1500,13.92,0,0.03,N,5
34,90636,MORTGAGE,4,EDUCATION,C,17000,13.85,0,0.19,Y,5
34,67392,MORTGAGE,0,PERSONAL,C,15000,13.85,1,0.22,Y,5
34,16800,OWN,0,PERSONAL,C,1600,13.72,0,0.1,Y,5
34,160000,MORTGAGE,14,DEBTCONSOLIDATION,C,25000,13.49,0,0.16,N,5
34,160000,MORTGAGE,14,HOMEIMPROVEMENT,C,25000,13.49,0,0.16,Y,5
34,50000,MORTGAGE,6,VENTURE,C,16000,13.49,0,0.32,Y,5
34,38000,RENT,3,MEDICAL,C,10500,13.49,0,0.28,N,5
34,102000,MORTGAGE,0,HOMEIMPROVEMENT,C,7200,13.49,1,0.07,N,5
34,55000,MORTGAGE,6,PERSONAL,C,2500,13.49,0,0.05,N,5
34,47652,RENT,6,VENTURE,C,2400,13.22,0,0.05,Y,5
34,45000,MORTGAGE,1,DEBTCONSOLIDATION,C,3800,13.16,0,0.08,Y,5
34,24000,RENT,3,PERSONAL,C,2400,13.11,0,0.1,Y,5
34,26400,RENT,0,DEBTCONSOLIDATION,C,7750,12.87,0,0.29,Y,5
34,30144,MORTGAGE,3,DEBTCONSOLIDATION,C,18000,12.84,0,0.6,Y,5
34,60000,MORTGAGE,4,EDUCATION,C,14000,12.84,0,0.23,N,5
34,25480,RENT,6,MEDICAL,D,5000,12.8,1,0.2,N,5
34,28500,RENT,0,EDUCATION,B,9175,12.69,1,0.32,N,5
34,10380,RENT,,VENTURE,C,4250,12.68,1,0.41,Y,5
34,40000,RENT,2,EDUCATION,B,5000,12.53,0,0.13,N,5
34,109200,MORTGAGE,18,EDUCATION,C,6000,12.23,0,0.05,Y,5
34,70000,RENT,1,EDUCATION,B,6000,11.89,0,0.09,N,5
34,45000,MORTGAGE,1,DEBTCONSOLIDATION,B,12000,11.86,0,0.27,N,5
34,204000,MORTGAGE,0,EDUCATION,B,16000,11.83,0,0.08,N,5
34,29004,RENT,9,EDUCATION,B,10000,11.83,1,0.34,N,5
34,85000,RENT,7,VENTURE,B,5000,11.83,0,0.06,N,5
34,41004,MORTGAGE,5,HOMEIMPROVEMENT,C,16000,11.78,0,0.39,N,5
34,68000,MORTGAGE,1,EDUCATION,C,15000,11.78,0,0.22,N,5
34,150000,MORTGAGE,1,VENTURE,B,28000,11.71,0,0.19,N,5
34,39000,RENT,5,HOMEIMPROVEMENT,B,7200,11.71,1,0.18,N,5
34,63000,RENT,3,EDUCATION,B,5600,11.58,0,0.09,N,5
34,126000,MORTGAGE,2,VENTURE,B,9600,11.49,0,0.08,N,5
34,50000,RENT,5,HOMEIMPROVEMENT,B,2000,11.48,0,0.04,N,5
34,91000,RENT,11,MEDICAL,B,25000,11.36,0,0.27,N,5
34,62100,RENT,1,EDUCATION,B,10500,11.26,0,0.17,N,5
34,90000,RENT,15,VENTURE,B,15000,11.12,0,0.17,N,5
34,87360,MORTGAGE,11,PERSONAL,B,12000,11.11,0,0.14,N,5
34,98000,OWN,19,EDUCATION,B,16000,10.99,0,0.16,N,5
34,35000,RENT,2,VENTURE,B,15000,10.99,1,0.43,N,5
34,125000,MORTGAGE,0,MEDICAL,B,9175,10.99,0,0.07,N,5
34,37000,MORTGAGE,7,DEBTCONSOLIDATION,B,4400,10.99,0,0.12,N,5
34,12000,OWN,0,HOMEIMPROVEMENT,B,3250,10.99,1,0.27,N,5
34,52800,RENT,2,DEBTCONSOLIDATION,B,4325,10.75,0,0.08,N,5
34,90000,RENT,0,EDUCATION,B,13200,10.74,0,0.15,N,5
34,30412,RENT,4,MEDICAL,B,12000,10.38,1,0.39,N,5
34,30636,RENT,4,PERSONAL,B,10000,10.37,1,0.33,N,5
34,48000,MORTGAGE,5,VENTURE,B,3600,10.37,0,0.07,N,5
34,40000,RENT,3,EDUCATION,B,25000,10.25,1,0.63,N,5
34,14400,RENT,2,PERSONAL,B,2500,10,1,0.17,N,5
34,28000,OWN,1,HOMEIMPROVEMENT,B,3000,9.99,0,0.11,N,5
34,74700,OWN,10,MEDICAL,B,14000,9.91,0,0.19,N,5
34,38000,MORTGAGE,12,DEBTCONSOLIDATION,B,12775,9.91,0,0.34,N,5
34,26400,MORTGAGE,0,DEBTCONSOLIDATION,B,3600,9.88,0,0.14,N,5
34,43000,RENT,1,MEDICAL,A,6400,9.63,0,0.15,N,5
34,55000,RENT,0,MEDICAL,B,10000,9.51,0,0.18,N,5
34,135000,MORTGAGE,18,VENTURE,A,8000,9.32,0,0.06,N,5
34,62900,MORTGAGE,11,MEDICAL,A,18000,8.94,1,0.24,N,5
34,147000,RENT,1,EDUCATION,A,15000,8.94,0,0.1,N,5
34,82000,RENT,3,MEDICAL,A,6000,8.9,0,0.07,N,5
34,56000,RENT,16,DEBTCONSOLIDATION,A,5000,8.9,0,0.09,N,5
34,20000,RENT,5,MEDICAL,A,5000,8.9,0,0.25,N,5
34,68000,RENT,5,HOMEIMPROVEMENT,A,14400,8.59,0,0.21,N,5
34,128000,MORTGAGE,14,HOMEIMPROVEMENT,A,12325,8.49,1,0.1,N,5
34,63500,MORTGAGE,18,HOMEIMPROVEMENT,A,5125,8.49,0,0.08,N,5
34,54000,MORTGAGE,5,HOMEIMPROVEMENT,A,27000,7.9,0,0.5,N,5
34,30000,MORTGAGE,4,DEBTCONSOLIDATION,A,4300,7.9,0,0.14,N,5
34,75000,MORTGAGE,3,MEDICAL,A,3000,7.9,0,0.04,N,5
34,50004,RENT,6,EDUCATION,A,6000,7.88,0,0.12,N,5
34,70000,MORTGAGE,16,PERSONAL,A,4000,7.74,0,0.06,N,5
34,92500,RENT,4,DEBTCONSOLIDATION,A,13050,7.66,0,0.14,N,5
34,124000,MORTGAGE,3,HOMEIMPROVEMENT,A,12000,7.51,0,0.1,N,5
34,120000,RENT,0,DEBTCONSOLIDATION,A,2200,7.51,0,0.02,N,5
34,78000,RENT,0,DEBTCONSOLIDATION,A,16800,7.37,0,0.22,N,5
34,564000,RENT,2,MEDICAL,A,6000,7.14,0,0.01,N,5
34,87000,RENT,0,EDUCATION,A,2500,7.14,0,0.03,N,5
34,48989,OWN,10,EDUCATION,A,2400,7.14,0,0.05,N,5
34,86100,MORTGAGE,5,VENTURE,A,18000,6.99,0,0.21,N,5
34,105000,MORTGAGE,14,VENTURE,A,12000,6.99,0,0.11,N,5
34,64000,MORTGAGE,2,MEDICAL,A,8000,6.91,0,0.13,N,5
34,53500,RENT,0,EDUCATION,A,3200,6.76,0,0.06,N,5
34,80000,RENT,0,DEBTCONSOLIDATION,A,30000,6.62,1,0.38,N,5
34,70000,MORTGAGE,13,DEBTCONSOLIDATION,A,20000,6.54,0,0.29,N,5
34,65000,RENT,3,HOMEIMPROVEMENT,A,20000,6.54,1,0.31,N,5
34,94000,MORTGAGE,3,MEDICAL,A,15000,6.54,0,0.16,N,5
34,54000,MORTGAGE,18,HOMEIMPROVEMENT,A,4000,6.39,0,0.07,N,5
34,98000,MORTGAGE,10,VENTURE,A,16000,6.03,0,0.16,N,5
34,50000,OWN,,EDUCATION,A,10000,6.03,0,0.2,N,5
34,90000,MORTGAGE,4,DEBTCONSOLIDATION,A,9900,5.99,0,0.11,N,5
34,39600,MORTGAGE,14,VENTURE,A,6000,5.99,0,0.15,N,5
34,30000,RENT,5,VENTURE,A,4200,5.79,0,0.14,N,5
34,45000,OWN,0,VENTURE,A,7000,5.42,0,0.16,N,5
34,156000,RENT,4,EDUCATION,A,35000,,0,0.22,N,5
34,67500,RENT,2,VENTURE,B,20000,,0,0.3,N,5
34,185000,MORTGAGE,18,DEBTCONSOLIDATION,C,18250,,0,0.1,Y,5
34,103363,MORTGAGE,4,VENTURE,B,15000,,0,0.15,N,5
34,65000,MORTGAGE,8,VENTURE,B,13750,,0,0.21,N,5
34,60000,MORTGAGE,7,EDUCATION,C,10175,,0,0.17,N,5
34,113000,RENT,6,DEBTCONSOLIDATION,C,9600,,0,0.08,N,5
34,56000,RENT,2,PERSONAL,C,6400,,0,0.11,Y,5
34,42000,RENT,17,VENTURE,B,5000,,0,0.12,N,5
34,22668,RENT,,VENTURE,B,3000,,0,0.13,N,5
33,138000,MORTGAGE,18,HOMEIMPROVEMENT,G,25000,21.27,1,0.18,Y,10
33,30000,RENT,2,VENTURE,E,6000,19.42,1,0.2,N,10
33,54000,MORTGAGE,3,EDUCATION,F,16000,18.67,1,0.3,Y,10
33,80001,RENT,6,EDUCATION,E,21600,18.64,1,0.27,N,10
33,74520,RENT,4,HOMEIMPROVEMENT,D,10000,16.89,0,0.13,N,10
33,50800,RENT,16,VENTURE,E,10000,16.4,0,0.2,Y,10
33,48000,MORTGAGE,1,PERSONAL,D,20000,16.07,0,0.42,N,10
33,78000,MORTGAGE,6,MEDICAL,C,20000,15.96,0,0.26,N,10
33,79050,MORTGAGE,17,MEDICAL,D,12750,15.95,1,0.14,N,10
33,468000,MORTGAGE,14,DEBTCONSOLIDATION,D,3750,15.62,1,0.01,Y,10
33,140004,RENT,7,EDUCATION,D,25000,15.58,0,0.18,N,10
33,130000,MORTGAGE,9,PERSONAL,D,25000,15.33,0,0.19,Y,10
33,32400,RENT,6,MEDICAL,D,2500,15.33,1,0.08,Y,10
33,85000,RENT,16,DEBTCONSOLIDATION,C,20000,15.27,0,0.24,N,10
33,38000,RENT,3,PERSONAL,C,3000,15.23,0,0.08,Y,10
33,14400,RENT,0,VENTURE,D,2100,15.21,1,0.15,Y,10
33,24000,RENT,,DEBTCONSOLIDATION,D,1000,14.91,1,0.04,Y,10
33,14400,OWN,0,VENTURE,C,2000,14.79,0,0.14,N,10
33,44000,MORTGAGE,6,DEBTCONSOLIDATION,D,4500,14.74,1,0.1,N,10
33,350000,MORTGAGE,0,VENTURE,C,10000,14.65,0,0.03,Y,10
33,42000,RENT,0,DEBTCONSOLIDATION,C,2000,14.65,0,0.05,N,10
33,96000,MORTGAGE,11,DEBTCONSOLIDATION,D,15000,14.62,1,0.16,Y,10
33,51500,RENT,2,MEDICAL,D,15000,14.42,1,0.29,N,10
33,72000,RENT,6,VENTURE,C,1925,14.35,1,0.03,Y,10
33,65000,RENT,3,DEBTCONSOLIDATION,C,7000,14.26,0,0.11,N,10
33,34000,RENT,3,VENTURE,C,9000,14.17,1,0.26,Y,10
33,190000,MORTGAGE,10,HOMEIMPROVEMENT,D,20000,14.11,0,0.11,N,10
33,51888,MORTGAGE,13,PERSONAL,C,7000,13.98,0,0.13,N,10
33,62000,OWN,2,HOMEIMPROVEMENT,C,9800,13.79,0,0.16,Y,10
33,58100,RENT,1,DEBTCONSOLIDATION,C,17500,13.57,0,0.3,Y,10
33,110000,RENT,3,DEBTCONSOLIDATION,C,10000,13.57,0,0.09,Y,10
33,88000,MORTGAGE,17,DEBTCONSOLIDATION,C,20000,13.48,1,0.23,Y,10
33,35000,RENT,2,DEBTCONSOLIDATION,C,10000,13.48,0,0.29,Y,10
33,43000,MORTGAGE,4,HOMEIMPROVEMENT,C,10000,13.35,0,0.23,Y,10
33,54000,MORTGAGE,7,VENTURE,C,7500,13.22,0,0.14,N,10
33,240000,OWN,15,PERSONAL,C,15000,13.16,0,0.06,Y,10
33,43000,RENT,1,EDUCATION,C,9150,13.16,0,0.21,Y,10
33,92000,MORTGAGE,8,EDUCATION,C,20000,13.06,0,0.22,N,10
33,53004,RENT,0,PERSONAL,C,20000,13.04,1,0.38,N,10
33,612000,RENT,3,MEDICAL,C,5950,12.73,0,0.01,Y,10
33,30000,RENT,6,PERSONAL,B,7200,12.69,1,0.24,N,10
33,23400,RENT,13,VENTURE,B,5000,12.69,0,0.21,N,10
33,71000,MORTGAGE,7,EDUCATION,C,8000,12.68,0,0.11,Y,10
33,30000,OWN,1,VENTURE,C,5000,12.68,0,0.17,Y,10
33,70000,MORTGAGE,0,HOMEIMPROVEMENT,C,14000,12.61,0,0.2,Y,10
33,57492,RENT,1,MEDICAL,B,20000,12.53,1,0.35,N,10
33,25000,MORTGAGE,0,DEBTCONSOLIDATION,C,3000,12.53,0,0.12,Y,10
33,48000,OWN,5,VENTURE,B,14400,12.42,0,0.3,N,10
33,75000,MORTGAGE,3,HOMEIMPROVEMENT,B,15000,12.21,0,0.2,N,10
33,40000,MORTGAGE,2,PERSONAL,B,6000,12.21,0,0.15,N,10
33,100000,OWN,3,MEDICAL,B,25000,12.18,0,0.25,N,10
33,68000,MORTGAGE,15,VENTURE,B,5000,12.18,0,0.07,N,10
33,65000,MORTGAGE,1,MEDICAL,B,15000,11.99,0,0.23,N,10
33,48000,RENT,4,DEBTCONSOLIDATION,B,3600,11.99,0,0.07,N,10
33,68000,MORTGAGE,8,PERSONAL,B,3500,11.99,0,0.05,N,10
33,115000,MORTGAGE,10,PERSONAL,B,25000,11.86,0,0.22,N,10
33,48000,RENT,17,DEBTCONSOLIDATION,B,3500,11.86,0,0.07,N,10
33,98000,MORTGAGE,3,VENTURE,B,25000,11.83,0,0.26,N,10
33,123000,RENT,5,EDUCATION,B,12000,11.83,0,0.1,N,10
33,37440,RENT,5,PERSONAL,B,4400,11.71,0,0.12,N,10
33,90000,RENT,15,PERSONAL,B,18000,11.58,1,0.2,N,10
33,94000,RENT,4,HOMEIMPROVEMENT,B,7000,11.49,0,0.07,N,10
33,36700,RENT,7,PERSONAL,B,15000,11.14,1,0.41,N,10
33,82000,MORTGAGE,2,PERSONAL,B,20000,10.99,0,0.24,N,10
33,75000,MORTGAGE,6,DEBTCONSOLIDATION,B,10000,10.99,0,0.13,N,10
33,38000,OWN,4,MEDICAL,B,10000,10.99,0,0.26,N,10
33,25700,RENT,3,EDUCATION,B,6700,10.99,0,0.26,N,10
33,68000,RENT,3,EDUCATION,B,4000,10.99,0,0.06,N,10
33,55000,MORTGAGE,7,VENTURE,B,3500,10.65,0,0.06,N,10
33,26688,MORTGAGE,6,EDUCATION,B,5000,10.59,0,0.19,N,10
33,30000,RENT,0,DEBTCONSOLIDATION,B,6000,10.51,0,0.2,N,10
33,75693,MORTGAGE,5,EDUCATION,B,22000,10.25,0,0.29,N,10
33,48000,RENT,11,DEBTCONSOLIDATION,B,25000,9.99,1,0.52,N,10
33,29736,RENT,,VENTURE,B,9250,9.99,1,0.31,N,10
33,225000,MORTGAGE,12,PERSONAL,B,8000,9.99,0,0.04,N,10
33,48000,RENT,4,MEDICAL,B,1000,9.99,0,0.02,N,10
33,53040,RENT,3,MEDICAL,B,8000,9.88,0,0.15,N,10
33,42230,RENT,1,MEDICAL,A,5500,9.63,0,0.13,N,10
33,60000,MORTGAGE,4,PERSONAL,B,6300,9.62,0,0.1,N,10
33,24000,RENT,6,MEDICAL,A,10000,8.9,1,0.42,N,10
33,144000,MORTGAGE,1,MEDICAL,A,5000,8.9,0,0.03,N,10
33,30000,RENT,0,DEBTCONSOLIDATION,A,6500,8.49,0,0.22,N,10
33,95000,MORTGAGE,17,MEDICAL,A,3600,8.49,0,0.04,N,10
33,22800,RENT,0,MEDICAL,A,2000,8.49,0,0.09,N,10
33,84996,RENT,17,EDUCATION,A,10000,8,0,0.12,N,10
33,48000,MORTGAGE,2,HOMEIMPROVEMENT,A,7500,8,0,0.16,N,10
33,68508,RENT,17,VENTURE,A,7000,8,0,0.1,N,10
33,68000,MORTGAGE,15,PERSONAL,A,18000,7.9,0,0.26,N,10
33,44000,MORTGAGE,17,VENTURE,A,16000,7.9,0,0.36,N,10
33,96000,RENT,14,VENTURE,A,20000,7.88,0,0.21,N,10
33,63000,OWN,2,EDUCATION,A,12800,7.88,0,0.2,N,10
33,75000,RENT,0,MEDICAL,A,12000,7.88,0,0.16,N,10
33,42000,MORTGAGE,12,VENTURE,A,6400,7.88,0,0.15,N,10
33,80000,MORTGAGE,1,HOMEIMPROVEMENT,A,6000,7.88,0,0.07,N,10
33,40000,RENT,2,DEBTCONSOLIDATION,A,4000,7.88,0,0.1,N,10
33,105000,MORTGAGE,12,HOMEIMPROVEMENT,A,7000,7.74,0,0.07,N,10
33,135000,MORTGAGE,0,VENTURE,A,10000,7.51,0,0.07,N,10
33,82000,MORTGAGE,2,EDUCATION,A,6000,7.51,0,0.07,N,10
33,103000,MORTGAGE,5,EDUCATION,A,24000,7.49,0,0.23,N,10
33,28000,OWN,3,VENTURE,A,4800,7.49,0,0.17,N,10
33,77000,MORTGAGE,9,PERSONAL,A,12000,7.29,0,0.16,N,10
33,56000,MORTGAGE,2,PERSONAL,A,11500,7.14,0,0.21,N,10
33,36000,MORTGAGE,3,PERSONAL,A,7800,7.14,0,0.22,N,10
33,60000,MORTGAGE,7,VENTURE,A,7000,7.14,0,0.12,N,10
33,69930,MORTGAGE,5,DEBTCONSOLIDATION,A,6300,7.14,0,0.09,N,10
33,120000,OWN,1,EDUCATION,A,6000,7.14,0,0.05,N,10
33,38500,RENT,1,DEBTCONSOLIDATION,A,5000,7.14,0,0.13,N,10
33,32400,RENT,8,EDUCATION,A,11000,6.99,1,0.34,N,10
33,140000,MORTGAGE,14,MEDICAL,A,9600,6.91,0,0.07,N,10
33,30000,RENT,3,MEDICAL,A,1200,6.76,0,0.04,N,10
33,130000,RENT,1,EDUCATION,A,20000,6.62,0,0.15,N,10
33,60000,OWN,7,EDUCATION,A,12000,6.62,0,0.2,N,10
33,74000,MORTGAGE,2,MEDICAL,A,20500,6.54,0,0.28,N,10
33,36000,RENT,10,MEDICAL,A,12325,6.54,1,0.34,N,10
33,400000,MORTGAGE,9,PERSONAL,A,15000,6.03,0,0.04,N,10
33,124000,MORTGAGE,6,DEBTCONSOLIDATION,A,14000,6.03,0,0.11,N,10
33,48000,MORTGAGE,9,EDUCATION,A,7500,6.03,0,0.16,N,10
33,45600,MORTGAGE,1,EDUCATION,A,4000,5.99,0,0.09,N,10
33,95000,MORTGAGE,4,VENTURE,A,8000,5.79,0,0.08,N,10
33,61500,RENT,7,EDUCATION,A,6000,5.79,0,0.1,N,10
33,75000,MORTGAGE,6,PERSONAL,A,12000,5.42,0,0.16,N,10
33,80000,RENT,4,EDUCATION,A,7500,5.42,0,0.09,N,10
33,35000,MORTGAGE,2,EDUCATION,A,6000,5.42,0,0.17,N,10
33,50000,MORTGAGE,8,MEDICAL,A,4000,5.42,0,0.08,N,10
33,40000,RENT,6,VENTURE,A,3000,5.42,0,0.07,N,10
33,75000,MORTGAGE,17,EDUCATION,C,12000,,0,0.16,Y,10
33,35000,RENT,12,MEDICAL,A,10550,,0,0.3,N,10
33,78000,MORTGAGE,17,VENTURE,D,10000,,0,0.13,N,10
33,33996,MORTGAGE,4,PERSONAL,A,10000,,0,0.29,N,10
33,55200,RENT,3,VENTURE,C,8100,,0,0.15,Y,10
33,21600,RENT,2,EDUCATION,C,6500,,0,0.3,N,10
33,48000,MORTGAGE,1,DEBTCONSOLIDATION,A,6000,,0,0.13,N,10
33,48000,MORTGAGE,4,HOMEIMPROVEMENT,B,5000,,0,0.1,N,10
33,97200,MORTGAGE,4,DEBTCONSOLIDATION,B,4000,,0,0.04,N,10
33,30000,RENT,2,MEDICAL,E,6000,19.42,1,0.2,Y,9
33,15000,RENT,3,VENTURE,D,1800,17.54,0,0.12,Y,9
33,84000,RENT,2,VENTURE,E,15000,16.7,1,0.18,N,9
33,86000,MORTGAGE,5,VENTURE,D,15000,16.49,0,0.17,Y,9
33,86000,MORTGAGE,5,PERSONAL,D,15000,16.49,0,0.17,N,9
33,58344,RENT,5,VENTURE,D,11975,16.29,0,0.21,Y,9
33,73000,MORTGAGE,6,DEBTCONSOLIDATION,D,5000,16.29,1,0.07,N,9
33,68736,RENT,8,HOMEIMPROVEMENT,D,1200,16.29,0,0.02,N,9
33,60000,MORTGAGE,1,HOMEIMPROVEMENT,D,17000,16.07,0,0.28,N,9
33,53000,RENT,13,EDUCATION,C,10000,15.96,0,0.19,N,9
33,46000,RENT,13,PERSONAL,C,5600,15.27,0,0.12,N,9
33,74400,RENT,15,DEBTCONSOLIDATION,C,3600,15.27,0,0.05,N,9
33,74400,RENT,15,VENTURE,C,3600,15.27,0,0.05,N,9
33,118000,MORTGAGE,5,DEBTCONSOLIDATION,D,25000,14.96,1,0.21,Y,9
33,51000,RENT,17,MEDICAL,D,5000,14.96,1,0.1,Y,9
33,87000,MORTGAGE,1,EDUCATION,D,5000,14.96,0,0.06,Y,9
33,153000,MORTGAGE,1,HOMEIMPROVEMENT,D,23100,14.74,1,0.15,Y,9
33,90000,RENT,8,DEBTCONSOLIDATION,C,14500,14.65,0,0.16,N,9
33,103000,RENT,0,EDUCATION,C,9000,14.65,1,0.09,Y,9
33,88000,RENT,3,VENTURE,D,9000,14.54,0,0.1,N,9
33,110000,RENT,3,EDUCATION,D,15000,14.42,0,0.14,Y,9
33,170000,OWN,15,MEDICAL,C,21000,14.26,0,0.12,N,9
33,34000,RENT,7,DEBTCONSOLIDATION,C,10000,14.22,0,0.29,N,9
33,44400,MORTGAGE,3,VENTURE,C,2000,14.22,1,0.05,Y,9
33,34000,MORTGAGE,8,HOMEIMPROVEMENT,D,6000,14.11,1,0.18,N,9
33,65000,MORTGAGE,14,DEBTCONSOLIDATION,C,3600,13.99,0,0.06,N,9
33,116004,MORTGAGE,12,MEDICAL,C,8200,13.85,0,0.07,N,9
33,79440,MORTGAGE,12,MEDICAL,C,5525,13.85,0,0.07,Y,9
33,96000,MORTGAGE,0,VENTURE,C,8000,13.72,0,0.08,N,9
33,110000,RENT,3,VENTURE,C,10000,13.57,0,0.09,Y,9
33,70000,MORTGAGE,0,DEBTCONSOLIDATION,C,3000,13.57,0,0.04,Y,9
33,115000,MORTGAGE,6,MEDICAL,C,10500,13.49,0,0.09,N,9
33,113000,MORTGAGE,15,MEDICAL,C,5000,13.49,0,0.04,Y,9
33,114000,MORTGAGE,2,DEBTCONSOLIDATION,C,21000,13.16,0,0.18,N,9
33,92000,MORTGAGE,8,PERSONAL,C,20000,13.06,0,0.22,N,9
33,78000,RENT,7,HOMEIMPROVEMENT,C,10000,13.06,1,0.13,Y,9
33,29000,RENT,0,VENTURE,C,10000,13.06,1,0.34,Y,9
33,53004,RENT,0,EDUCATION,C,20000,13.04,1,0.38,Y,9
33,102000,MORTGAGE,6,EDUCATION,C,8700,12.99,0,0.09,Y,9
33,62004,RENT,3,EDUCATION,C,18500,12.87,0,0.3,N,9
33,21996,RENT,0,EDUCATION,C,9250,12.87,1,0.42,N,9
33,612000,RENT,3,DEBTCONSOLIDATION,C,5950,12.73,0,0.01,Y,9
33,24947,RENT,3,HOMEIMPROVEMENT,B,6625,12.69,1,0.27,N,9
33,120000,MORTGAGE,14,VENTURE,B,2000,12.69,0,0.02,N,9
33,40000,MORTGAGE,17,PERSONAL,C,6000,12.68,0,0.15,Y,9
33,18000,RENT,0,VENTURE,C,2700,12.61,0,0.15,Y,9
33,68000,MORTGAGE,9,EDUCATION,B,2100,12.53,0,0.03,N,9
33,105000,MORTGAGE,6,PERSONAL,C,5150,12.41,0,0.05,Y,9
33,97200,MORTGAGE,4,PERSONAL,C,20000,12.29,0,0.21,N,9
33,65000,RENT,4,MEDICAL,B,10000,11.99,0,0.15,N,9
33,34000,RENT,5,VENTURE,B,2400,11.99,0,0.07,N,9
33,70000,RENT,18,EDUCATION,B,18000,11.89,0,0.26,N,9
33,54400,MORTGAGE,2,MEDICAL,B,5000,11.86,1,0.08,N,9
33,150000,OWN,14,VENTURE,B,21000,11.83,0,0.14,N,9
33,113800,RENT,8,MEDICAL,B,5000,11.83,0,0.04,N,9
33,100000,MORTGAGE,16,MEDICAL,B,15000,11.71,0,0.15,N,9
33,56312,RENT,2,HOMEIMPROVEMENT,B,3000,11.71,0,0.05,N,9
33,100000,RENT,1,HOMEIMPROVEMENT,C,25000,11.66,0,0.25,N,9
33,65004,MORTGAGE,14,VENTURE,B,8000,11.49,0,0.12,N,9
33,71000,MORTGAGE,4,DEBTCONSOLIDATION,B,5300,11.49,0,0.07,N,9
33,58800,RENT,10,MEDICAL,B,3000,11.49,0,0.05,N,9
33,33852,RENT,4,EDUCATION,B,17000,11.48,1,0.5,N,9
33,26400,OWN,13,VENTURE,B,7000,11.36,0,0.27,N,9
33,132444,RENT,4,EDUCATION,B,2000,11.36,0,0.02,N,9
33,33000,RENT,0,PERSONAL,C,7500,11.34,0,0.23,N,9
33,55000,MORTGAGE,4,HOMEIMPROVEMENT,B,8000,11.14,0,0.15,N,9
33,24000,RENT,1,VENTURE,B,8000,11.12,1,0.33,N,9
33,35000,MORTGAGE,3,EDUCATION,B,10000,10.99,0,0.29,N,9
33,66000,OWN,3,VENTURE,B,5600,10.99,0,0.08,N,9
33,98004,MORTGAGE,2,VENTURE,B,4000,10.99,0,0.04,N,9
33,175000,MORTGAGE,4,DEBTCONSOLIDATION,B,25000,10.75,0,0.14,N,9
33,160000,MORTGAGE,3,DEBTCONSOLIDATION,B,22000,10.75,0,0.14,N,9
33,63996,RENT,4,EDUCATION,B,3200,10.74,0,0.05,N,9
33,50000,RENT,2,DEBTCONSOLIDATION,B,14000,10.62,0,0.28,N,9
33,100000,MORTGAGE,1,EDUCATION,B,25000,10.39,0,0.25,N,9
33,61000,RENT,0,HOMEIMPROVEMENT,B,6000,10.39,0,0.1,N,9
33,37000,MORTGAGE,2,MEDICAL,B,13000,10.36,0,0.35,N,9
33,35000,RENT,5,MEDICAL,B,11200,10.36,1,0.32,N,9
33,34400,RENT,6,VENTURE,B,4000,10.25,0,0.12,N,9
33,30000,RENT,0,DEBTCONSOLIDATION,B,1600,10.25,0,0.05,N,9
33,81000,MORTGAGE,2,VENTURE,B,7500,10.08,0,0.09,N,9
33,75000,MORTGAGE,2,DEBTCONSOLIDATION,B,7500,10.08,1,0.1,N,9
33,105000,MORTGAGE,4,HOMEIMPROVEMENT,B,26375,9.91,0,0.25,N,9
33,58000,MORTGAGE,2,VENTURE,B,15000,9.91,0,0.26,N,9
33,59000,MORTGAGE,6,HOMEIMPROVEMENT,B,5500,9.91,0,0.09,N,9
33,40000,RENT,15,EDUCATION,B,15000,9.88,1,0.38,N,9
33,200000,MORTGAGE,5,HOMEIMPROVEMENT,B,25000,9.76,0,0.13,N,9
33,53000,RENT,2,EDUCATION,A,10000,8.94,0,0.19,N,9
33,63000,MORTGAGE,7,DEBTCONSOLIDATION,A,18250,8.9,0,0.29,N,9
33,51996,MORTGAGE,3,DEBTCONSOLIDATION,B,14000,8.88,0,0.27,N,9
33,77100,RENT,6,DEBTCONSOLIDATION,A,35000,8.49,1,0.45,N,9
33,36000,MORTGAGE,10,VENTURE,A,5000,8.49,0,0.14,N,9
33,31000,OWN,0,VENTURE,A,2500,8.38,0,0.08,N,9
33,32004,RENT,3,PERSONAL,A,4000,8.32,0,0.12,N,9
33,18000,OWN,17,MEDICAL,A,7000,8,1,0.39,N,9
33,60000,MORTGAGE,3,DEBTCONSOLIDATION,A,3500,7.9,0,0.06,N,9
33,75000,MORTGAGE,2,MEDICAL,A,10000,7.88,0,0.13,N,9
33,42996,RENT,2,DEBTCONSOLIDATION,A,8200,7.88,0,0.19,N,9
33,42996,RENT,2,VENTURE,A,8200,7.88,0,0.19,N,9
33,140000,MORTGAGE,6,HOMEIMPROVEMENT,A,13000,7.51,0,0.09,N,9
33,170004,MORTGAGE,17,PERSONAL,A,12000,7.51,0,0.07,N,9
33,55000,OWN,4,HOMEIMPROVEMENT,A,12000,7.51,0,0.22,N,9
33,50000,RENT,1,HOMEIMPROVEMENT,A,9000,7.51,0,0.18,N,9
33,30000,OWN,8,MEDICAL,A,5000,7.51,0,0.17,N,9
33,39504,MORTGAGE,17,PERSONAL,A,3000,7.37,0,0.08,N,9
33,100000,MORTGAGE,8,DEBTCONSOLIDATION,A,6400,7.29,0,0.06,N,9
33,87895,MORTGAGE,4,DEBTCONSOLIDATION,A,2800,7.14,0,0.03,N,9
33,110000,MORTGAGE,10,MEDICAL,A,18000,6.99,0,0.16,N,9
33,125000,MORTGAGE,8,HOMEIMPROVEMENT,A,10975,6.99,0,0.09,N,9
33,143004,MORTGAGE,17,VENTURE,A,10000,6.99,0,0.07,N,9
33,62000,RENT,17,VENTURE,A,7000,6.99,0,0.11,N,9
33,20000,RENT,5,EDUCATION,A,3625,6.99,0,0.18,N,9
33,62000,RENT,1,PERSONAL,A,3000,6.99,0,0.05,N,9
33,49700,MORTGAGE,0,PERSONAL,A,12000,6.92,0,0.24,N,9
33,50400,MORTGAGE,3,VENTURE,A,6000,6.92,0,0.12,N,9
33,24000,RENT,2,MEDICAL,A,3000,6.62,0,0.13,N,9
33,60000,MORTGAGE,0,EDUCATION,A,4000,6.54,0,0.07,N,9
33,42000,RENT,2,PERSONAL,A,4000,6.39,0,0.1,N,9
33,38016,RENT,10,EDUCATION,A,15000,6.17,1,0.39,N,9
33,120000,MORTGAGE,17,PERSONAL,A,15000,5.79,0,0.13,N,9
33,71000,MORTGAGE,10,HOMEIMPROVEMENT,A,10000,5.79,0,0.14,N,9
33,135000,MORTGAGE,6,MEDICAL,B,22250,,0,0.16,N,9
33,140000,RENT,2,DEBTCONSOLIDATION,C,18000,,0,0.13,N,9
33,104000,MORTGAGE,3,EDUCATION,A,16000,,0,0.15,N,9
33,150000,MORTGAGE,12,EDUCATION,B,13125,,0,0.09,N,9
33,64000,MORTGAGE,8,VENTURE,C,12000,,1,0.19,N,9
33,41000,MORTGAGE,6,MEDICAL,A,9000,,0,0.22,N,9
33,49896,RENT,8,MEDICAL,A,7000,,0,0.14,N,9
33,72000,MORTGAGE,0,DEBTCONSOLIDATION,B,6600,,0,0.09,N,9
33,72000,MORTGAGE,0,HOMEIMPROVEMENT,B,6600,,0,0.09,N,9
33,35000,MORTGAGE,4,DEBTCONSOLIDATION,A,6000,,0,0.17,N,9
33,33500,RENT,0,EDUCATION,A,6000,,0,0.18,N,9
33,44000,MORTGAGE,5,PERSONAL,B,5500,,0,0.13,N,9
33,30000,MORTGAGE,1,MEDICAL,A,5000,,0,0.17,N,9
33,66000,OWN,16,MEDICAL,A,3500,,0,0.05,N,9
33,42000,RENT,8,MEDICAL,D,2000,,0,0.05,Y,9
33,24000,OWN,2,HOMEIMPROVEMENT,B,1875,,0,0.08,N,9
33,65000,RENT,4,VENTURE,A,1000,,0,0.02,N,9
33,75653,RENT,2,MEDICAL,F,20000,17.58,1,0.22,N,8
33,62910,OWN,3,PERSONAL,D,7075,17.58,0,0.11,N,8
33,44000,RENT,5,VENTURE,D,8000,17.49,0,0.18,N,8
33,51200,RENT,1,VENTURE,E,13075,16.7,1,0.26,Y,8
33,88296,MORTGAGE,0,DEBTCONSOLIDATION,E,15000,15.88,1,0.17,N,8
33,42000,RENT,12,VENTURE,D,14000,15.7,1,0.33,Y,8
33,125004,RENT,3,EDUCATION,E,12000,15.68,0,0.1,N,8
33,57000,MORTGAGE,3,EDUCATION,E,10000,15.68,1,0.18,Y,8
33,34000,RENT,4,MEDICAL,D,10000,15.33,1,0.29,Y,8
33,54000,MORTGAGE,3,EDUCATION,C,10000,15.23,0,0.19,Y,8
33,34000,RENT,17,DEBTCONSOLIDATION,D,11175,14.96,1,0.33,N,8
33,61200,RENT,3,MEDICAL,D,7000,14.96,1,0.1,Y,8
33,44000,RENT,6,DEBTCONSOLIDATION,D,6000,14.96,1,0.14,N,8
33,14400,OWN,0,VENTURE,C,2000,14.79,0,0.14,N,8
33,33600,MORTGAGE,,PERSONAL,C,2500,14.65,0,0.07,N,8
33,66300,MORTGAGE,3,MEDICAL,D,22000,14.59,1,0.28,N,8
33,186996,MORTGAGE,0,EDUCATION,D,25000,14.46,0,0.13,Y,8
33,24000,RENT,0,DEBTCONSOLIDATION,C,2000,14.35,0,0.08,Y,8
33,35496,RENT,3,PERSONAL,C,6000,13.72,1,0.17,Y,8
33,70000,MORTGAGE,0,PERSONAL,C,5600,13.57,0,0.08,Y,8
33,27120,RENT,,DEBTCONSOLIDATION,C,6000,13.49,1,0.22,N,8
33,68004,RENT,17,EDUCATION,C,5000,13.49,0,0.07,N,8
33,20000,RENT,5,PERSONAL,C,4000,13.47,0,0.2,Y,8
33,63600,MORTGAGE,,DEBTCONSOLIDATION,C,8500,13.23,0,0.13,N,8
33,36000,RENT,1,MEDICAL,C,6000,13.22,0,0.17,Y,8
33,30784,RENT,7,DEBTCONSOLIDATION,C,9950,12.99,1,0.32,N,8
33,33600,OWN,3,VENTURE,C,9500,12.99,0,0.28,N,8
33,44000,MORTGAGE,2,EDUCATION,C,7000,12.99,1,0.16,Y,8
33,97000,RENT,4,EDUCATION,C,7000,12.98,0,0.07,Y,8
33,21996,RENT,0,VENTURE,C,9250,12.87,1,0.42,Y,8
33,49548,RENT,6,PERSONAL,C,2800,12.84,0,0.06,N,8
33,33000,MORTGAGE,3,EDUCATION,B,4000,12.69,0,0.12,N,8
33,21600,RENT,3,DEBTCONSOLIDATION,B,10000,12.53,1,0.46,N,8
33,109000,MORTGAGE,4,PERSONAL,C,18400,12.41,0,0.17,Y,8
33,78000,MORTGAGE,3,MEDICAL,B,20000,12.18,0,0.26,N,8
33,69600,MORTGAGE,17,PERSONAL,B,16000,11.99,0,0.23,N,8
33,62400,RENT,4,EDUCATION,B,15000,11.99,0,0.24,N,8
33,38400,RENT,6,MEDICAL,B,10500,11.99,0,0.27,N,8
33,48000,RENT,1,MEDICAL,B,7000,11.99,0,0.15,N,8
33,18000,RENT,3,EDUCATION,C,3300,11.97,1,0.18,N,8
33,115000,MORTGAGE,10,MEDICAL,B,25000,11.86,0,0.22,N,8
33,80000,RENT,0,MEDICAL,B,25000,11.86,1,0.31,N,8
33,30000,RENT,14,MEDICAL,B,7500,11.86,1,0.25,N,8
33,135000,OWN,0,PERSONAL,B,17500,11.83,0,0.13,N,8
33,37440,RENT,5,PERSONAL,B,4400,11.71,0,0.12,N,8
33,48000,RENT,2,MEDICAL,B,1500,11.71,0,0.03,N,8
33,104000,RENT,9,DEBTCONSOLIDATION,B,8000,11.58,0,0.08,N,8
33,120000,RENT,9,DEBTCONSOLIDATION,B,25000,11.36,0,0.21,N,8
33,30000,MORTGAGE,1,EDUCATION,B,12250,11.36,0,0.41,N,8
33,102368,MORTGAGE,6,HOMEIMPROVEMENT,B,11000,11.14,0,0.11,N,8
33,80000,MORTGAGE,9,VENTURE,B,6000,11.11,0,0.07,N,8
33,115000,RENT,9,HOMEIMPROVEMENT,C,7500,11.03,0,0.07,Y,8
33,390000,MORTGAGE,8,MEDICAL,B,35000,10.99,0,0.09,N,8
33,54000,RENT,15,DEBTCONSOLIDATION,B,10000,10.99,0,0.19,N,8
33,33504,RENT,4,DEBTCONSOLIDATION,B,9600,10.99,0,0.29,N,8
33,46709,MORTGAGE,,EDUCATION,B,6200,10.99,0,0.13,N,8
33,60000,MORTGAGE,2,EDUCATION,B,2500,10.83,0,0.04,N,8
33,160000,MORTGAGE,3,PERSONAL,B,22000,10.75,0,0.14,N,8
33,38400,OWN,0,VENTURE,B,16450,10.65,0,0.43,N,8
33,45000,RENT,1,DEBTCONSOLIDATION,B,4800,10.59,0,0.11,N,8
33,100000,MORTGAGE,1,HOMEIMPROVEMENT,B,25000,10.39,0,0.25,N,8
33,45000,RENT,0,VENTURE,B,7000,10.38,0,0.16,N,8
33,34800,RENT,17,HOMEIMPROVEMENT,B,14125,10.37,1,0.41,N,8
33,41916,MORTGAGE,2,VENTURE,B,7000,10.36,0,0.17,N,8
33,43000,RENT,6,EDUCATION,B,8000,10,0,0.19,N,8
33,41277,RENT,3,EDUCATION,B,3000,10,1,0.07,N,8
33,30000,RENT,3,DEBTCONSOLIDATION,B,11975,9.99,1,0.4,N,8
33,48000,OWN,11,HOMEIMPROVEMENT,B,10000,9.99,0,0.21,N,8
33,69996,MORTGAGE,11,MEDICAL,B,3200,9.99,0,0.05,N,8
33,58000,RENT,0,DEBTCONSOLIDATION,B,14400,9.91,0,0.25,N,8
33,38400,MORTGAGE,0,EDUCATION,B,10000,9.91,0,0.26,N,8
33,59000,RENT,17,MEDICAL,B,9600,9.91,0,0.16,N,8
33,172000,MORTGAGE,4,EDUCATION,B,16000,9.63,0,0.09,N,8
33,27996,RENT,0,VENTURE,A,4800,9.63,0,0.17,N,8
33,20244,RENT,0,DEBTCONSOLIDATION,B,7000,9.45,1,0.35,N,8
33,40000,MORTGAGE,1,PERSONAL,A,7200,9.32,0,0.18,N,8
33,30000,RENT,2,DEBTCONSOLIDATION,A,17975,8.49,1,0.6,N,8
33,60000,RENT,3,DEBTCONSOLIDATION,A,9000,8.49,0,0.15,N,8
33,106000,MORTGAGE,2,EDUCATION,A,6000,8.49,0,0.06,N,8
33,36000,MORTGAGE,10,PERSONAL,A,5000,8.49,0,0.14,N,8
33,81804,MORTGAGE,4,DEBTCONSOLIDATION,A,9000,8,0,0.11,N,8
33,83000,RENT,5,EDUCATION,A,7200,8,0,0.09,N,8
33,22356,RENT,2,MEDICAL,A,6000,7.9,0,0.27,N,8
33,75000,MORTGAGE,,PERSONAL,A,6000,7.9,0,0.08,N,8
33,85000,RENT,11,EDUCATION,A,5000,7.9,0,0.06,N,8
33,125000,RENT,0,PERSONAL,A,9100,7.88,0,0.07,N,8
33,125000,OWN,17,PERSONAL,A,3000,7.75,0,0.02,N,8
33,30000,RENT,0,MEDICAL,A,5000,7.74,0,0.17,N,8
33,57600,MORTGAGE,3,HOMEIMPROVEMENT,A,17000,7.66,0,0.3,N,8
33,65000,MORTGAGE,4,VENTURE,A,15000,7.51,0,0.23,N,8
33,45000,MORTGAGE,17,HOMEIMPROVEMENT,A,10800,7.51,1,0.24,N,8
33,58000,RENT,5,MEDICAL,A,6400,7.51,0,0.11,N,8
33,75000,MORTGAGE,6,MEDICAL,A,6000,7.51,0,0.08,N,8
33,82000,RENT,9,VENTURE,A,5000,7.51,0,0.06,N,8
33,40000,MORTGAGE,4,EDUCATION,A,5000,7.51,0,0.13,N,8
33,43200,MORTGAGE,2,DEBTCONSOLIDATION,A,5000,7.51,0,0.12,N,8
33,120000,MORTGAGE,3,MEDICAL,A,14000,7.29,0,0.12,N,8
33,95000,MORTGAGE,4,HOMEIMPROVEMENT,A,11200,7.29,0,0.12,N,8
33,66000,RENT,17,EDUCATION,A,5000,7.29,0,0.08,N,8
33,85000,MORTGAGE,12,HOMEIMPROVEMENT,A,8000,7.14,0,0.09,N,8
33,120000,MORTGAGE,4,PERSONAL,A,6000,6.92,0,0.05,N,8
33,40000,OWN,2,MEDICAL,A,14000,6.91,0,0.35,N,8
33,14076,RENT,,EDUCATION,A,4800,6.76,1,0.34,N,8
33,90000,MORTGAGE,5,PERSONAL,A,11400,6.62,0,0.13,N,8
33,48000,MORTGAGE,17,VENTURE,A,7000,6.62,0,0.15,N,8
33,25000,MORTGAGE,8,DEBTCONSOLIDATION,A,6000,6.62,0,0.24,N,8
33,97000,MORTGAGE,15,PERSONAL,A,20000,6.17,0,0.21,N,8
33,81000,OWN,4,PERSONAL,A,12000,6.17,0,0.15,N,8
33,56100,OWN,13,HOMEIMPROVEMENT,A,16000,6.03,0,0.29,N,8
33,115000,MORTGAGE,3,PERSONAL,A,14000,6.03,0,0.12,N,8
33,10080,OWN,11,VENTURE,A,7200,6.03,1,0.71,N,8
33,84000,MORTGAGE,17,VENTURE,A,20000,5.99,0,0.24,N,8
33,45600,RENT,0,DEBTCONSOLIDATION,A,11200,5.79,0,0.25,N,8
33,60000,MORTGAGE,17,MEDICAL,A,7000,5.42,0,0.12,N,8
33,63996,MORTGAGE,15,EDUCATION,A,3200,5.42,0,0.05,N,8
33,40000,MORTGAGE,12,PERSONAL,A,3200,5.42,0,0.08,N,8
33,60000,MORTGAGE,5,PERSONAL,A,2000,5.42,0,0.03,N,8
33,102000,MORTGAGE,17,VENTURE,E,35000,,0,0.34,Y,8
33,47580,RENT,12,PERSONAL,B,21000,,1,0.44,N,8
33,62050,MORTGAGE,17,MEDICAL,D,20000,,1,0.27,Y,8
33,144000,MORTGAGE,13,EDUCATION,D,19000,,0,0.13,N,8
33,117000,MORTGAGE,2,HOMEIMPROVEMENT,A,18000,,0,0.15,N,8
33,75000,MORTGAGE,17,MEDICAL,C,12000,,0,0.16,Y,8
33,65000,RENT,17,VENTURE,C,12000,,0,0.18,N,8
33,59500,MORTGAGE,6,VENTURE,A,11000,,0,0.18,N,8
33,74000,RENT,3,HOMEIMPROVEMENT,A,10000,,0,0.14,N,8
33,50000,RENT,3,PERSONAL,B,10000,,0,0.2,N,8
33,42000,RENT,3,MEDICAL,B,9000,,0,0.21,N,8
33,28200,RENT,2,EDUCATION,C,9000,,1,0.32,N,8
33,36500,MORTGAGE,4,PERSONAL,A,8500,,0,0.23,N,8
33,25000,RENT,18,EDUCATION,D,8000,,1,0.32,N,8
33,63550,RENT,6,MEDICAL,A,6000,,0,0.09,N,8
33,102996,MORTGAGE,4,EDUCATION,A,6000,,0,0.06,N,8
33,102996,MORTGAGE,4,DEBTCONSOLIDATION,A,6000,,0,0.06,N,8
33,44136,MORTGAGE,2,EDUCATION,A,5000,,0,0.11,N,8
33,48000,OWN,2,HOMEIMPROVEMENT,A,4750,,0,0.1,N,8
33,50500,MORTGAGE,2,MEDICAL,D,4000,,1,0.08,Y,8
33,138000,RENT,0,PERSONAL,E,35000,18.64,1,0.25,Y,7
33,87000,MORTGAGE,17,VENTURE,E,9000,17.93,0,0.1,Y,7
33,87000,MORTGAGE,17,VENTURE,E,9000,17.93,0,0.1,Y,7
33,118000,MORTGAGE,12,DEBTCONSOLIDATION,D,35000,17.49,1,0.3,Y,7
33,50000,MORTGAGE,14,DEBTCONSOLIDATION,D,10000,16.89,1,0.2,N,7
33,45000,MORTGAGE,3,EDUCATION,D,8000,16.49,1,0.18,N,7
33,49000,RENT,2,HOMEIMPROVEMENT,D,3000,16.49,1,0.06,N,7
33,50800,RENT,16,EDUCATION,E,10000,16.4,0,0.2,Y,7
33,18996,RENT,5,DEBTCONSOLIDATION,D,3250,16.32,1,0.17,N,7
33,48000,RENT,5,MEDICAL,D,9600,16.29,0,0.2,Y,7
33,53326,RENT,8,MEDICAL,D,1200,16.29,1,0.02,N,7
33,82404,OWN,8,EDUCATION,D,14400,16,0,0.17,Y,7
33,38400,OWN,1,EDUCATION,D,8000,15.58,0,0.21,Y,7
33,37500,MORTGAGE,3,EDUCATION,D,6500,15.33,0,0.17,Y,7
33,54000,MORTGAGE,7,DEBTCONSOLIDATION,C,32000,15.23,1,0.59,N,7
33,54000,MORTGAGE,7,MEDICAL,C,32000,15.23,1,0.59,Y,7
33,54000,RENT,1,DEBTCONSOLIDATION,D,6500,14.96,1,0.12,Y,7
33,66000,RENT,2,VENTURE,D,6400,14.96,1,0.1,N,7
33,20640,OWN,0,HOMEIMPROVEMENT,D,6250,14.84,0,0.3,N,7
33,71000,MORTGAGE,11,PERSONAL,C,6000,14.72,0,0.08,Y,7
33,87550,RENT,0,MEDICAL,C,9000,14.65,1,0.09,Y,7
33,130050,MORTGAGE,0,MEDICAL,D,10000,14.61,1,0.07,Y,7
33,300000,OWN,8,MEDICAL,D,25000,14.42,0,0.08,Y,7
33,82000,RENT,5,VENTURE,C,15000,14.35,0,0.18,N,7
33,24000,RENT,0,EDUCATION,C,2000,14.35,0,0.08,Y,7
33,201000,MORTGAGE,3,DEBTCONSOLIDATION,C,20000,14.27,0,0.1,Y,7
33,75000,MORTGAGE,13,VENTURE,D,4000,14.11,0,0.05,N,7
33,50000,OWN,1,VENTURE,D,12000,13.99,0,0.24,Y,7
33,285000,MORTGAGE,0,DEBTCONSOLIDATION,C,10000,13.99,0,0.04,N,7
33,60000,OWN,,VENTURE,C,10000,13.98,0,0.17,N,7
33,60000,RENT,0,PERSONAL,C,15000,13.79,0,0.25,Y,7
33,120999,MORTGAGE,7,DEBTCONSOLIDATION,C,15200,13.61,0,0.13,Y,7
33,85000,MORTGAGE,0,DEBTCONSOLIDATION,C,5000,13.61,0,0.06,Y,7
33,42000,RENT,3,DEBTCONSOLIDATION,C,12000,13.57,0,0.29,N,7
33,66000,RENT,5,HOMEIMPROVEMENT,C,4800,13.57,0,0.07,N,7
33,50000,RENT,0,VENTURE,C,12000,13.49,0,0.24,N,7
33,67000,RENT,8,HOMEIMPROVEMENT,C,18000,13.11,1,0.27,Y,7
33,35000,MORTGAGE,15,MEDICAL,C,12000,13.11,0,0.34,Y,7
33,29000,RENT,0,EDUCATION,C,10000,13.06,1,0.34,Y,7
33,55000,RENT,3,VENTURE,C,12000,12.99,0,0.22,N,7
33,65600,RENT,4,PERSONAL,C,10600,12.99,0,0.16,N,7
33,64197,MORTGAGE,7,MEDICAL,C,7600,12.99,0,0.12,N,7
33,41196,OWN,0,VENTURE,C,3300,12.99,0,0.08,N,7
33,65000,RENT,1,MEDICAL,C,4000,12.87,0,0.06,N,7
33,70000,MORTGAGE,3,VENTURE,C,20000,12.84,0,0.29,Y,7
33,116000,MORTGAGE,5,EDUCATION,C,15000,12.84,0,0.13,N,7
33,42804,RENT,17,EDUCATION,C,4000,12.73,1,0.09,Y,7
33,21600,RENT,3,PERSONAL,B,10000,12.53,1,0.46,N,7
33,90000,MORTGAGE,0,HOMEIMPROVEMENT,B,8000,12.53,0,0.09,N,7
33,39000,OWN,0,VENTURE,B,10000,12.42,0,0.26,N,7
33,49000,RENT,6,MEDICAL,B,7200,12.42,0,0.15,N,7
33,44000,RENT,3,HOMEIMPROVEMENT,B,2725,12.18,1,0.06,N,7
33,19200,OWN,2,PERSONAL,B,6000,11.99,1,0.31,N,7
33,36000,RENT,5,PERSONAL,B,5600,11.99,1,0.16,N,7
33,80000,OWN,12,HOMEIMPROVEMENT,C,9000,11.97,0,0.11,N,7
33,94896,MORTGAGE,2,HOMEIMPROVEMENT,B,3500,11.89,0,0.04,N,7
33,54000,RENT,17,DEBTCONSOLIDATION,B,15000,11.86,1,0.28,N,7
33,100000,MORTGAGE,12,VENTURE,B,8000,11.86,0,0.08,N,7
33,123000,RENT,5,MEDICAL,B,12000,11.83,0,0.1,N,7
33,21000,OWN,1,HOMEIMPROVEMENT,B,7750,11.83,0,0.37,N,7
33,83000,RENT,0,DEBTCONSOLIDATION,B,21000,11.71,1,0.25,N,7
33,71000,MORTGAGE,4,MEDICAL,B,5300,11.49,0,0.07,N,7
33,96000,MORTGAGE,4,DEBTCONSOLIDATION,B,3000,11.49,0,0.03,N,7
33,150000,OWN,17,PERSONAL,B,20000,11.48,0,0.13,N,7
33,62000,RENT,4,VENTURE,B,8000,11.48,0,0.13,N,7
33,99000,MORTGAGE,8,MEDICAL,B,24000,11.36,0,0.24,N,7
33,25000,MORTGAGE,4,EDUCATION,B,1600,11.36,0,0.06,N,7
33,60000,OWN,8,EDUCATION,C,8350,11.34,0,0.14,Y,7
33,99996,MORTGAGE,14,PERSONAL,B,6000,11.11,0,0.06,N,7
33,80000,MORTGAGE,9,VENTURE,B,6000,11.11,0,0.07,N,7
33,26400,RENT,3,MEDICAL,B,1000,10.99,0,0.04,N,7
33,80000,RENT,5,PERSONAL,B,1800,10.75,0,0.02,N,7
33,69000,MORTGAGE,17,EDUCATION,B,7200,10.74,0,0.1,N,7
33,32004,MORTGAGE,4,PERSONAL,B,6000,10.74,0,0.19,N,7
33,75000,MORTGAGE,13,MEDICAL,B,25000,10.65,0,0.33,N,7
33,24000,RENT,10,DEBTCONSOLIDATION,B,5000,10.65,0,0.21,N,7
33,69000,RENT,3,HOMEIMPROVEMENT,B,15000,10.62,1,0.22,N,7
33,125000,MORTGAGE,17,MEDICAL,B,8800,10.59,0,0.07,N,7
33,57000,MORTGAGE,7,EDUCATION,B,15000,10.39,0,0.26,N,7
33,61000,RENT,0,EDUCATION,B,6000,10.39,0,0.1,N,7
33,150000,MORTGAGE,0,DEBTCONSOLIDATION,B,4000,10.37,0,0.03,N,7
33,37000,MORTGAGE,2,PERSONAL,B,13000,10.36,0,0.35,N,7
33,100000,MORTGAGE,3,PERSONAL,B,15000,10,0,0.15,N,7
33,92259,RENT,2,EDUCATION,B,11500,10,0,0.12,N,7
33,108000,MORTGAGE,17,HOMEIMPROVEMENT,B,11500,9.99,0,0.11,N,7
33,50000,MORTGAGE,7,HOMEIMPROVEMENT,B,10000,9.99,0,0.2,N,7
33,53000,RENT,6,HOMEIMPROVEMENT,B,2500,9.99,0,0.05,N,7
33,53000,RENT,6,DEBTCONSOLIDATION,B,2500,9.99,0,0.05,N,7
33,210000,MORTGAGE,17,DEBTCONSOLIDATION,B,20000,9.91,0,0.1,N,7
33,62500,RENT,3,DEBTCONSOLIDATION,B,18400,9.91,0,0.29,N,7
33,38400,MORTGAGE,0,VENTURE,B,10000,9.91,0,0.26,N,7
33,25200,RENT,0,MEDICAL,B,5500,9.88,0,0.22,N,7
33,51000,RENT,0,VENTURE,A,11000,9.63,0,0.22,N,7
33,34500,OWN,0,PERSONAL,B,10000,9.63,0,0.29,N,7
33,86000,RENT,0,DEBTCONSOLIDATION,A,4700,9.63,0,0.05,N,7
33,51000,MORTGAGE,2,EDUCATION,A,1200,9.63,1,0.02,N,7
33,65000,RENT,1,EDUCATION,B,4700,9.45,0,0.07,N,7
33,25000,RENT,6,PERSONAL,A,2800,9.32,0,0.11,N,7
33,120000,MORTGAGE,3,EDUCATION,A,14050,8.9,0,0.12,N,7
33,54000,MORTGAGE,8,MEDICAL,A,3800,8.9,0,0.07,N,7
33,32004,RENT,3,DEBTCONSOLIDATION,A,4000,8.32,0,0.12,N,7
33,45180,MORTGAGE,0,VENTURE,A,7000,8,0,0.15,N,7
33,135000,MORTGAGE,13,DEBTCONSOLIDATION,A,12000,7.9,0,0.09,N,7
33,125000,MORTGAGE,2,DEBTCONSOLIDATION,A,20000,7.88,0,0.16,N,7
33,43200,RENT,6,DEBTCONSOLIDATION,A,11350,7.88,0,0.26,N,7
33,65000,MORTGAGE,3,DEBTCONSOLIDATION,A,2000,7.88,0,0.03,N,7
33,12000,RENT,,EDUCATION,A,1000,7.88,1,0.08,N,7
33,36000,OWN,0,PERSONAL,A,10000,7.74,0,0.28,N,7
33,75000,OWN,17,PERSONAL,A,6000,7.68,0,0.08,N,7
33,30929,MORTGAGE,12,EDUCATION,A,5300,7.68,0,0.17,N,7
33,39600,MORTGAGE,0,PERSONAL,A,3000,7.68,0,0.08,N,7
33,41000,RENT,2,VENTURE,A,6500,7.51,0,0.16,N,7
33,110000,MORTGAGE,2,MEDICAL,A,5000,7.51,0,0.05,N,7
33,58000,RENT,0,VENTURE,A,5000,7.51,0,0.09,N,7
33,87120,MORTGAGE,10,PERSONAL,A,2850,7.51,0,0.03,N,7
33,42000,MORTGAGE,2,PERSONAL,A,9050,7.49,0,0.22,N,7
33,96000,MORTGAGE,5,MEDICAL,A,9000,7.49,0,0.09,N,7
33,96000,MORTGAGE,5,VENTURE,A,9000,7.49,0,0.09,N,7
33,101000,MORTGAGE,8,HOMEIMPROVEMENT,A,5000,7.49,0,0.05,N,7
33,55000,MORTGAGE,3,MEDICAL,A,1775,7.49,0,0.03,N,7
33,250000,RENT,0,MEDICAL,A,35000,7.29,0,0.14,N,7
33,180000,MORTGAGE,17,DEBTCONSOLIDATION,A,13000,7.29,0,0.07,N,7
33,44004,MORTGAGE,4,EDUCATION,A,9275,7.29,0,0.21,N,7
33,62130,RENT,6,HOMEIMPROVEMENT,A,9050,7.29,0,0.15,N,7
33,78000,RENT,5,MEDICAL,A,4000,7.14,0,0.05,N,7
33,83200,MORTGAGE,18,HOMEIMPROVEMENT,A,13000,6.99,0,0.16,N,7
33,143004,MORTGAGE,17,HOMEIMPROVEMENT,A,10000,6.99,0,0.07,N,7
33,72000,MORTGAGE,,VENTURE,A,5000,6.99,0,0.07,N,7
33,54072,MORTGAGE,1,DEBTCONSOLIDATION,A,3000,6.99,0,0.06,N,7
33,98000,RENT,2,HOMEIMPROVEMENT,A,20000,6.91,0,0.2,N,7
33,135000,OWN,0,PERSONAL,A,6275,6.91,0,0.05,N,7
33,135000,OWN,0,HOMEIMPROVEMENT,A,6275,6.91,0,0.05,N,7
33,14076,RENT,,MEDICAL,A,4800,6.76,1,0.34,N,7
33,150000,MORTGAGE,17,VENTURE,A,14000,6.62,0,0.09,N,7
33,50000,RENT,0,HOMEIMPROVEMENT,A,20400,6.54,1,0.41,N,7
33,62000,MORTGAGE,3,EDUCATION,A,3700,6.39,0,0.06,N,7
33,189000,MORTGAGE,5,DEBTCONSOLIDATION,A,20000,6.17,0,0.11,N,7
33,57500,MORTGAGE,0,MEDICAL,A,15000,6.03,0,0.26,N,7
33,42000,RENT,0,MEDICAL,A,8000,5.99,0,0.19,N,7
33,69000,MORTGAGE,7,HOMEIMPROVEMENT,A,4000,5.99,0,0.06,N,7
33,99300,MORTGAGE,11,MEDICAL,A,7500,5.79,0,0.08,N,7
33,126000,MORTGAGE,17,HOMEIMPROVEMENT,A,9500,5.42,0,0.08,N,7
33,90000,MORTGAGE,12,PERSONAL,A,6000,5.42,0,0.07,N,7
33,60000,MORTGAGE,3,DEBTCONSOLIDATION,A,5000,5.42,0,0.08,N,7
33,130000,MORTGAGE,7,PERSONAL,A,2400,5.42,0,0.02,N,7
33,100000,RENT,4,PERSONAL,C,20000,,0,0.2,N,7
33,77000,RENT,7,HOMEIMPROVEMENT,D,13000,,0,0.17,N,7
33,110004,MORTGAGE,15,MEDICAL,B,12000,,0,0.11,N,7
33,98784,MORTGAGE,3,MEDICAL,B,10000,,0,0.1,N,7
33,66500,MORTGAGE,1,PERSONAL,A,9200,,0,0.14,N,7
33,50000,OWN,5,EDUCATION,A,8300,,0,0.17,N,7
33,15600,OWN,1,VENTURE,A,5900,,1,0.38,N,7
33,57700,RENT,17,HOMEIMPROVEMENT,C,4000,,1,0.07,Y,7
33,40000,RENT,4,VENTURE,B,4000,,0,0.1,N,7
33,30000,MORTGAGE,1,DEBTCONSOLIDATION,C,4000,,0,0.13,Y,7
33,93000,RENT,1,DEBTCONSOLIDATION,A,3000,,0,0.03,N,7
33,89004,RENT,2,PERSONAL,F,20000,17.58,1,0.22,Y,6
33,103000,RENT,17,PERSONAL,E,18000,16.82,0,0.17,Y,6
33,25200,RENT,3,MEDICAL,E,1600,16.69,1,0.06,N,6
33,45000,MORTGAGE,3,HOMEIMPROVEMENT,D,8000,16.49,1,0.18,Y,6
33,71000,RENT,17,HOMEIMPROVEMENT,D,19600,16.07,1,0.28,Y,6
33,97000,MORTGAGE,0,HOMEIMPROVEMENT,D,25000,16,0,0.26,N,6
33,45360,RENT,3,PERSONAL,D,5000,15.99,0,0.11,N,6
33,96053,RENT,3,MEDICAL,E,12000,15.68,1,0.11,N,6
33,92500,RENT,4,VENTURE,D,17500,15.28,0,0.19,N,6
33,44000,RENT,0,MEDICAL,D,9000,15.21,1,0.2,Y,6
33,124000,OWN,10,PERSONAL,D,23500,14.96,0,0.19,Y,6
33,66000,RENT,2,VENTURE,D,6400,14.96,1,0.1,N,6
33,87000,MORTGAGE,1,PERSONAL,D,5000,14.96,0,0.06,N,6
33,71000,RENT,0,EDUCATION,C,16500,14.72,0,0.23,N,6
33,46800,RENT,9,MEDICAL,C,2000,14.65,0,0.04,N,6
33,80000,MORTGAGE,5,HOMEIMPROVEMENT,D,24000,14.46,0,0.3,N,6
33,108000,MORTGAGE,17,PERSONAL,C,7200,14.35,0,0.07,Y,6
33,50000,OWN,2,PERSONAL,C,1200,14.26,0,0.02,N,6
33,44400,MORTGAGE,3,MEDICAL,C,2000,14.22,1,0.05,Y,6
33,248735,RENT,4,DEBTCONSOLIDATION,D,25000,14.11,1,0.1,Y,6
33,60000,OWN,,EDUCATION,C,10000,13.98,0,0.17,Y,6
33,72890,MORTGAGE,1,MEDICAL,C,16400,13.79,0,0.22,Y,6
33,42000,RENT,3,MEDICAL,C,12000,13.57,0,0.29,Y,6
33,53000,RENT,6,HOMEIMPROVEMENT,C,6700,13.49,0,0.13,N,6
33,35600,RENT,1,MEDICAL,C,6000,13.49,1,0.17,Y,6
33,78000,MORTGAGE,17,MEDICAL,C,3200,13.49,0,0.04,N,6
33,25000,RENT,,DEBTCONSOLIDATION,C,8500,13.43,1,0.34,N,6
33,38000,MORTGAGE,0,EDUCATION,C,2500,13.22,0,0.07,N,6
33,55000,RENT,1,EDUCATION,C,10725,13.16,0,0.2,N,6
33,18720,OWN,0,DEBTCONSOLIDATION,C,3500,13.16,1,0.19,Y,6
33,24996,MORTGAGE,3,PERSONAL,C,6600,12.99,0,0.26,Y,6
33,145000,RENT,5,MEDICAL,C,1800,12.99,0,0.01,N,6
33,90000,MORTGAGE,4,DEBTCONSOLIDATION,C,12000,12.98,0,0.13,N,6
33,44000,RENT,1,EDUCATION,D,7500,12.92,1,0.17,Y,6
33,36000,MORTGAGE,17,PERSONAL,B,6250,12.69,0,0.17,N,6
33,60000,RENT,2,PERSONAL,B,8000,12.53,0,0.13,N,6
33,45000,RENT,2,PERSONAL,C,8000,12.53,0,0.18,N,6
33,25000,MORTGAGE,0,DEBTCONSOLIDATION,C,3000,12.53,0,0.12,Y,6
33,56400,MORTGAGE,3,EDUCATION,B,8500,12.42,1,0.15,N,6
33,22000,RENT,4,EDUCATION,B,5000,12.42,0,0.23,N,6
33,44000,RENT,3,MEDICAL,B,2725,12.18,1,0.06,N,6
33,50750,RENT,2,PERSONAL,C,7500,11.91,0,0.15,Y,6
33,48000,RENT,2,VENTURE,B,1500,11.89,0,0.03,N,6
33,21000,OWN,1,EDUCATION,B,7750,11.83,0,0.37,N,6
33,12000,RENT,0,MEDICAL,B,1500,11.83,0,0.13,N,6
33,41000,RENT,2,MEDICAL,B,8400,11.71,0,0.2,N,6
33,70116,MORTGAGE,,PERSONAL,B,5000,11.71,0,0.07,N,6
33,56000,RENT,7,PERSONAL,B,10000,11.36,0,0.18,N,6
33,45000,RENT,13,EDUCATION,C,6800,11.22,1,0.15,Y,6
33,80000,MORTGAGE,4,MEDICAL,B,12000,11.14,0,0.15,N,6
33,53796,RENT,1,DEBTCONSOLIDATION,B,10500,11.14,0,0.2,N,6
33,30000,RENT,11,MEDICAL,C,10000,11.03,1,0.33,N,6
33,67000,MORTGAGE,6,DEBTCONSOLIDATION,B,25000,10.99,0,0.37,N,6
33,54000,RENT,15,PERSONAL,B,10000,10.99,0,0.19,N,6
33,49000,RENT,2,VENTURE,B,6000,10.99,0,0.12,N,6
33,66500,RENT,13,VENTURE,B,10000,10.95,0,0.15,N,6
33,26100,RENT,16,PERSONAL,B,5000,10.75,0,0.19,N,6
33,31000,MORTGAGE,2,PERSONAL,B,13000,10.74,1,0.42,N,6
33,60626,RENT,3,VENTURE,B,10000,10.74,0,0.16,N,6
33,104000,MORTGAGE,15,MEDICAL,B,3500,10.74,0,0.03,N,6
33,19200,RENT,,PERSONAL,B,6000,10.65,1,0.31,N,6
33,235000,MORTGAGE,3,EDUCATION,B,25000,10.62,0,0.11,N,6
33,45000,RENT,2,MEDICAL,B,8500,10.62,0,0.19,N,6
33,68500,RENT,6,HOMEIMPROVEMENT,B,8000,10.62,0,0.12,N,6
33,42000,OWN,,VENTURE,B,5000,10.59,0,0.12,N,6
33,59450,MORTGAGE,1,EDUCATION,B,3000,10.38,0,0.05,N,6
33,79112,MORTGAGE,17,VENTURE,B,4000,10.36,0,0.05,N,6
33,38000,RENT,10,EDUCATION,C,4900,10.28,1,0.13,Y,6
33,100000,MORTGAGE,0,DEBTCONSOLIDATION,B,24000,10.25,0,0.24,N,6
33,24000,MORTGAGE,2,DEBTCONSOLIDATION,B,6000,10.25,0,0.25,N,6
33,67800,RENT,3,HOMEIMPROVEMENT,B,18000,10.08,0,0.27,N,6
33,36000,RENT,5,EDUCATION,B,12200,9.99,1,0.34,N,6
33,54000,MORTGAGE,6,EDUCATION,B,2100,9.99,0,0.04,N,6
33,46000,MORTGAGE,8,PERSONAL,B,14300,9.91,1,0.31,N,6
33,44000,RENT,10,HOMEIMPROVEMENT,B,13000,9.91,1,0.3,N,6
33,34400,RENT,0,PERSONAL,B,1300,9.91,0,0.04,N,6
33,40056,MORTGAGE,5,VENTURE,B,16750,9.88,0,0.42,N,6
33,65000,MORTGAGE,4,HOMEIMPROVEMENT,B,16800,9.76,0,0.26,N,6
33,26000,MORTGAGE,1,DEBTCONSOLIDATION,B,15000,9.76,1,0.58,N,6
33,36500,MORTGAGE,1,VENTURE,B,10000,9.33,0,0.27,N,6
33,30500,MORTGAGE,1,HOMEIMPROVEMENT,B,10000,9.33,1,0.33,N,6
33,110000,RENT,0,VENTURE,A,10000,9.32,0,0.09,N,6
33,70000,RENT,0,EDUCATION,A,11200,8.94,0,0.16,N,6
33,90000,MORTGAGE,5,EDUCATION,A,4200,8.94,0,0.05,N,6
33,48000,MORTGAGE,7,MEDICAL,A,13800,8.9,0,0.29,N,6
33,24000,RENT,3,EDUCATION,B,1600,8.88,0,0.07,N,6
33,84996,RENT,2,EDUCATION,A,4000,8.59,0,0.05,N,6
33,83000,MORTGAGE,14,DEBTCONSOLIDATION,A,18000,8.49,0,0.22,N,6
33,80000,RENT,10,DEBTCONSOLIDATION,A,6000,8.49,0,0.07,N,6
33,35050,MORTGAGE,15,MEDICAL,A,8000,8.32,1,0.23,N,6
33,68508,RENT,17,MEDICAL,A,7000,8,0,0.1,N,6
33,42000,MORTGAGE,3,DEBTCONSOLIDATION,A,13000,7.9,0,0.31,N,6
33,155000,RENT,3,MEDICAL,A,8000,7.9,0,0.05,N,6
33,55920,MORTGAGE,9,EDUCATION,A,22000,7.88,0,0.39,N,6
33,45000,RENT,4,MEDICAL,A,12000,7.88,0,0.27,N,6
33,62000,MORTGAGE,3,EDUCATION,A,10000,7.88,0,0.16,N,6
33,43000,RENT,2,EDUCATION,A,7000,7.88,0,0.16,N,6
33,180000,RENT,0,MEDICAL,A,7000,7.74,0,0.04,N,6
33,25200,RENT,1,VENTURE,A,13250,7.66,1,0.53,N,6
33,19200,RENT,0,MEDICAL,A,8000,7.66,1,0.42,N,6
33,21000,RENT,0,PERSONAL,A,6500,7.66,1,0.31,N,6
33,140000,MORTGAGE,6,MEDICAL,A,13000,7.51,0,0.09,N,6
33,93000,MORTGAGE,0,DEBTCONSOLIDATION,A,13000,7.51,0,0.14,N,6
33,82000,MORTGAGE,2,VENTURE,A,6000,7.51,0,0.07,N,6
33,40000,RENT,0,DEBTCONSOLIDATION,A,6000,7.51,0,0.15,N,6
33,70000,OWN,17,VENTURE,A,24000,7.49,0,0.34,N,6
33,156000,MORTGAGE,4,EDUCATION,A,2400,7.49,0,0.02,N,6
33,36500,MORTGAGE,17,HOMEIMPROVEMENT,A,3200,7.37,0,0.09,N,6
33,95000,MORTGAGE,17,MEDICAL,A,12000,7.29,0,0.13,N,6
33,36000,RENT,9,PERSONAL,A,12000,7.29,1,0.33,N,6
33,51996,RENT,4,DEBTCONSOLIDATION,A,10000,7.14,0,0.19,N,6
33,178650,MORTGAGE,5,HOMEIMPROVEMENT,A,20000,6.99,0,0.11,N,6
33,57800,MORTGAGE,12,MEDICAL,A,7000,6.99,0,0.12,N,6
33,55000,RENT,5,PERSONAL,A,3600,6.99,0,0.07,N,6
33,43337,RENT,17,PERSONAL,A,10000,6.92,0,0.23,N,6
33,56000,RENT,1,EDUCATION,A,6500,6.76,0,0.12,N,6
33,140000,MORTGAGE,2,HOMEIMPROVEMENT,A,6000,6.76,0,0.04,N,6
33,56000,MORTGAGE,13,MEDICAL,A,12000,6.62,0,0.21,N,6
33,69000,MORTGAGE,5,DEBTCONSOLIDATION,A,20000,6.54,0,0.29,N,6
33,55000,MORTGAGE,5,PERSONAL,A,15000,6.54,0,0.27,N,6
33,62000,MORTGAGE,3,HOMEIMPROVEMENT,A,3700,6.39,0,0.06,N,6
33,117000,MORTGAGE,17,HOMEIMPROVEMENT,A,20000,6.17,0,0.17,N,6
33,400000,MORTGAGE,9,MEDICAL,A,15000,6.03,0,0.04,N,6
33,90000,RENT,0,DEBTCONSOLIDATION,A,12000,6.03,0,0.13,N,6
33,70000,MORTGAGE,2,DEBTCONSOLIDATION,A,3700,5.99,0,0.05,N,6
33,16620,OWN,,HOMEIMPROVEMENT,A,3000,5.99,1,0.18,N,6
33,30000,MORTGAGE,17,HOMEIMPROVEMENT,A,10000,5.79,0,0.33,N,6
33,140000,MORTGAGE,8,VENTURE,A,8000,5.79,0,0.06,N,6
33,31500,RENT,16,MEDICAL,A,7200,5.79,0,0.23,N,6
33,115000,MORTGAGE,1,DEBTCONSOLIDATION,A,16800,5.42,0,0.15,N,6
33,35000,MORTGAGE,2,PERSONAL,A,6000,5.42,0,0.17,N,6
33,63996,MORTGAGE,15,DEBTCONSOLIDATION,A,3200,5.42,0,0.05,N,6
33,44500,OWN,6,EDUCATION,B,20000,,0,0.45,N,6
33,75000,RENT,4,HOMEIMPROVEMENT,A,10000,,0,0.13,N,6
33,44784,RENT,2,EDUCATION,D,10000,,1,0.22,N,6
33,66500,MORTGAGE,1,EDUCATION,A,9200,,0,0.14,N,6
33,36500,MORTGAGE,4,HOMEIMPROVEMENT,A,8500,,0,0.23,N,6
33,94000,RENT,4,VENTURE,A,7200,,0,0.08,N,6
33,100000,MORTGAGE,2,VENTURE,C,7000,,0,0.07,N,6
33,102000,RENT,2,MEDICAL,D,3600,,1,0.03,Y,6
33,18000,RENT,0,DEBTCONSOLIDATION,A,500,,0,0.03,N,6
33,79985,MORTGAGE,6,EDUCATION,F,8000,21.36,0,0.1,N,5
33,163400,MORTGAGE,17,EDUCATION,E,10000,18.39,1,0.06,N,5
33,39000,RENT,4,DEBTCONSOLIDATION,E,15000,17.56,1,0.38,Y,5
33,103560,RENT,5,EDUCATION,E,14000,17.56,0,0.14,N,5
33,55259,RENT,15,EDUCATION,D,11200,17.49,0,0.2,N,5
33,114000,MORTGAGE,0,EDUCATION,D,16000,16.77,0,0.14,N,5
33,36000,MORTGAGE,2,EDUCATION,E,6625,16.4,0,0.18,N,5
33,158000,MORTGAGE,11,PERSONAL,E,15000,16.32,1,0.09,Y,5
33,57500,RENT,2,HOMEIMPROVEMENT,D,21000,16.29,1,0.37,Y,5
33,60000,MORTGAGE,1,VENTURE,D,17000,16.07,0,0.28,Y,5
33,72250,MORTGAGE,0,MEDICAL,D,25000,16,1,0.29,Y,5
33,117300,MORTGAGE,3,MEDICAL,D,16000,15.99,1,0.12,N,5
33,56136,RENT,12,VENTURE,E,19000,15.68,1,0.34,Y,5
33,64000,RENT,14,VENTURE,E,11000,15.68,1,0.17,Y,5
33,70000,RENT,6,PERSONAL,D,12000,15.65,0,0.17,Y,5
33,79200,MORTGAGE,3,HOMEIMPROVEMENT,D,25000,15.58,1,0.32,N,5
33,47360,RENT,5,PERSONAL,D,4500,15.58,0,0.1,N,5
33,40000,RENT,17,EDUCATION,D,11175,14.96,0,0.28,Y,5
33,50000,RENT,6,PERSONAL,D,6000,14.96,0,0.12,Y,5
33,24000,RENT,,MEDICAL,D,1000,14.91,1,0.04,Y,5
33,153000,MORTGAGE,11,VENTURE,C,10000,14.79,0,0.07,Y,5
33,48000,RENT,0,MEDICAL,C,4000,14.65,0,0.08,N,5
33,84000,MORTGAGE,9,EDUCATION,D,20000,14.61,0,0.24,Y,5
33,170000,OWN,15,HOMEIMPROVEMENT,C,21000,14.26,0,0.12,N,5
33,34320,RENT,1,DEBTCONSOLIDATION,D,3000,14.11,1,0.09,N,5
33,120000,RENT,1,PERSONAL,C,9150,13.99,0,0.08,N,5
33,148000,MORTGAGE,17,VENTURE,C,8000,13.98,0,0.05,Y,5
33,86000,MORTGAGE,6,DEBTCONSOLIDATION,C,3600,13.98,1,0.04,N,5
33,52000,MORTGAGE,1,EDUCATION,C,12000,13.85,0,0.23,N,5
33,50000,RENT,5,EDUCATION,C,3600,13.8,0,0.07,N,5
33,96000,MORTGAGE,0,DEBTCONSOLIDATION,C,8000,13.72,0,0.08,N,5
33,120999,MORTGAGE,7,HOMEIMPROVEMENT,C,15200,13.61,0,0.13,Y,5
33,121000,MORTGAGE,0,EDUCATION,C,17600,13.57,0,0.15,N,5
33,38400,RENT,,EDUCATION,C,7500,13.49,0,0.2,N,5
33,35600,RENT,1,VENTURE,C,6000,13.49,1,0.17,N,5
33,114400,MORTGAGE,3,PERSONAL,C,20000,13.48,0,0.17,N,5
33,33036,RENT,4,VENTURE,C,13800,13.47,1,0.42,Y,5
33,23004,RENT,6,PERSONAL,C,3000,13.43,0,0.13,Y,5
33,55000,RENT,3,EDUCATION,C,6000,13.35,0,0.11,Y,5
33,44000,RENT,2,MEDICAL,C,9600,13.16,0,0.22,Y,5
33,40000,MORTGAGE,3,EDUCATION,C,9000,13.16,0,0.23,N,5
33,18720,OWN,0,MEDICAL,C,3500,13.16,1,0.19,N,5
33,62800,RENT,3,PERSONAL,C,16000,13.11,0,0.25,Y,5
33,116000,MORTGAGE,2,HOMEIMPROVEMENT,C,5000,12.99,1,0.04,N,5
33,90000,MORTGAGE,4,EDUCATION,C,12000,12.98,0,0.13,N,5
33,97000,RENT,4,HOMEIMPROVEMENT,C,7000,12.98,0,0.07,N,5
33,95000,MORTGAGE,1,EDUCATION,D,24000,12.92,0,0.25,Y,5
33,53000,RENT,1,HOMEIMPROVEMENT,C,12000,12.84,0,0.23,N,5
33,53000,RENT,1,MEDICAL,C,12000,12.84,0,0.23,Y,5
33,49548,RENT,6,DEBTCONSOLIDATION,C,2800,12.84,0,0.06,Y,5
33,112732,OWN,5,PERSONAL,B,5000,12.69,0,0.04,N,5
33,42000,RENT,4,MEDICAL,C,3600,12.68,0,0.09,Y,5
33,66000,MORTGAGE,2,PERSONAL,D,20000,12.61,0,0.3,Y,5
33,33000,RENT,4,PERSONAL,B,16750,12.53,1,0.51,N,5
33,48000,MORTGAGE,7,PERSONAL,B,7000,12.42,1,0.15,N,5
33,75500,RENT,5,VENTURE,B,3000,12.42,0,0.04,N,5
33,72000,RENT,3,MEDICAL,B,12000,11.99,0,0.17,N,5
33,30000,RENT,14,EDUCATION,B,7500,11.86,1,0.25,N,5
33,135000,OWN,0,VENTURE,B,17500,11.83,0,0.13,N,5
33,74400,RENT,7,EDUCATION,B,3000,11.83,1,0.04,N,5
33,14400,RENT,2,MEDICAL,B,3000,11.83,1,0.21,N,5
33,114996,MORTGAGE,0,PERSONAL,B,7450,11.71,0,0.06,N,5
33,20988,OWN,2,PERSONAL,B,3600,11.71,0,0.17,N,5
33,69996,RENT,2,HOMEIMPROVEMENT,B,9000,11.58,0,0.13,N,5
33,109000,MORTGAGE,,MEDICAL,B,15000,11.49,0,0.14,N,5
33,58800,RENT,10,VENTURE,B,3000,11.49,0,0.05,N,5
33,62000,RENT,4,EDUCATION,B,8000,11.48,0,0.13,N,5
33,125000,RENT,5,DEBTCONSOLIDATION,B,25000,11.36,0,0.2,N,5
33,108000,RENT,11,VENTURE,B,3000,11.36,0,0.03,N,5
33,115000,OWN,2,VENTURE,B,14400,11.14,0,0.13,N,5
33,72000,RENT,9,PERSONAL,B,9000,11.14,0,0.13,N,5
33,90000,MORTGAGE,5,EDUCATION,C,22000,11.03,0,0.24,N,5
33,35000,MORTGAGE,3,HOMEIMPROVEMENT,B,10000,10.99,0,0.29,N,5
33,110000,RENT,3,HOMEIMPROVEMENT,B,12000,10.65,0,0.11,N,5
33,55000,MORTGAGE,7,HOMEIMPROVEMENT,B,3500,10.65,0,0.06,N,5
33,70632,MORTGAGE,,MEDICAL,B,1500,10.65,0,0.02,N,5
33,58000,MORTGAGE,7,DEBTCONSOLIDATION,B,15000,10.62,1,0.26,N,5
33,59450,MORTGAGE,1,PERSONAL,B,3000,10.38,0,0.05,N,5
33,410000,MORTGAGE,3,HOMEIMPROVEMENT,B,35000,10.37,0,0.09,N,5
33,42597,RENT,5,VENTURE,B,9000,10.37,0,0.21,N,5
33,110000,MORTGAGE,7,MEDICAL,B,23800,10.25,0,0.22,N,5
33,91384,MORTGAGE,17,EDUCATION,B,1600,10.25,0,0.02,N,5
33,38196,RENT,1,MEDICAL,B,4000,10,0,0.1,N,5
33,30000,RENT,3,EDUCATION,B,11975,9.99,1,0.4,N,5
33,50000,MORTGAGE,7,PERSONAL,B,10000,9.99,0,0.2,N,5
33,34000,RENT,6,DEBTCONSOLIDATION,B,8000,9.99,0,0.24,N,5
33,58000,RENT,0,VENTURE,B,14400,9.91,0,0.25,N,5
33,30000,RENT,2,VENTURE,B,2400,9.91,0,0.08,N,5
33,40000,RENT,15,PERSONAL,B,15000,9.88,1,0.38,N,5
33,28800,RENT,5,MEDICAL,B,4000,9.88,0,0.14,N,5
33,18000,RENT,1,HOMEIMPROVEMENT,B,1600,9.88,1,0.09,N,5
33,69000,RENT,8,HOMEIMPROVEMENT,B,7400,9.76,0,0.11,N,5
33,53000,RENT,4,DEBTCONSOLIDATION,B,3600,9.25,0,0.07,N,5
33,90000,MORTGAGE,5,VENTURE,A,4200,8.94,0,0.05,N,5
33,54000,RENT,13,VENTURE,A,10000,8.9,0,0.19,N,5
33,24000,RENT,6,DEBTCONSOLIDATION,A,10000,8.9,1,0.42,N,5
33,35000,RENT,0,PERSONAL,A,5000,8.9,0,0.14,N,5
33,60000,RENT,7,HOMEIMPROVEMENT,A,18000,8.49,0,0.3,N,5
33,35000,OWN,4,VENTURE,A,10000,8.49,0,0.29,N,5
33,45000,RENT,2,EDUCATION,A,9600,8.49,0,0.21,N,5
33,60000,RENT,3,PERSONAL,A,9000,8.49,0,0.15,N,5
33,55070,RENT,0,MEDICAL,A,9000,8.49,0,0.16,N,5
33,30000,RENT,0,PERSONAL,A,6500,8.49,0,0.22,N,5
33,320000,MORTGAGE,2,VENTURE,A,14000,7.91,0,0.04,N,5
33,125000,MORTGAGE,2,MEDICAL,A,20000,7.88,0,0.16,N,5
33,57000,MORTGAGE,4,DEBTCONSOLIDATION,A,13000,7.88,0,0.23,N,5
33,45000,RENT,4,EDUCATION,A,12000,7.88,0,0.27,N,5
33,35000,RENT,0,MEDICAL,A,4000,7.88,0,0.11,N,5
33,56000,RENT,2,EDUCATION,A,10000,7.74,0,0.18,N,5
33,67000,RENT,1,VENTURE,A,6500,7.74,0,0.1,N,5
33,76248,MORTGAGE,17,MEDICAL,A,10400,7.66,0,0.14,N,5
33,76248,MORTGAGE,17,EDUCATION,A,10400,7.66,0,0.14,N,5
33,40800,MORTGAGE,,DEBTCONSOLIDATION,A,15000,7.51,0,0.37,N,5
33,50000,RENT,1,DEBTCONSOLIDATION,A,9000,7.51,0,0.18,N,5
33,35360,MORTGAGE,7,MEDICAL,A,6350,7.51,0,0.18,N,5
33,75000,MORTGAGE,6,VENTURE,A,6000,7.51,0,0.08,N,5
33,82150,RENT,4,HOMEIMPROVEMENT,A,5000,7.51,0,0.06,N,5
33,95000,RENT,6,HOMEIMPROVEMENT,A,3200,7.51,0,0.03,N,5
33,15500,RENT,1,MEDICAL,A,3000,7.51,1,0.19,N,5
33,52000,MORTGAGE,4,HOMEIMPROVEMENT,A,1800,7.51,0,0.03,N,5
33,64000,MORTGAGE,3,VENTURE,A,8800,7.49,0,0.14,N,5
33,101000,MORTGAGE,8,DEBTCONSOLIDATION,A,5000,7.49,0,0.05,N,5
33,24720,RENT,5,DEBTCONSOLIDATION,A,5000,7.49,0,0.2,N,5
33,39504,MORTGAGE,17,EDUCATION,A,3000,7.37,0,0.08,N,5
33,30000,RENT,11,MEDICAL,A,2000,7.29,0,0.07,N,5
33,30000,MORTGAGE,8,VENTURE,A,12000,7.14,0,0.4,N,5
33,16000,MORTGAGE,0,MEDICAL,A,6000,7.14,1,0.38,N,5
33,72000,MORTGAGE,,PERSONAL,A,5000,6.99,0,0.07,N,5
33,37200,MORTGAGE,3,EDUCATION,A,3000,6.92,0,0.08,N,5
33,98000,RENT,2,EDUCATION,A,20000,6.91,0,0.2,N,5
33,140000,MORTGAGE,14,DEBTCONSOLIDATION,A,9600,6.91,0,0.07,N,5
33,51000,MORTGAGE,12,MEDICAL,A,7200,6.76,0,0.14,N,5
33,75000,OWN,5,HOMEIMPROVEMENT,A,17000,6.54,0,0.23,N,5
33,33000,MORTGAGE,6,HOMEIMPROVEMENT,A,6000,6.03,0,0.18,N,5
33,120000,MORTGAGE,6,MEDICAL,A,4500,5.99,0,0.04,N,5
33,92000,MORTGAGE,18,PERSONAL,A,12000,5.79,0,0.13,N,5
33,60000,RENT,5,EDUCATION,A,10000,5.79,0,0.17,N,5
33,42000,MORTGAGE,5,EDUCATION,A,9000,5.79,0,0.21,N,5
33,36000,RENT,5,DEBTCONSOLIDATION,A,7000,5.79,1,0.19,N,5
33,53000,MORTGAGE,2,MEDICAL,A,6000,5.79,0,0.11,N,5
33,72000,MORTGAGE,6,DEBTCONSOLIDATION,A,4250,5.42,0,0.06,N,5
33,72000,MORTGAGE,6,VENTURE,A,4250,5.42,0,0.06,N,5
33,40000,MORTGAGE,4,PERSONAL,A,12000,,0,0.3,N,5
33,85000,RENT,0,PERSONAL,B,10000,,0,0.12,N,5
33,70000,RENT,10,DEBTCONSOLIDATION,A,9500,,0,0.14,N,5
33,38604,RENT,0,VENTURE,D,7500,,1,0.19,N,5
33,21600,RENT,2,DEBTCONSOLIDATION,C,6500,,0,0.3,Y,5
33,66000,OWN,16,HOMEIMPROVEMENT,A,3500,,0,0.05,N,5
33,57500,RENT,2,DEBTCONSOLIDATION,B,2000,,0,0.03,N,5
33,57500,RENT,2,MEDICAL,B,2000,,0,0.03,N,5
32,44000,RENT,4,PERSONAL,G,5000,20.17,1,0.11,N,10
32,103000,MORTGAGE,0,EDUCATION,E,33000,18.64,1,0.32,Y,10
32,117000,RENT,0,PERSONAL,E,12000,17.93,1,0.1,Y,10
32,28800,RENT,4,PERSONAL,E,14500,16.7,1,0.5,N,10
32,50000,RENT,3,VENTURE,D,6500,16.32,0,0.13,Y,10
32,36000,RENT,4,MEDICAL,D,6000,16.07,1,0.17,Y,10
32,69996,RENT,4,VENTURE,D,25000,15.95,1,0.36,Y,10
32,75000,MORTGAGE,2,EDUCATION,D,2000,15.65,0,0.03,Y,10
32,75000,MORTGAGE,2,VENTURE,D,2000,15.65,0,0.03,Y,10
32,107400,OWN,2,MEDICAL,D,25000,15.21,0,0.23,N,10
32,18000,RENT,0,EDUCATION,D,4000,15.2,1,0.22,N,10
32,56784,OWN,3,PERSONAL,D,12000,14.96,0,0.21,Y,10
32,59000,RENT,1,PERSONAL,D,8000,14.96,1,0.14,Y,10
32,288000,MORTGAGE,8,DEBTCONSOLIDATION,D,25000,14.83,1,0.09,Y,10
32,65000,RENT,2,VENTURE,C,4200,14.79,0,0.06,N,10
32,27500,OWN,1,VENTURE,D,5000,14.59,0,0.18,Y,10
32,176000,MORTGAGE,15,PERSONAL,D,2400,14.42,0,0.01,Y,10
32,164000,MORTGAGE,15,DEBTCONSOLIDATION,D,2400,14.42,1,0.01,N,10
32,83000,RENT,6,PERSONAL,E,20000,14.38,0,0.24,N,10
32,28800,RENT,7,PERSONAL,C,9450,14.27,1,0.33,Y,10
32,88500,MORTGAGE,5,MEDICAL,C,2700,14.27,0,0.03,N,10
32,307000,OWN,10,VENTURE,C,11000,14.26,0,0.04,Y,10
32,39000,RENT,5,MEDICAL,D,5000,14.09,1,0.13,N,10
32,55000,MORTGAGE,4,HOMEIMPROVEMENT,C,6500,13.98,0,0.12,N,10
32,53500,RENT,1,PERSONAL,C,4200,13.98,0,0.08,Y,10
32,75000,MORTGAGE,10,PERSONAL,C,22000,13.92,0,0.29,N,10
32,225000,MORTGAGE,4,PERSONAL,C,20000,13.92,0,0.09,N,10
32,55000,MORTGAGE,0,MEDICAL,C,9000,13.85,0,0.16,N,10
32,58000,OWN,3,VENTURE,C,8000,13.85,0,0.14,N,10
32,88000,MORTGAGE,13,DEBTCONSOLIDATION,C,17600,13.49,1,0.2,Y,10
32,50000,RENT,3,MEDICAL,C,2500,13.49,0,0.05,N,10
32,11688,RENT,,PERSONAL,C,5600,13.48,1,0.48,Y,10
32,37120,RENT,7,PERSONAL,C,7000,13.47,0,0.19,Y,10
32,65000,OWN,3,EDUCATION,C,12000,13.35,0,0.18,N,10
32,52000,RENT,3,EDUCATION,C,4200,13.23,0,0.08,Y,10
32,90000,RENT,11,HOMEIMPROVEMENT,C,20000,13.22,0,0.22,Y,10
32,59363,RENT,2,PERSONAL,C,6000,13.22,0,0.1,Y,10
32,36000,OWN,0,MEDICAL,C,4900,13.22,0,0.14,N,10
32,64500,MORTGAGE,3,EDUCATION,C,19400,13.11,1,0.3,Y,10
32,26000,OWN,4,VENTURE,C,13750,13.11,0,0.53,Y,10
32,62500,MORTGAGE,3,PERSONAL,C,3800,13.11,1,0.06,N,10
32,93000,MORTGAGE,9,DEBTCONSOLIDATION,C,15000,12.99,0,0.16,N,10
32,300000,MORTGAGE,2,MEDICAL,C,24000,12.87,0,0.08,N,10
32,78000,RENT,0,VENTURE,C,13000,12.87,0,0.17,Y,10
32,78000,RENT,0,EDUCATION,C,13000,12.87,0,0.17,Y,10
32,27000,RENT,2,MEDICAL,C,6000,12.73,0,0.22,N,10
32,64000,RENT,1,EDUCATION,B,10000,12.69,0,0.16,N,10
32,115000,RENT,2,EDUCATION,B,4000,12.69,0,0.03,N,10
32,79872,MORTGAGE,4,DEBTCONSOLIDATION,C,12000,12.68,0,0.15,N,10
32,25000,RENT,4,MEDICAL,C,11700,12.68,1,0.47,Y,10
32,40000,OWN,2,VENTURE,C,7000,12.68,0,0.17,Y,10
32,75000,MORTGAGE,16,EDUCATION,C,5000,12.61,0,0.07,Y,10
32,36000,MORTGAGE,0,DEBTCONSOLIDATION,C,1800,12.61,0,0.05,N,10
32,227500,RENT,3,HOMEIMPROVEMENT,C,25000,12.53,0,0.11,N,10
32,108000,MORTGAGE,11,VENTURE,C,20000,12.53,0,0.19,Y,10
32,54000,MORTGAGE,9,VENTURE,C,13000,12.53,0,0.24,N,10
32,54000,MORTGAGE,9,VENTURE,C,13000,12.53,0,0.24,Y,10
32,50000,RENT,16,DEBTCONSOLIDATION,B,12000,12.53,0,0.24,N,10
32,74000,MORTGAGE,16,EDUCATION,B,13650,12.42,1,0.18,N,10
32,98300,MORTGAGE,3,VENTURE,C,5000,12.23,0,0.05,N,10
32,48000,RENT,8,DEBTCONSOLIDATION,C,5000,11.97,0,0.1,Y,10
32,40000,RENT,3,DEBTCONSOLIDATION,B,12000,11.89,0,0.3,N,10
32,24000,RENT,,MEDICAL,B,3500,11.86,0,0.15,N,10
32,348000,MORTGAGE,16,PERSONAL,B,25000,11.83,0,0.07,N,10
32,60000,MORTGAGE,4,PERSONAL,B,13250,11.83,0,0.22,N,10
32,36000,RENT,2,VENTURE,B,5000,11.83,0,0.14,N,10
32,125000,MORTGAGE,3,VENTURE,B,21000,11.71,0,0.17,N,10
32,30000,RENT,0,PERSONAL,B,3500,11.71,1,0.12,N,10
32,85000,RENT,9,EDUCATION,B,7200,11.58,0,0.08,N,10
32,108000,MORTGAGE,5,VENTURE,B,12000,11.49,0,0.11,N,10
32,30960,RENT,5,VENTURE,B,5000,11.49,0,0.16,N,10
32,32004,RENT,16,MEDICAL,B,4000,11.49,0,0.12,N,10
32,250000,MORTGAGE,7,EDUCATION,B,20000,11.48,0,0.08,N,10
32,110000,OWN,16,EDUCATION,B,9000,11.48,0,0.08,N,10
32,45000,RENT,0,EDUCATION,B,5600,11.36,0,0.12,N,10
32,58000,RENT,4,PERSONAL,B,12000,11.26,0,0.21,N,10
32,53100,MORTGAGE,14,MEDICAL,B,7500,11.26,0,0.14,N,10
32,25000,RENT,12,VENTURE,B,5500,11.11,0,0.22,N,10
32,60000,MORTGAGE,11,PERSONAL,C,7500,11.03,0,0.13,Y,10
32,25000,OWN,15,MEDICAL,B,9175,10.99,0,0.37,N,10
32,80000,RENT,1,MEDICAL,B,6400,10.99,0,0.08,N,10
32,60000,RENT,3,HOMEIMPROVEMENT,B,4000,10.99,0,0.07,N,10
32,53408,MORTGAGE,8,VENTURE,B,1400,10.99,0,0.03,N,10
32,58000,RENT,3,MEDICAL,B,10000,10.96,0,0.17,N,10
32,70000,RENT,1,DEBTCONSOLIDATION,B,9450,10.83,0,0.14,N,10
32,85000,MORTGAGE,1,HOMEIMPROVEMENT,C,7500,10.78,0,0.09,N,10
32,85000,MORTGAGE,1,EDUCATION,C,7500,10.78,0,0.09,Y,10
32,120000,MORTGAGE,16,HOMEIMPROVEMENT,B,5600,10.75,0,0.05,N,10
32,93000,MORTGAGE,16,VENTURE,B,21000,10.74,0,0.23,N,10
32,80000,RENT,6,HOMEIMPROVEMENT,B,1500,10.74,0,0.02,N,10
32,74000,OWN,3,PERSONAL,B,5000,10.62,0,0.07,N,10
32,50000,RENT,3,HOMEIMPROVEMENT,B,11100,10.59,0,0.22,N,10
32,33280,MORTGAGE,6,HOMEIMPROVEMENT,B,2400,10.59,0,0.07,N,10
32,38400,RENT,1,VENTURE,B,10000,10.39,0,0.26,N,10
32,75000,MORTGAGE,3,VENTURE,B,10000,10.38,0,0.13,N,10
32,140000,MORTGAGE,3,HOMEIMPROVEMENT,B,5000,10.38,0,0.04,N,10
32,81000,MORTGAGE,1,PERSONAL,B,10000,10.37,0,0.12,N,10
32,39600,RENT,2,MEDICAL,B,8000,9.91,0,0.2,N,10
32,84456,RENT,5,DEBTCONSOLIDATION,B,10000,9.88,0,0.12,N,10
32,37000,RENT,1,MEDICAL,B,15000,9.62,1,0.41,N,10
32,84996,MORTGAGE,4,PERSONAL,A,9000,9.32,0,0.11,N,10
32,42000,RENT,1,DEBTCONSOLIDATION,A,5800,9.32,0,0.14,N,10
32,74000,MORTGAGE,0,PERSONAL,A,1800,8.94,0,0.02,N,10
32,98056,MORTGAGE,10,DEBTCONSOLIDATION,B,6000,8.88,0,0.06,N,10
32,60040,RENT,1,VENTURE,B,5000,8.88,0,0.08,N,10
32,52000,RENT,0,PERSONAL,B,2500,8.88,0,0.05,N,10
32,122004,MORTGAGE,13,MEDICAL,A,10000,8.59,0,0.08,N,10
32,55000,RENT,5,MEDICAL,A,10000,8.49,0,0.18,N,10
32,25000,RENT,1,DEBTCONSOLIDATION,A,10000,8.49,1,0.4,N,10
32,25000,RENT,1,MEDICAL,A,10000,8.49,1,0.4,N,10
32,72000,RENT,5,VENTURE,A,6000,8.49,0,0.08,N,10
32,21600,RENT,4,DEBTCONSOLIDATION,A,4000,8.07,0,0.19,N,10
32,150000,MORTGAGE,11,PERSONAL,A,20000,7.9,0,0.13,N,10
32,180000,MORTGAGE,12,PERSONAL,A,10000,7.9,0,0.06,N,10
32,115000,MORTGAGE,0,HOMEIMPROVEMENT,A,7200,7.9,0,0.06,N,10
32,70000,OWN,1,MEDICAL,A,14400,7.88,0,0.21,N,10
32,80000,MORTGAGE,6,EDUCATION,A,13000,7.88,0,0.16,N,10
32,45000,RENT,1,PERSONAL,A,5000,7.88,0,0.11,N,10
32,49200,MORTGAGE,5,HOMEIMPROVEMENT,A,5000,7.74,0,0.1,N,10
32,34000,RENT,4,VENTURE,A,4000,7.74,0,0.12,N,10
32,52800,MORTGAGE,2,HOMEIMPROVEMENT,A,24000,7.51,0,0.45,N,10
32,46700,MORTGAGE,16,HOMEIMPROVEMENT,A,11325,7.51,0,0.24,N,10
32,47900,RENT,2,MEDICAL,A,11000,7.51,0,0.23,N,10
32,51400,RENT,1,HOMEIMPROVEMENT,A,8000,7.51,0,0.16,N,10
32,26400,RENT,0,EDUCATION,A,8000,7.51,0,0.3,N,10
32,28800,RENT,3,MEDICAL,A,7000,7.51,0,0.24,N,10
32,95000,MORTGAGE,2,PERSONAL,A,5000,7.51,0,0.05,N,10
32,17040,RENT,,EDUCATION,A,2500,7.51,0,0.15,N,10
32,70000,MORTGAGE,5,VENTURE,A,14000,7.49,0,0.2,N,10
32,50000,OWN,16,MEDICAL,A,8000,7.49,0,0.16,N,10
32,52000,RENT,0,PERSONAL,A,7125,7.49,0,0.14,N,10
32,42000,RENT,4,MEDICAL,A,3000,7.49,0,0.07,N,10
32,36000,MORTGAGE,7,PERSONAL,A,2600,7.49,0,0.07,N,10
32,75000,RENT,3,HOMEIMPROVEMENT,A,10000,7.29,0,0.13,N,10
32,73000,MORTGAGE,3,HOMEIMPROVEMENT,A,8500,7.29,0,0.12,N,10
32,66000,RENT,1,HOMEIMPROVEMENT,A,8000,7.29,0,0.12,N,10
32,70000,MORTGAGE,16,HOMEIMPROVEMENT,A,9000,7.14,0,0.13,N,10
32,99996,MORTGAGE,16,DEBTCONSOLIDATION,A,7000,7.14,0,0.07,N,10
32,100000,MORTGAGE,4,PERSONAL,A,6000,7.14,0,0.06,N,10
32,61200,MORTGAGE,,HOMEIMPROVEMENT,A,15000,6.99,0,0.25,N,10
32,78000,MORTGAGE,3,DEBTCONSOLIDATION,A,8000,6.99,0,0.1,N,10
32,45000,MORTGAGE,8,DEBTCONSOLIDATION,A,2100,6.99,0,0.05,N,10
32,48000,RENT,9,PERSONAL,A,5000,6.92,0,0.1,N,10
32,140304,MORTGAGE,8,MEDICAL,A,20000,6.91,0,0.14,N,10
32,50000,MORTGAGE,5,MEDICAL,A,9600,6.76,0,0.19,N,10
32,63000,RENT,4,VENTURE,A,12000,6.62,0,0.19,N,10
32,80000,RENT,3,HOMEIMPROVEMENT,A,12000,6.62,0,0.15,N,10
32,125000,MORTGAGE,4,EDUCATION,A,9000,6.62,0,0.07,N,10
32,19000,RENT,1,VENTURE,A,8325,6.62,1,0.44,N,10
32,150000,MORTGAGE,16,MEDICAL,A,16000,6.03,0,0.11,N,10
32,75000,MORTGAGE,8,MEDICAL,A,14000,6.03,0,0.19,N,10
32,86400,MORTGAGE,16,MEDICAL,A,8000,6.03,0,0.09,N,10
32,66300,MORTGAGE,5,DEBTCONSOLIDATION,A,6075,6.03,0,0.09,N,10
32,40000,MORTGAGE,16,DEBTCONSOLIDATION,A,16000,5.99,0,0.4,N,10
32,35100,RENT,,EDUCATION,A,12000,5.99,1,0.34,N,10
32,110000,MORTGAGE,3,MEDICAL,A,9200,5.79,0,0.08,N,10
32,42000,MORTGAGE,,PERSONAL,A,1225,5.79,0,0.03,N,10
32,93000,MORTGAGE,0,DEBTCONSOLIDATION,A,10000,5.42,0,0.11,N,10
32,112445,MORTGAGE,4,DEBTCONSOLIDATION,A,6000,5.42,0,0.05,N,10
32,100000,MORTGAGE,17,MEDICAL,A,4500,5.42,0,0.04,N,10
32,72500,MORTGAGE,4,HOMEIMPROVEMENT,A,4000,5.42,0,0.06,N,10
32,100000,MORTGAGE,2,MEDICAL,C,35000,,0,0.35,N,10
32,129000,RENT,0,MEDICAL,B,20000,,0,0.16,N,10
32,135000,MORTGAGE,1,DEBTCONSOLIDATION,B,16000,,0,0.12,N,10
32,130000,RENT,0,PERSONAL,A,16000,,0,0.12,N,10
32,180000,MORTGAGE,2,PERSONAL,C,15600,,0,0.09,Y,10
32,52392,RENT,9,HOMEIMPROVEMENT,B,14000,,0,0.27,N,10
32,77500,MORTGAGE,3,PERSONAL,B,13000,,0,0.17,N,10
32,21120,RENT,0,VENTURE,A,10000,,1,0.47,N,10
32,50000,RENT,16,HOMEIMPROVEMENT,D,6400,,0,0.13,Y,10
32,74280,MORTGAGE,4,DEBTCONSOLIDATION,B,6400,,0,0.09,N,10
32,105000,RENT,3,HOMEIMPROVEMENT,C,3000,,0,0.03,N,10
32,119004,RENT,0,HOMEIMPROVEMENT,A,2500,,0,0.02,N,10
32,120000,MORTGAGE,13,EDUCATION,B,2000,,0,0.02,N,10
32,43625,RENT,2,PERSONAL,B,1500,,0,0.03,N,10
32,220000,MORTGAGE,13,HOMEIMPROVEMENT,E,33000,20.3,0,0.15,N,9
32,96000,RENT,14,DEBTCONSOLIDATION,E,4000,17.93,1,0.04,Y,9
32,150000,MORTGAGE,0,PERSONAL,E,24000,17.04,0,0.16,Y,9
32,120000,MORTGAGE,7,PERSONAL,D,28250,16.77,0,0.24,Y,9
32,31000,RENT,2,HOMEIMPROVEMENT,D,7400,16.77,1,0.24,Y,9
32,25000,OWN,2,VENTURE,D,5000,16.32,0,0.2,Y,9
32,24000,OWN,2,PERSONAL,D,5000,16.29,0,0.21,N,9
32,46000,RENT,0,HOMEIMPROVEMENT,D,3000,16.29,1,0.07,N,9
32,91800,MORTGAGE,13,MEDICAL,D,8400,15.99,1,0.08,N,9
32,75000,MORTGAGE,14,PERSONAL,C,5600,15.96,0,0.07,Y,9
32,123000,MORTGAGE,16,VENTURE,E,15200,15.95,0,0.12,Y,9
32,71000,RENT,2,EDUCATION,D,15000,15.95,1,0.21,N,9
32,29100,MORTGAGE,3,MEDICAL,D,10000,15.95,1,0.34,Y,9
32,50004,RENT,5,EDUCATION,D,2200,15.65,0,0.04,Y,9
32,703800,RENT,14,MEDICAL,D,12000,15.33,1,0.01,Y,9
32,32004,RENT,10,DEBTCONSOLIDATION,C,10400,15.27,1,0.32,N,9
32,28000,MORTGAGE,7,MEDICAL,D,6000,15.21,1,0.21,N,9
32,41000,MORTGAGE,2,PERSONAL,D,8000,15.05,0,0.2,N,9
32,32000,RENT,1,HOMEIMPROVEMENT,D,7000,14.91,1,0.22,Y,9
32,95000,MORTGAGE,13,HOMEIMPROVEMENT,D,8000,14.84,0,0.08,N,9
32,60000,MORTGAGE,2,EDUCATION,D,15000,14.83,0,0.25,N,9
32,140900,RENT,1,PERSONAL,C,10000,14.79,0,0.07,Y,9
32,86700,MORTGAGE,16,MEDICAL,D,20000,14.74,1,0.2,N,9
32,75000,RENT,3,VENTURE,D,12800,14.74,0,0.17,Y,9
32,68000,MORTGAGE,6,EDUCATION,C,1000,14.72,1,0.01,Y,9
32,107800,OWN,3,PERSONAL,C,5200,14.65,0,0.05,N,9
32,105000,MORTGAGE,17,MEDICAL,C,5000,14.65,0,0.05,N,9
32,38000,OWN,2,VENTURE,C,4000,14.65,0,0.11,N,9
32,96000,RENT,7,PERSONAL,D,20000,14.42,0,0.21,N,9
32,55000,RENT,4,VENTURE,D,10000,14.42,0,0.18,Y,9
32,54000,RENT,7,DEBTCONSOLIDATION,D,1500,14.42,1,0.03,N,9
32,138000,MORTGAGE,5,VENTURE,C,16800,14.35,0,0.12,N,9
32,30000,RENT,3,MEDICAL,D,3600,14.11,1,0.12,Y,9
32,36000,RENT,5,DEBTCONSOLIDATION,D,1600,14.09,1,0.04,Y,9
32,65280,RENT,0,PERSONAL,C,8400,13.61,0,0.13,N,9
32,35000,MORTGAGE,2,PERSONAL,C,6075,13.49,0,0.17,N,9
32,34200,RENT,0,VENTURE,C,4000,13.48,0,0.12,Y,9
32,65000,OWN,3,PERSONAL,C,12000,13.35,0,0.18,Y,9
32,76500,RENT,12,MEDICAL,D,10000,13.24,1,0.11,Y,9
32,86000,RENT,4,EDUCATION,C,1600,13.23,0,0.02,Y,9
32,73000,MORTGAGE,7,PERSONAL,C,4750,13.11,1,0.07,Y,9
32,150000,MORTGAGE,17,VENTURE,C,12000,12.99,0,0.08,Y,9
32,52500,MORTGAGE,9,HOMEIMPROVEMENT,C,7000,12.99,0,0.13,N,9
32,27385,MORTGAGE,3,HOMEIMPROVEMENT,C,2000,12.99,1,0.07,Y,9
32,80000,RENT,1,MEDICAL,C,25000,12.87,1,0.31,N,9
32,153000,MORTGAGE,5,VENTURE,C,8400,12.84,0,0.05,N,9
32,30000,RENT,1,DEBTCONSOLIDATION,C,13750,12.73,1,0.46,Y,9
32,4200,RENT,,PERSONAL,C,1200,12.73,1,0.29,N,9
32,45000,MORTGAGE,0,VENTURE,B,14000,12.69,0,0.31,N,9
32,45000,MORTGAGE,,PERSONAL,B,7200,12.69,0,0.16,N,9
32,37300,RENT,2,VENTURE,B,5000,12.53,0,0.13,N,9
32,38000,RENT,2,DEBTCONSOLIDATION,B,12000,12.42,1,0.32,N,9
32,60000,RENT,0,PERSONAL,B,10000,12.42,0,0.17,N,9
32,60000,RENT,5,MEDICAL,C,1925,12.29,0,0.03,Y,9
32,97000,MORTGAGE,6,HOMEIMPROVEMENT,B,5500,12.18,0,0.06,N,9
32,36000,RENT,,VENTURE,B,10000,11.99,0,0.28,N,9
32,96000,RENT,1,PERSONAL,B,5000,11.99,0,0.05,N,9
32,95000,RENT,1,DEBTCONSOLIDATION,B,19200,11.89,0,0.2,N,9
32,53196,RENT,9,VENTURE,B,25000,11.86,1,0.47,N,9
32,37000,MORTGAGE,11,HOMEIMPROVEMENT,B,12000,11.86,0,0.32,N,9
32,150000,MORTGAGE,4,DEBTCONSOLIDATION,B,7800,11.86,0,0.05,N,9
32,86496,RENT,6,HOMEIMPROVEMENT,B,12000,11.71,0,0.14,N,9
32,66000,RENT,4,MEDICAL,B,10000,11.71,0,0.15,N,9
32,45996,RENT,2,MEDICAL,B,1800,11.58,0,0.04,N,9
32,32004,RENT,16,MEDICAL,B,4000,11.49,0,0.12,N,9
32,110000,MORTGAGE,0,VENTURE,B,23000,11.48,0,0.21,N,9
32,90000,MORTGAGE,2,PERSONAL,B,25000,11.36,0,0.28,N,9
32,62000,MORTGAGE,3,EDUCATION,B,20000,11.36,0,0.32,N,9
32,51000,MORTGAGE,2,DEBTCONSOLIDATION,B,15000,11.36,0,0.29,N,9
32,65453,RENT,15,MEDICAL,C,5000,11.28,1,0.06,Y,9
32,42000,OWN,0,PERSONAL,B,10400,11.14,0,0.25,N,9
32,80000,OWN,2,VENTURE,B,10000,11.14,0,0.13,N,9
32,140000,MORTGAGE,5,HOMEIMPROVEMENT,B,20000,11.12,0,0.14,N,9
32,125000,MORTGAGE,2,PERSONAL,B,20000,11.12,0,0.16,N,9
32,74000,MORTGAGE,5,VENTURE,B,15000,11.11,0,0.2,N,9
32,49000,RENT,2,HOMEIMPROVEMENT,B,12000,11.11,1,0.24,N,9
32,64000,RENT,1,EDUCATION,B,13000,10.99,0,0.2,N,9
32,49000,MORTGAGE,3,MEDICAL,B,11500,10.99,1,0.23,N,9
32,110000,MORTGAGE,5,EDUCATION,B,10000,10.99,0,0.09,N,9
32,45576,RENT,1,VENTURE,B,4000,10.99,0,0.09,N,9
32,24000,RENT,7,DEBTCONSOLIDATION,B,2800,10.99,0,0.12,N,9
32,101000,RENT,3,PERSONAL,B,20000,10.75,0,0.2,N,9
32,64052,RENT,3,HOMEIMPROVEMENT,B,4875,10.74,0,0.08,N,9
32,25591,RENT,4,VENTURE,B,5000,10.65,0,0.2,N,9
32,200000,RENT,14,VENTURE,B,25000,10.62,0,0.13,N,9
32,116000,MORTGAGE,15,EDUCATION,B,21600,10.62,0,0.19,N,9
32,48000,MORTGAGE,2,DEBTCONSOLIDATION,B,10650,10.59,0,0.22,N,9
32,28800,RENT,16,MEDICAL,B,5000,10.59,0,0.17,N,9
32,28600,RENT,3,VENTURE,B,6700,10.37,0,0.23,N,9
32,114000,RENT,17,MEDICAL,B,6000,10.37,0,0.05,N,9
32,82000,MORTGAGE,13,PERSONAL,B,10000,10.36,0,0.12,N,9
32,34900,MORTGAGE,0,PERSONAL,B,12000,10.25,0,0.34,N,9
32,67000,MORTGAGE,12,MEDICAL,B,10000,10.25,0,0.15,N,9
32,38300,RENT,4,MEDICAL,B,5000,10.25,0,0.13,N,9
32,42000,OWN,15,MEDICAL,B,1800,10.2,0,0.04,N,9
32,42000,RENT,4,DEBTCONSOLIDATION,B,5000,10.08,0,0.12,N,9
32,108000,RENT,8,PERSONAL,B,15000,10,0,0.14,N,9
32,55000,RENT,0,PERSONAL,B,8000,10,0,0.15,N,9
32,29500,MORTGAGE,4,DEBTCONSOLIDATION,B,7000,10,1,0.24,N,9
32,53000,RENT,0,DEBTCONSOLIDATION,B,5700,9.99,0,0.11,N,9
32,19200,RENT,0,EDUCATION,B,5000,9.99,1,0.26,N,9
32,43000,RENT,2,MEDICAL,B,6950,9.91,0,0.16,N,9
32,82350,RENT,16,MEDICAL,B,4000,9.91,0,0.05,N,9
32,37500,RENT,4,MEDICAL,B,3400,9.88,0,0.09,N,9
32,112000,MORTGAGE,4,EDUCATION,B,14000,9.63,0,0.13,N,9
32,156000,MORTGAGE,14,PERSONAL,B,10000,9.63,0,0.06,N,9
32,40000,RENT,3,DEBTCONSOLIDATION,B,8000,9.62,0,0.2,N,9
32,90000,MORTGAGE,7,MEDICAL,B,3000,9.25,0,0.03,N,9
32,237000,MORTGAGE,14,HOMEIMPROVEMENT,B,21000,9.2,0,0.09,N,9
32,66000,RENT,4,HOMEIMPROVEMENT,A,20000,8.9,0,0.3,N,9
32,44500,MORTGAGE,16,VENTURE,A,6000,8.9,0,0.13,N,9
32,75000,RENT,6,HOMEIMPROVEMENT,B,15000,8.88,1,0.2,N,9
32,98056,MORTGAGE,10,VENTURE,B,6000,8.88,0,0.06,N,9
32,56000,MORTGAGE,13,EDUCATION,B,3000,8.88,0,0.05,N,9
32,122004,MORTGAGE,13,HOMEIMPROVEMENT,A,10000,8.59,0,0.08,N,9
32,47000,RENT,2,EDUCATION,A,8000,8.59,0,0.17,N,9
32,50000,MORTGAGE,0,MEDICAL,A,5000,8.59,0,0.1,N,9
32,38100,MORTGAGE,0,EDUCATION,A,8400,8.38,0,0.22,N,9
32,41464,MORTGAGE,16,DEBTCONSOLIDATION,A,3500,8.32,0,0.08,N,9
32,385000,MORTGAGE,3,VENTURE,A,19925,7.9,0,0.05,N,9
32,90000,MORTGAGE,6,PERSONAL,A,15600,7.9,0,0.17,N,9
32,74346,MORTGAGE,16,MEDICAL,A,7000,7.9,0,0.09,N,9
32,44400,RENT,13,MEDICAL,A,15000,7.88,1,0.34,N,9
32,70400,MORTGAGE,3,PERSONAL,A,13000,7.88,0,0.18,N,9
32,95000,MORTGAGE,16,HOMEIMPROVEMENT,A,9000,7.88,0,0.09,N,9
32,42000,RENT,0,DEBTCONSOLIDATION,A,8400,7.88,0,0.2,N,9
32,81204,MORTGAGE,6,EDUCATION,A,3600,7.88,0,0.04,N,9
32,86800,MORTGAGE,6,HOMEIMPROVEMENT,A,2800,7.88,0,0.03,N,9
32,70000,RENT,2,PERSONAL,A,9850,7.75,0,0.14,N,9
32,30000,RENT,0,VENTURE,A,8000,7.74,0,0.27,N,9
32,24000,RENT,2,MEDICAL,A,2500,7.74,0,0.1,N,9
32,120000,RENT,11,DEBTCONSOLIDATION,A,12000,7.51,0,0.1,N,9
32,120000,RENT,11,EDUCATION,A,12000,7.51,0,0.1,N,9
32,30000,MORTGAGE,6,VENTURE,A,10000,7.51,0,0.33,N,9
32,60000,RENT,4,VENTURE,A,10000,7.51,0,0.17,N,9
32,46000,RENT,4,MEDICAL,A,9000,7.51,0,0.2,N,9
32,50000,OWN,16,HOMEIMPROVEMENT,A,8000,7.49,0,0.16,N,9
32,45000,MORTGAGE,6,MEDICAL,A,6400,7.49,0,0.14,N,9
32,150000,MORTGAGE,16,PERSONAL,A,6000,7.49,0,0.04,N,9
32,34000,MORTGAGE,5,DEBTCONSOLIDATION,A,4000,7.49,0,0.12,N,9
32,74000,MORTGAGE,1,HOMEIMPROVEMENT,A,1200,7.49,0,0.02,N,9
32,60000,RENT,16,MEDICAL,A,5000,7.29,0,0.08,N,9
32,16800,RENT,0,PERSONAL,A,5000,7.29,1,0.3,N,9
32,13200,RENT,2,PERSONAL,A,3800,7.29,1,0.29,N,9
32,24696,RENT,1,EDUCATION,A,9600,7.14,1,0.39,N,9
32,99996,MORTGAGE,16,HOMEIMPROVEMENT,A,7000,7.14,0,0.07,N,9
32,60000,MORTGAGE,15,DEBTCONSOLIDATION,A,6000,7.14,0,0.1,N,9
32,50000,MORTGAGE,0,EDUCATION,A,5400,7.14,0,0.11,N,9
32,67000,RENT,11,DEBTCONSOLIDATION,A,3000,7.14,0,0.04,N,9
32,39400,RENT,2,MEDICAL,A,2500,7.14,0,0.06,N,9
32,162000,RENT,5,VENTURE,A,20000,6.99,0,0.12,N,9
32,61200,MORTGAGE,,PERSONAL,A,15000,6.99,0,0.25,N,9
32,50000,MORTGAGE,5,PERSONAL,A,9600,6.76,0,0.19,N,9
32,41400,OWN,,PERSONAL,A,10500,6.62,0,0.25,N,9
32,19000,RENT,1,PERSONAL,A,8325,6.62,1,0.44,N,9
32,105000,MORTGAGE,11,MEDICAL,A,20000,6.54,0,0.19,N,9
32,27600,RENT,0,MEDICAL,A,7000,6.54,0,0.25,N,9
32,26400,RENT,12,VENTURE,A,12000,6.17,1,0.45,N,9
32,12000,RENT,2,EDUCATION,A,6200,6.17,1,0.52,N,9
32,54000,MORTGAGE,16,PERSONAL,A,11200,6.03,0,0.21,N,9
32,50000,OWN,,EDUCATION,A,10000,6.03,0,0.2,N,9
32,37500,RENT,6,MEDICAL,A,5000,6.03,0,0.13,N,9
32,40000,MORTGAGE,16,MEDICAL,A,16000,5.99,0,0.4,N,9
32,51996,RENT,2,DEBTCONSOLIDATION,A,10000,5.79,0,0.19,N,9
32,80000,RENT,4,HOMEIMPROVEMENT,A,14000,5.42,0,0.17,N,9
32,30000,MORTGAGE,0,VENTURE,A,9000,5.42,0,0.3,N,9
32,230000,RENT,16,HOMEIMPROVEMENT,A,35000,,0,0.15,N,9
32,52000,MORTGAGE,5,HOMEIMPROVEMENT,C,20000,,0,0.38,N,9
32,115200,MORTGAGE,3,MEDICAL,A,10200,,0,0.09,N,9
32,106000,MORTGAGE,3,VENTURE,A,10000,,0,0.09,N,9
32,66996,MORTGAGE,6,MEDICAL,A,8000,,0,0.12,N,9
32,35000,RENT,2,VENTURE,B,6000,,0,0.17,N,9
32,130000,MORTGAGE,3,DEBTCONSOLIDATION,B,5000,,1,0.04,N,9
32,67000,MORTGAGE,16,DEBTCONSOLIDATION,A,4000,,0,0.06,N,9
32,59000,RENT,6,EDUCATION,B,3500,,1,0.06,N,9
32,32000,RENT,1,DEBTCONSOLIDATION,E,2600,,1,0.08,Y,9
32,200000,RENT,6,HOMEIMPROVEMENT,E,35000,19.03,0,0.17,Y,8
32,79050,MORTGAGE,10,MEDICAL,F,24000,18.62,1,0.26,Y,8
32,101000,RENT,0,EDUCATION,D,15000,17.58,1,0.15,N,8
32,82000,MORTGAGE,4,EDUCATION,D,8000,16.89,0,0.1,N,8
32,68000,RENT,9,VENTURE,D,3800,16.89,0,0.06,Y,8
32,77000,MORTGAGE,9,EDUCATION,D,10000,16.77,0,0.13,Y,8
32,59004,RENT,0,MEDICAL,D,8000,16.49,1,0.14,Y,8
32,75000,MORTGAGE,10,VENTURE,E,20000,16.45,0,0.27,Y,8
32,29000,RENT,16,DEBTCONSOLIDATION,D,9450,16.29,1,0.33,N,8
32,33600,OWN,0,VENTURE,D,8000,16.02,0,0.24,N,8
32,39600,MORTGAGE,0,HOMEIMPROVEMENT,D,1500,15.99,0,0.04,N,8
32,73000,MORTGAGE,5,HOMEIMPROVEMENT,D,6000,15.62,0,0.08,N,8
32,30000,MORTGAGE,2,EDUCATION,D,6000,15.31,0,0.2,Y,8
32,34310,RENT,2,VENTURE,D,12000,14.96,1,0.35,Y,8
32,101000,MORTGAGE,5,EDUCATION,C,3375,14.79,0,0.03,N,8
32,63800,RENT,6,HOMEIMPROVEMENT,D,11200,14.74,0,0.18,N,8
32,45000,MORTGAGE,2,MEDICAL,C,8000,14.65,0,0.18,N,8
32,45000,MORTGAGE,2,PERSONAL,C,8000,14.65,0,0.18,N,8
32,34000,RENT,7,VENTURE,C,6000,14.65,0,0.18,Y,8
32,107800,OWN,3,EDUCATION,C,5200,14.65,0,0.05,Y,8
32,48000,RENT,1,HOMEIMPROVEMENT,D,8000,14.42,1,0.17,Y,8
32,52000,MORTGAGE,3,MEDICAL,C,10000,14.35,0,0.19,Y,8
32,51648,RENT,7,VENTURE,E,16000,14.18,1,0.31,N,8
32,48000,RENT,3,DEBTCONSOLIDATION,C,9000,13.99,0,0.19,N,8
32,14400,RENT,7,PERSONAL,C,3000,13.98,1,0.21,Y,8
32,175000,RENT,3,DEBTCONSOLIDATION,C,20000,13.49,0,0.11,Y,8
32,75000,MORTGAGE,5,VENTURE,C,16000,13.49,0,0.21,N,8
32,30000,RENT,5,EDUCATION,C,14300,13.49,1,0.48,N,8
32,65000,RENT,2,HOMEIMPROVEMENT,C,11600,13.49,0,0.18,Y,8
32,40000,RENT,1,MEDICAL,C,4000,13.49,0,0.1,Y,8
32,55000,MORTGAGE,16,PERSONAL,C,7000,13.48,0,0.13,Y,8
32,59500,RENT,3,EDUCATION,D,6000,13.36,0,0.1,Y,8
32,50000,RENT,0,EDUCATION,C,6400,13.35,0,0.13,N,8
32,31776,OWN,4,MEDICAL,C,3400,13.16,0,0.11,N,8
32,25000,RENT,3,HOMEIMPROVEMENT,C,2000,13.16,1,0.08,Y,8
32,249996,MORTGAGE,4,PERSONAL,C,14000,12.99,0,0.06,N,8
32,21360,RENT,1,VENTURE,C,1800,12.99,0,0.08,N,8
32,130000,MORTGAGE,7,MEDICAL,B,13000,12.69,0,0.1,N,8
32,64000,RENT,1,HOMEIMPROVEMENT,B,10000,12.69,0,0.16,N,8
32,40000,RENT,0,MEDICAL,B,6000,12.69,0,0.15,N,8
32,115000,RENT,2,PERSONAL,B,4000,12.69,0,0.03,N,8
32,45000,RENT,3,EDUCATION,C,3000,12.61,0,0.07,Y,8
32,12000,RENT,2,DEBTCONSOLIDATION,B,6075,12.42,1,0.51,N,8
32,30000,RENT,7,EDUCATION,B,3000,12.42,0,0.1,N,8
32,25000,RENT,,HOMEIMPROVEMENT,C,9800,12.23,1,0.39,Y,8
32,120000,MORTGAGE,16,HOMEIMPROVEMENT,D,6000,12.17,0,0.05,N,8
32,109488,MORTGAGE,16,HOMEIMPROVEMENT,C,12000,12.09,0,0.11,N,8
32,66504,RENT,11,HOMEIMPROVEMENT,B,3500,11.99,0,0.05,N,8
32,99600,MORTGAGE,6,EDUCATION,B,5000,11.86,0,0.05,N,8
32,348000,MORTGAGE,16,MEDICAL,B,25000,11.83,0,0.07,N,8
32,40277,RENT,5,MEDICAL,B,15000,11.71,1,0.37,N,8
32,107004,MORTGAGE,6,VENTURE,B,4200,11.71,0,0.04,N,8
32,45996,RENT,2,EDUCATION,B,1800,11.58,0,0.04,N,8
32,69900,MORTGAGE,16,PERSONAL,B,18000,11.49,0,0.26,N,8
32,59004,RENT,2,HOMEIMPROVEMENT,B,6000,11.49,0,0.1,N,8
32,47500,RENT,2,MEDICAL,B,5300,11.49,0,0.11,N,8
32,75000,MORTGAGE,6,PERSONAL,B,5000,11.49,0,0.07,N,8
32,48000,RENT,5,DEBTCONSOLIDATION,B,5000,11.49,0,0.1,N,8
32,31000,RENT,0,EDUCATION,B,5000,11.49,1,0.16,N,8
32,145000,MORTGAGE,1,DEBTCONSOLIDATION,B,20000,11.36,0,0.14,N,8
32,60000,RENT,2,PERSONAL,B,6000,11.36,0,0.1,N,8
32,90000,RENT,2,DEBTCONSOLIDATION,B,10000,11.12,0,0.11,N,8
32,27600,RENT,5,MEDICAL,B,3000,11.12,1,0.11,N,8
32,95000,MORTGAGE,3,PERSONAL,B,18000,11.11,0,0.19,N,8
32,80000,RENT,1,PERSONAL,B,6400,10.99,0,0.08,N,8
32,95000,MORTGAGE,5,VENTURE,B,4800,10.99,0,0.05,N,8
32,101000,RENT,3,MEDICAL,B,20000,10.75,0,0.2,N,8
32,120000,MORTGAGE,16,VENTURE,B,5600,10.75,0,0.05,N,8
32,156600,MORTGAGE,8,EDUCATION,B,25000,10.62,0,0.16,N,8
32,37000,RENT,0,VENTURE,B,15000,10.62,1,0.41,N,8
32,50000,RENT,2,MEDICAL,B,8000,10.62,0,0.16,N,8
32,74400,RENT,16,MEDICAL,B,25000,10.38,1,0.34,N,8
32,20000,RENT,3,DEBTCONSOLIDATION,B,4750,10.37,0,0.24,N,8
32,37000,RENT,4,MEDICAL,B,6000,10.36,0,0.16,N,8
32,63235,RENT,3,HOMEIMPROVEMENT,B,25000,10.25,1,0.4,N,8
32,136000,MORTGAGE,11,MEDICAL,B,12000,10,0,0.09,N,8
32,100000,RENT,0,DEBTCONSOLIDATION,B,10000,9.99,0,0.1,N,8
32,70000,RENT,0,EDUCATION,B,6000,9.99,0,0.09,N,8
32,75000,RENT,4,MEDICAL,B,5000,9.99,0,0.07,N,8
32,40000,RENT,2,PERSONAL,B,4000,9.99,0,0.1,N,8
32,750000,MORTGAGE,2,DEBTCONSOLIDATION,B,30000,9.91,0,0.04,N,8
32,262000,MORTGAGE,12,MEDICAL,B,12800,9.91,0,0.05,N,8
32,30000,OWN,2,EDUCATION,B,10000,9.91,0,0.33,N,8
32,37440,RENT,8,VENTURE,B,7000,9.91,0,0.19,N,8
32,49000,RENT,16,MEDICAL,B,6300,9.91,0,0.13,N,8
32,35000,MORTGAGE,9,VENTURE,A,12000,9.63,0,0.34,N,8
32,189996,RENT,4,PERSONAL,A,8400,9.32,0,0.04,N,8
32,50000,RENT,6,DEBTCONSOLIDATION,B,10000,9.25,0,0.2,N,8
32,25000,RENT,0,DEBTCONSOLIDATION,A,3600,8.94,0,0.14,N,8
32,73000,RENT,4,DEBTCONSOLIDATION,A,10000,8.59,0,0.14,N,8
32,155004,MORTGAGE,9,VENTURE,A,15000,8.49,0,0.1,N,8
32,29000,OWN,0,PERSONAL,A,2000,8.49,0,0.07,N,8
32,25200,RENT,0,PERSONAL,A,5000,7.91,0,0.2,N,8
32,170000,MORTGAGE,16,VENTURE,A,6000,7.9,0,0.04,N,8
32,61000,MORTGAGE,3,DEBTCONSOLIDATION,A,2000,7.9,0,0.03,N,8
32,160000,MORTGAGE,9,DEBTCONSOLIDATION,A,12000,7.88,0,0.07,N,8
32,80000,RENT,0,MEDICAL,A,6400,7.88,0,0.08,N,8
32,24000,RENT,3,DEBTCONSOLIDATION,A,10800,7.75,1,0.45,N,8
32,85000,MORTGAGE,16,PERSONAL,A,10000,7.74,0,0.12,N,8
32,42000,MORTGAGE,3,VENTURE,A,9000,7.74,0,0.21,N,8
32,39000,MORTGAGE,4,VENTURE,A,16700,7.51,0,0.43,N,8
32,42000,RENT,13,PERSONAL,A,12000,7.51,0,0.29,N,8
32,1200000,MORTGAGE,1,VENTURE,A,12000,7.51,0,0.01,N,8
32,33078,RENT,4,PERSONAL,A,10000,7.51,0,0.3,N,8
32,60000,RENT,7,HOMEIMPROVEMENT,A,7000,7.51,0,0.12,N,8
32,45000,MORTGAGE,6,EDUCATION,A,6400,7.49,0,0.14,N,8
32,103000,MORTGAGE,3,MEDICAL,A,6000,7.49,0,0.06,N,8
32,95000,RENT,16,HOMEIMPROVEMENT,A,4000,7.49,0,0.04,N,8
32,36000,MORTGAGE,7,HOMEIMPROVEMENT,A,2600,7.49,0,0.07,N,8
32,56000,MORTGAGE,5,PERSONAL,A,10000,7.14,0,0.18,N,8
32,74500,RENT,1,VENTURE,A,11500,7.05,0,0.15,N,8
32,71000,MORTGAGE,10,HOMEIMPROVEMENT,A,14000,6.99,0,0.2,N,8
32,44000,MORTGAGE,8,MEDICAL,A,3600,6.99,0,0.08,N,8
32,72000,MORTGAGE,0,DEBTCONSOLIDATION,A,24000,6.92,0,0.33,N,8
32,37000,RENT,16,MEDICAL,A,9000,6.92,0,0.24,N,8
32,54996,MORTGAGE,1,MEDICAL,A,7000,6.92,0,0.13,N,8
32,86000,MORTGAGE,4,MEDICAL,A,8400,6.62,0,0.1,N,8
32,33000,RENT,1,EDUCATION,A,12000,6.54,1,0.36,N,8
32,63000,MORTGAGE,6,PERSONAL,A,8000,6.17,0,0.13,N,8
32,50000,RENT,0,HOMEIMPROVEMENT,A,3775,6.17,0,0.08,N,8
32,66100,MORTGAGE,5,MEDICAL,A,5000,6.03,0,0.08,N,8
32,65000,RENT,3,PERSONAL,A,3625,6.03,0,0.06,N,8
32,65000,RENT,3,HOMEIMPROVEMENT,A,3625,6.03,0,0.06,N,8
32,95200,MORTGAGE,15,MEDICAL,A,15000,5.99,0,0.16,N,8
32,80000,MORTGAGE,15,VENTURE,A,12000,5.99,0,0.15,N,8
32,40000,MORTGAGE,4,VENTURE,A,7500,5.99,0,0.19,N,8
32,106000,MORTGAGE,12,HOMEIMPROVEMENT,A,12000,5.79,0,0.11,N,8
32,100000,MORTGAGE,4,VENTURE,A,9500,5.79,0,0.1,N,8
32,38000,RENT,3,DEBTCONSOLIDATION,A,6350,5.79,0,0.17,N,8
32,130000,MORTGAGE,12,MEDICAL,A,16500,5.42,0,0.13,N,8
32,140000,MORTGAGE,9,EDUCATION,A,11000,5.42,0,0.08,N,8
32,80000,RENT,2,VENTURE,B,25000,,1,0.31,N,8
32,36500,RENT,2,DEBTCONSOLIDATION,E,20000,,1,0.55,Y,8
32,51000,MORTGAGE,5,MEDICAL,C,15000,,1,0.29,Y,8
32,31000,MORTGAGE,5,DEBTCONSOLIDATION,B,13000,,1,0.42,N,8
32,140000,MORTGAGE,14,HOMEIMPROVEMENT,A,12000,,0,0.09,N,8
32,44808,RENT,5,PERSONAL,B,12000,,0,0.27,N,8
32,24000,RENT,2,MEDICAL,A,12000,,1,0.5,N,8
32,128004,OWN,0,VENTURE,A,11000,,0,0.09,N,8
32,83196,RENT,1,MEDICAL,B,9350,,0,0.11,N,8
32,55000,RENT,4,HOMEIMPROVEMENT,C,8000,,0,0.15,N,8
32,79000,MORTGAGE,0,HOMEIMPROVEMENT,A,7800,,0,0.1,N,8
32,22704,RENT,4,DEBTCONSOLIDATION,B,6800,,0,0.3,N,8
32,53200,MORTGAGE,13,PERSONAL,A,5000,,0,0.09,N,8
32,92000,MORTGAGE,1,EDUCATION,B,5000,,0,0.05,N,8
32,22800,RENT,1,DEBTCONSOLIDATION,B,4000,,0,0.18,N,8
32,32000,RENT,6,DEBTCONSOLIDATION,D,5000,18.25,1,0.16,Y,7
32,62000,RENT,8,VENTURE,D,10000,17.27,1,0.16,Y,7
32,83300,RENT,0,MEDICAL,D,19600,17.19,1,0.2,Y,7
32,115000,MORTGAGE,3,EDUCATION,E,20000,16.95,0,0.17,Y,7
32,106000,RENT,14,DEBTCONSOLIDATION,E,25000,16.63,1,0.24,Y,7
32,29000,RENT,17,PERSONAL,D,4800,16.29,1,0.17,Y,7
32,59506,OWN,13,VENTURE,D,8000,16.07,0,0.13,N,7
32,33600,OWN,0,EDUCATION,D,8000,16.02,0,0.24,N,7
32,108000,MORTGAGE,13,DEBTCONSOLIDATION,D,8400,15.99,1,0.08,N,7
32,54000,RENT,2,HOMEIMPROVEMENT,E,6000,15.95,1,0.11,N,7
32,68000,RENT,16,VENTURE,D,5000,15.7,0,0.07,N,7
32,120000,RENT,5,VENTURE,E,15000,15.68,0,0.13,N,7
32,24000,RENT,0,VENTURE,D,9000,15.62,1,0.38,N,7
32,90000,RENT,7,EDUCATION,D,25000,15.58,0,0.28,N,7
32,38482,RENT,6,MEDICAL,D,9000,15.31,1,0.23,Y,7
32,66000,MORTGAGE,5,DEBTCONSOLIDATION,D,2000,15.28,1,0.03,N,7
32,39314,RENT,16,DEBTCONSOLIDATION,C,3000,15.23,1,0.08,N,7
32,44400,MORTGAGE,5,HOMEIMPROVEMENT,D,6500,14.84,0,0.15,Y,7
32,17000,OWN,0,PERSONAL,D,3200,14.84,1,0.19,N,7
32,104000,MORTGAGE,12,VENTURE,E,17000,14.82,0,0.16,Y,7
32,21600,RENT,,DEBTCONSOLIDATION,C,5500,14.72,0,0.25,Y,7
32,250000,MORTGAGE,9,VENTURE,D,25000,14.59,0,0.1,N,7
32,202300,MORTGAGE,9,MEDICAL,D,25000,14.59,1,0.11,N,7
32,16800,RENT,0,PERSONAL,C,5000,14.35,1,0.3,Y,7
32,42000,RENT,5,VENTURE,C,3500,14.35,0,0.08,Y,7
32,91800,MORTGAGE,8,MEDICAL,E,24625,14.07,1,0.23,Y,7
32,58800,OWN,16,PERSONAL,C,7000,13.99,0,0.12,N,7
32,107000,RENT,4,MEDICAL,C,4000,13.98,0,0.04,N,7
32,30996,MORTGAGE,1,EDUCATION,C,2400,13.8,0,0.08,Y,7
32,30000,RENT,4,MEDICAL,D,9325,13.62,1,0.31,N,7
32,61572,MORTGAGE,0,VENTURE,C,15000,13.57,0,0.24,N,7
32,63000,MORTGAGE,12,EDUCATION,C,7000,13.57,0,0.11,Y,7
32,37000,RENT,3,HOMEIMPROVEMENT,C,4650,13.49,1,0.13,N,7
32,48750,RENT,5,DEBTCONSOLIDATION,C,3000,13.49,0,0.06,N,7
32,50000,RENT,3,PERSONAL,C,2500,13.49,0,0.05,N,7
32,119000,MORTGAGE,10,MEDICAL,C,9000,13.47,0,0.08,N,7
32,28800,MORTGAGE,7,VENTURE,C,7500,13.43,0,0.26,Y,7
32,100000,RENT,7,EDUCATION,C,14400,13.35,0,0.14,Y,7
32,61900,RENT,4,HOMEIMPROVEMENT,C,1500,13.23,0,0.02,Y,7
32,195000,RENT,4,DEBTCONSOLIDATION,C,1250,13.23,0,0.01,N,7
32,22884,RENT,2,MEDICAL,C,1200,13.22,0,0.05,N,7
32,50911,RENT,7,PERSONAL,C,10000,13.06,0,0.2,N,7
32,40100,RENT,3,EDUCATION,C,7175,12.99,0,0.18,Y,7
32,39270,RENT,5,EDUCATION,C,6800,12.99,0,0.17,Y,7
32,84996,MORTGAGE,7,DEBTCONSOLIDATION,C,6000,12.99,0,0.07,Y,7
32,75250,RENT,1,DEBTCONSOLIDATION,C,4000,12.99,0,0.05,N,7
32,53000,MORTGAGE,1,EDUCATION,C,6800,12.84,0,0.13,Y,7
32,34320,MORTGAGE,0,MEDICAL,C,1900,12.84,0,0.06,Y,7
32,80000,RENT,3,VENTURE,B,6000,12.69,0,0.07,N,7
32,25404,RENT,16,EDUCATION,C,9950,12.68,1,0.39,Y,7
32,45000,RENT,3,PERSONAL,C,3000,12.61,0,0.07,N,7
32,235000,RENT,1,PERSONAL,C,25000,12.53,0,0.11,Y,7
32,29962,RENT,4,MEDICAL,B,8000,12.53,0,0.27,N,7
32,155000,OWN,6,MEDICAL,B,15000,12.42,0,0.1,N,7
32,73527,MORTGAGE,11,EDUCATION,B,12000,12.42,0,0.16,N,7
32,37076,RENT,3,PERSONAL,B,12000,12.42,1,0.32,N,7
32,86000,MORTGAGE,4,MEDICAL,B,10800,12.42,0,0.13,N,7
32,50400,RENT,11,EDUCATION,B,8400,12.42,0,0.17,N,7
32,67000,OWN,12,HOMEIMPROVEMENT,B,20000,11.83,0,0.3,N,7
32,55000,RENT,2,VENTURE,B,20000,11.83,1,0.36,N,7
32,24000,OWN,5,EDUCATION,B,2850,11.83,0,0.12,N,7
32,60000,RENT,3,MEDICAL,B,2375,11.83,0,0.04,N,7
32,41600,MORTGAGE,2,VENTURE,B,13200,11.71,0,0.32,N,7
32,35000,RENT,2,PERSONAL,B,5500,11.49,0,0.16,N,7
32,37000,RENT,0,VENTURE,B,5000,11.49,0,0.14,N,7
32,37000,MORTGAGE,3,PERSONAL,B,3000,11.49,0,0.08,N,7
32,54000,RENT,8,VENTURE,B,20000,11.11,1,0.37,N,7
32,74000,MORTGAGE,5,PERSONAL,B,15000,11.11,0,0.2,N,7
32,132000,MORTGAGE,16,HOMEIMPROVEMENT,B,25000,10.99,0,0.19,N,7
32,119000,MORTGAGE,12,PERSONAL,B,18000,10.99,0,0.15,N,7
32,84000,RENT,7,DEBTCONSOLIDATION,B,15000,10.99,0,0.18,N,7
32,85000,RENT,5,MEDICAL,B,12800,10.75,0,0.15,N,7
32,110000,MORTGAGE,2,VENTURE,B,5600,10.74,0,0.05,N,7
32,188000,MORTGAGE,0,EDUCATION,B,10000,10.71,1,0.05,N,7
32,27500,RENT,,HOMEIMPROVEMENT,B,4000,10.62,1,0.15,N,7
32,202000,MORTGAGE,7,PERSONAL,B,28000,10.59,0,0.14,N,7
32,55000,MORTGAGE,14,HOMEIMPROVEMENT,B,16000,10.59,1,0.29,N,7
32,46000,RENT,16,PERSONAL,B,10000,10.59,0,0.22,N,7
32,40000,MORTGAGE,12,EDUCATION,B,9000,10.59,0,0.23,N,7
32,145000,RENT,2,PERSONAL,B,8800,10.59,0,0.06,N,7
32,50000,MORTGAGE,1,MEDICAL,B,7500,10.39,0,0.15,N,7
32,55000,RENT,0,DEBTCONSOLIDATION,B,18000,10.38,1,0.33,N,7
32,37400,RENT,0,DEBTCONSOLIDATION,B,4000,10.38,0,0.11,N,7
32,20000,RENT,3,VENTURE,B,4750,10.37,0,0.24,N,7
32,60000,RENT,0,DEBTCONSOLIDATION,B,6000,10.36,0,0.1,N,7
32,68000,MORTGAGE,1,MEDICAL,B,6100,10.25,0,0.09,N,7
32,73200,MORTGAGE,1,PERSONAL,B,7200,10.2,0,0.1,N,7
32,140000,MORTGAGE,16,VENTURE,B,25000,10.08,0,0.18,N,7
32,38000,RENT,0,EDUCATION,B,7200,10.08,0,0.19,N,7
32,29500,MORTGAGE,4,EDUCATION,B,7000,10,1,0.24,N,7
32,50000,RENT,0,VENTURE,B,4675,10,0,0.09,N,7
32,90000,RENT,2,PERSONAL,B,25000,9.99,0,0.28,N,7
32,60000,RENT,5,VENTURE,B,18800,9.99,1,0.31,N,7
32,60000,MORTGAGE,2,VENTURE,B,7125,9.99,0,0.12,N,7
32,40000,RENT,2,EDUCATION,B,4000,9.99,0,0.1,N,7
32,38400,OWN,4,MEDICAL,B,2400,9.99,0,0.06,N,7
32,110888,MORTGAGE,0,HOMEIMPROVEMENT,B,10400,9.91,0,0.09,N,7
32,39000,RENT,4,MEDICAL,B,4500,9.91,0,0.12,N,7
32,84456,RENT,5,HOMEIMPROVEMENT,B,10000,9.88,0,0.12,N,7
32,190000,RENT,8,EDUCATION,A,15000,9.63,0,0.08,N,7
32,40704,MORTGAGE,9,HOMEIMPROVEMENT,B,10000,9.63,0,0.25,N,7
32,37000,RENT,3,EDUCATION,B,5000,9.62,0,0.14,N,7
32,42000,RENT,3,PERSONAL,B,2400,9.62,0,0.06,N,7
32,34000,MORTGAGE,5,DEBTCONSOLIDATION,A,2800,9.32,0,0.08,N,7
32,24600,MORTGAGE,6,MEDICAL,A,4800,8.9,1,0.2,N,7
32,130000,MORTGAGE,0,PERSONAL,A,12000,8.59,0,0.09,N,7
32,130000,MORTGAGE,3,EDUCATION,A,28000,8.49,0,0.22,N,7
32,150000,RENT,7,DEBTCONSOLIDATION,A,25000,8.49,0,0.17,N,7
32,80000,MORTGAGE,14,DEBTCONSOLIDATION,A,15350,8.49,0,0.19,N,7
32,43200,MORTGAGE,7,HOMEIMPROVEMENT,A,15000,7.91,0,0.35,N,7
32,73000,MORTGAGE,7,PERSONAL,A,9600,7.9,0,0.13,N,7
32,54000,RENT,2,MEDICAL,A,5000,7.9,0,0.09,N,7
32,61000,MORTGAGE,3,PERSONAL,A,2000,7.9,0,0.03,N,7
32,138000,MORTGAGE,16,EDUCATION,A,20000,7.88,0,0.14,N,7
32,160000,MORTGAGE,0,VENTURE,A,17400,7.88,0,0.11,N,7
32,64000,MORTGAGE,3,HOMEIMPROVEMENT,A,13000,7.88,0,0.2,N,7
32,43000,MORTGAGE,6,VENTURE,A,12000,7.88,0,0.28,N,7
32,54000,MORTGAGE,16,MEDICAL,A,10000,7.74,0,0.19,N,7
32,54000,MORTGAGE,3,DEBTCONSOLIDATION,A,10975,7.66,0,0.2,N,7
32,35830,RENT,,DEBTCONSOLIDATION,A,12000,7.51,1,0.33,N,7
32,47900,RENT,2,EDUCATION,A,11000,7.51,0,0.23,N,7
32,120000,MORTGAGE,9,VENTURE,A,8000,7.51,0,0.07,N,7
32,43000,RENT,16,DEBTCONSOLIDATION,A,5600,7.51,0,0.13,N,7
32,65000,MORTGAGE,16,DEBTCONSOLIDATION,A,5500,7.51,0,0.08,N,7
32,31000,MORTGAGE,16,DEBTCONSOLIDATION,A,3000,7.51,1,0.1,N,7
32,120000,MORTGAGE,0,HOMEIMPROVEMENT,A,6600,7.49,0,0.06,N,7
32,45000,MORTGAGE,12,EDUCATION,A,4800,7.49,0,0.11,N,7
32,45000,MORTGAGE,7,DEBTCONSOLIDATION,A,4000,7.49,0,0.09,N,7
32,75000,RENT,3,HOMEIMPROVEMENT,A,10000,7.29,0,0.13,N,7
32,52000,MORTGAGE,1,VENTURE,A,1000,6.99,0,0.02,N,7
32,52500,MORTGAGE,15,DEBTCONSOLIDATION,A,9500,6.92,0,0.18,N,7
32,110000,MORTGAGE,16,HOMEIMPROVEMENT,A,6700,6.92,0,0.06,N,7
32,84000,MORTGAGE,15,MEDICAL,A,15000,6.91,0,0.18,N,7
32,64000,MORTGAGE,2,EDUCATION,A,8000,6.76,0,0.13,N,7
32,48400,RENT,1,MEDICAL,A,12000,6.62,0,0.25,N,7
32,60000,MORTGAGE,16,MEDICAL,A,6000,6.62,0,0.1,N,7
32,33000,MORTGAGE,2,MEDICAL,A,5000,6.17,0,0.15,N,7
32,86400,RENT,2,VENTURE,A,15000,6.03,0,0.17,N,7
32,18072,RENT,,DEBTCONSOLIDATION,A,3000,6.03,1,0.17,N,7
32,95200,MORTGAGE,15,EDUCATION,A,15000,5.99,0,0.16,N,7
32,34000,MORTGAGE,4,HOMEIMPROVEMENT,A,7500,5.99,1,0.22,N,7
32,48000,OWN,4,EDUCATION,A,8000,5.79,0,0.17,N,7
32,48000,OWN,5,EDUCATION,A,3000,5.79,0,0.06,N,7
32,42000,MORTGAGE,16,DEBTCONSOLIDATION,A,10375,5.42,0,0.25,N,7
32,95000,MORTGAGE,12,EDUCATION,A,9000,5.42,0,0.09,N,7
32,175000,MORTGAGE,17,HOMEIMPROVEMENT,B,24000,,0,0.14,N,7
32,78500,RENT,4,EDUCATION,B,15000,,1,0.19,N,7
32,106000,MORTGAGE,3,MEDICAL,A,10000,,0,0.09,N,7
32,49500,RENT,2,MEDICAL,B,8900,,0,0.18,N,7
32,54000,MORTGAGE,6,EDUCATION,A,4800,,0,0.09,N,7
32,32004,RENT,1,DEBTCONSOLIDATION,D,3400,,1,0.11,N,7
32,12000,RENT,2,MEDICAL,B,3200,,1,0.27,N,7
32,41000,RENT,17,MEDICAL,C,3000,,0,0.07,Y,7
32,105000,RENT,15,EDUCATION,B,3000,,0,0.03,N,7
32,54000,MORTGAGE,9,EDUCATION,B,3000,,0,0.06,N,7
32,62900,MORTGAGE,5,MEDICAL,D,2750,,1,0.04,Y,7
32,51996,RENT,6,MEDICAL,C,2100,,0,0.04,Y,7
32,103000,MORTGAGE,0,PERSONAL,E,33000,18.64,1,0.32,N,6
32,77400,MORTGAGE,0,DEBTCONSOLIDATION,F,10000,18.43,1,0.13,N,6
32,22000,RENT,9,MEDICAL,E,10000,18.39,1,0.45,Y,6
32,29000,RENT,0,EDUCATION,D,8000,18.25,1,0.28,N,6
32,74000,RENT,15,VENTURE,F,15000,17.15,0,0.2,N,6
32,31000,RENT,2,EDUCATION,D,7400,16.77,1,0.24,N,6
32,55000,OWN,4,HOMEIMPROVEMENT,E,15250,16.35,0,0.28,Y,6
32,52800,RENT,3,PERSONAL,D,15000,16.29,0,0.28,N,6
32,93158,RENT,16,HOMEIMPROVEMENT,D,7800,16.29,0,0.08,N,6
32,108000,RENT,3,HOMEIMPROVEMENT,D,7000,16.29,1,0.06,Y,6
32,46000,RENT,0,DEBTCONSOLIDATION,D,3000,16.29,1,0.07,N,6
32,67150,MORTGAGE,4,MEDICAL,D,13000,16,1,0.16,Y,6
32,41000,RENT,2,MEDICAL,D,6400,15.65,1,0.16,Y,6
32,30000,OWN,4,MEDICAL,D,3000,15.65,0,0.1,Y,6
32,42000,RENT,0,EDUCATION,D,2000,15.62,1,0.05,N,6
32,168000,RENT,5,EDUCATION,C,25000,15.27,0,0.15,N,6
32,54000,MORTGAGE,4,MEDICAL,C,12000,15.27,0,0.22,N,6
32,32678,MORTGAGE,10,DEBTCONSOLIDATION,C,3075,15.23,0,0.09,N,6
32,58650,RENT,6,MEDICAL,D,17400,15.05,1,0.25,N,6
32,56000,RENT,1,MEDICAL,D,9000,15.05,1,0.16,Y,6
32,25800,MORTGAGE,0,VENTURE,D,2400,14.96,0,0.09,N,6
32,81400,RENT,2,VENTURE,D,20000,14.84,1,0.25,Y,6
32,75000,RENT,3,VENTURE,D,12800,14.74,0,0.17,Y,6
32,70000,MORTGAGE,8,PERSONAL,C,1800,14.65,0,0.03,Y,6
32,40020,RENT,2,DEBTCONSOLIDATION,C,9000,14.35,0,0.22,N,6
32,62217,MORTGAGE,2,MEDICAL,C,6000,14.27,0,0.1,Y,6
32,23000,RENT,1,DEBTCONSOLIDATION,C,4000,14.22,0,0.17,Y,6
32,36400,RENT,3,EDUCATION,D,4800,14.11,0,0.13,Y,6
32,65000,RENT,4,VENTURE,C,20000,13.8,1,0.31,Y,6
32,108202,MORTGAGE,6,MEDICAL,C,9600,13.79,0,0.09,Y,6
32,40000,RENT,2,MEDICAL,C,4000,13.79,0,0.1,N,6
32,59000,MORTGAGE,0,MEDICAL,C,3500,13.72,1,0.06,N,6
32,35000,MORTGAGE,11,DEBTCONSOLIDATION,C,4000,13.61,0,0.11,N,6
32,75000,MORTGAGE,5,PERSONAL,C,15000,13.57,0,0.2,N,6
32,70000,RENT,6,MEDICAL,C,13200,13.49,0,0.19,N,6
32,65000,RENT,16,DEBTCONSOLIDATION,C,12400,13.49,0,0.19,Y,6
32,38000,MORTGAGE,8,HOMEIMPROVEMENT,C,8000,13.49,0,0.21,Y,6
32,30000,RENT,4,PERSONAL,C,3000,13.49,0,0.1,Y,6
32,25000,RENT,0,PERSONAL,C,3000,13.48,0,0.12,Y,6
32,90301,MORTGAGE,2,VENTURE,C,15000,13.47,0,0.17,Y,6
32,90000,RENT,11,PERSONAL,C,20000,13.22,0,0.22,Y,6
32,59363,RENT,2,MEDICAL,C,6000,13.22,0,0.1,Y,6
32,43000,RENT,2,EDUCATION,C,6000,13.22,0,0.14,N,6
32,62000,RENT,5,MEDICAL,C,15000,12.99,0,0.24,Y,6
32,40100,RENT,3,MEDICAL,C,7175,12.99,0,0.18,Y,6
32,50004,MORTGAGE,2,EDUCATION,C,6250,12.87,0,0.12,Y,6
32,75000,RENT,2,PERSONAL,C,7000,12.61,0,0.09,N,6
32,62400,MORTGAGE,7,DEBTCONSOLIDATION,B,20000,12.53,0,0.32,N,6
32,65004,RENT,0,DEBTCONSOLIDATION,C,13000,12.53,0,0.2,N,6
32,38000,RENT,2,EDUCATION,B,12000,12.42,1,0.32,N,6
32,45000,RENT,3,PERSONAL,B,2400,12.42,0,0.05,N,6
32,45400,RENT,4,PERSONAL,B,15000,12.18,1,0.33,N,6
32,62000,OWN,1,EDUCATION,B,15000,12.18,0,0.24,N,6
32,39000,MORTGAGE,7,HOMEIMPROVEMENT,D,2800,12.17,1,0.07,Y,6
32,84000,RENT,,PERSONAL,B,14400,11.99,0,0.17,N,6
32,115000,RENT,1,HOMEIMPROVEMENT,B,2500,11.89,0,0.02,N,6
32,60000,MORTGAGE,11,EDUCATION,B,15000,11.86,0,0.25,N,6
32,154000,MORTGAGE,11,DEBTCONSOLIDATION,B,20000,11.83,0,0.13,N,6
32,193800,RENT,0,MEDICAL,B,20000,11.83,1,0.09,N,6
32,75000,MORTGAGE,4,HOMEIMPROVEMENT,B,12000,11.71,0,0.16,N,6
32,90000,MORTGAGE,8,HOMEIMPROVEMENT,B,25000,11.58,0,0.28,N,6
32,77000,MORTGAGE,14,DEBTCONSOLIDATION,B,23000,11.49,1,0.3,N,6
32,38052,RENT,16,VENTURE,B,3000,11.49,0,0.08,N,6
32,62000,MORTGAGE,6,PERSONAL,B,6000,11.36,0,0.1,N,6
32,115000,RENT,16,HOMEIMPROVEMENT,B,17000,11.12,0,0.15,N,6
32,70000,RENT,2,DEBTCONSOLIDATION,B,3000,11.11,1,0.04,N,6
32,52020,MORTGAGE,5,MEDICAL,C,15000,11.03,1,0.25,N,6
32,120000,MORTGAGE,16,VENTURE,B,25000,10.99,0,0.21,N,6
32,135000,MORTGAGE,10,PERSONAL,B,10000,10.99,0,0.07,N,6
32,28000,MORTGAGE,5,HOMEIMPROVEMENT,B,7500,10.99,0,0.27,N,6
32,53408,MORTGAGE,8,VENTURE,B,1400,10.99,0,0.03,N,6
32,48250,MORTGAGE,3,MEDICAL,B,8400,10.74,0,0.17,N,6
32,49000,RENT,13,HOMEIMPROVEMENT,B,3500,10.65,1,0.07,N,6
32,140000,MORTGAGE,3,EDUCATION,B,5000,10.38,0,0.04,N,6
32,38000,MORTGAGE,16,VENTURE,B,10000,10.37,0,0.26,N,6
32,82000,MORTGAGE,13,PERSONAL,B,10000,10.36,0,0.12,N,6
32,37000,RENT,4,MEDICAL,B,6000,10.36,0,0.16,N,6
32,36000,OWN,3,EDUCATION,B,5000,10,0,0.14,N,6
32,72000,RENT,6,HOMEIMPROVEMENT,B,4000,10,0,0.06,N,6
32,36000,RENT,1,PERSONAL,B,2500,10,0,0.07,N,6
32,83820,MORTGAGE,5,EDUCATION,B,12800,9.99,0,0.15,N,6
32,130000,RENT,0,PERSONAL,B,12500,9.99,0,0.1,N,6
32,30000,RENT,1,MEDICAL,B,11450,9.99,1,0.38,N,6
32,30000,RENT,1,EDUCATION,B,11450,9.99,1,0.38,N,6
32,55600,OWN,14,EDUCATION,B,8800,9.99,0,0.16,N,6
32,54000,MORTGAGE,2,HOMEIMPROVEMENT,B,7125,9.99,1,0.13,N,6
32,19200,RENT,0,VENTURE,B,5000,9.99,1,0.26,N,6
32,32400,RENT,4,HOMEIMPROVEMENT,B,4800,9.99,1,0.15,N,6
32,110888,MORTGAGE,0,MEDICAL,B,10400,9.91,0,0.09,N,6
32,49000,RENT,16,VENTURE,B,6300,9.91,0,0.13,N,6
32,25000,RENT,9,DEBTCONSOLIDATION,B,3700,9.91,0,0.15,N,6
32,78000,RENT,1,MEDICAL,B,4000,9.88,0,0.05,N,6
32,37965,RENT,3,PERSONAL,A,10000,9.63,0,0.26,N,6
32,150000,RENT,14,MEDICAL,B,4600,9.62,0,0.03,N,6
32,98406,MORTGAGE,1,DEBTCONSOLIDATION,A,5400,9.38,0,0.05,N,6
32,84996,MORTGAGE,4,VENTURE,A,9000,9.32,0,0.11,N,6
32,89000,RENT,0,MEDICAL,A,12000,8.94,0,0.13,N,6
32,89000,RENT,0,MEDICAL,A,12000,8.94,0,0.13,N,6
32,120000,MORTGAGE,3,DEBTCONSOLIDATION,A,8000,8.9,0,0.07,N,6
32,36000,RENT,4,VENTURE,A,5300,8.9,0,0.15,N,6
32,35000,RENT,0,MEDICAL,A,9000,8.59,0,0.26,N,6
32,45000,MORTGAGE,8,MEDICAL,A,9250,8.49,0,0.21,N,6
32,20400,RENT,2,DEBTCONSOLIDATION,A,8000,8.49,1,0.39,N,6
32,12000,RENT,1,MEDICAL,A,9325,8.38,1,0.78,N,6
32,37050,RENT,2,DEBTCONSOLIDATION,A,8000,8,0,0.22,N,6
32,40000,RENT,2,EDUCATION,A,7500,8,0,0.19,N,6
32,85000,RENT,4,PERSONAL,A,24000,7.9,0,0.28,N,6
32,45000,RENT,9,MEDICAL,A,12000,7.88,0,0.27,N,6
32,122400,MORTGAGE,16,MEDICAL,A,10000,7.88,0,0.08,N,6
32,78000,MORTGAGE,5,DEBTCONSOLIDATION,A,5400,7.88,0,0.07,N,6
32,18000,OWN,0,VENTURE,A,4750,7.88,1,0.26,N,6
32,18000,OWN,0,VENTURE,A,4750,7.88,1,0.26,N,6
32,54000,MORTGAGE,12,PERSONAL,A,3500,7.88,0,0.06,N,6
32,54000,MORTGAGE,3,DEBTCONSOLIDATION,A,12000,7.66,0,0.22,N,6
32,240000,MORTGAGE,5,MEDICAL,A,8400,7.51,0,0.04,N,6
32,26400,RENT,0,VENTURE,A,8000,7.51,0,0.3,N,6
32,121500,MORTGAGE,11,VENTURE,A,6000,7.51,0,0.05,N,6
32,52000,RENT,10,EDUCATION,A,4200,7.51,0,0.08,N,6
32,70197,MORTGAGE,9,DEBTCONSOLIDATION,A,4100,7.51,0,0.06,N,6
32,54000,RENT,16,HOMEIMPROVEMENT,A,8500,7.49,0,0.16,N,6
32,45000,MORTGAGE,16,PERSONAL,A,6000,7.49,0,0.13,N,6
32,34000,MORTGAGE,5,PERSONAL,A,4000,7.49,0,0.12,N,6
32,52000,RENT,3,EDUCATION,A,12000,7.29,0,0.23,N,6
32,130000,MORTGAGE,13,EDUCATION,A,7500,7.29,0,0.06,N,6
32,24000,OWN,1,MEDICAL,A,2000,7.29,0,0.08,N,6
32,56000,MORTGAGE,5,VENTURE,A,10000,7.14,0,0.18,N,6
32,30000,MORTGAGE,16,EDUCATION,A,7000,6.99,0,0.23,N,6
32,48000,RENT,15,VENTURE,A,3600,6.92,0,0.07,N,6
32,52000,OWN,14,VENTURE,A,15000,6.91,0,0.29,N,6
32,50000,MORTGAGE,3,PERSONAL,A,6000,6.76,0,0.12,N,6
32,96000,MORTGAGE,9,VENTURE,A,7000,6.62,0,0.07,N,6
32,25200,OWN,17,MEDICAL,A,4000,6.54,0,0.16,N,6
32,25200,RENT,9,MEDICAL,A,4900,6.17,0,0.19,N,6
32,35000,MORTGAGE,4,EDUCATION,A,10000,6.03,0,0.29,N,6
32,66300,MORTGAGE,5,MEDICAL,A,6075,6.03,0,0.09,N,6
32,105000,MORTGAGE,5,EDUCATION,A,12100,5.99,0,0.12,N,6
32,49268,RENT,11,VENTURE,A,12000,5.79,0,0.24,N,6
32,53000,RENT,4,MEDICAL,A,9000,5.79,0,0.17,N,6
32,95000,MORTGAGE,9,PERSONAL,A,8500,5.79,0,0.09,N,6
32,38000,RENT,3,VENTURE,A,6350,5.79,0,0.17,N,6
32,54000,MORTGAGE,0,DEBTCONSOLIDATION,A,5000,5.79,0,0.09,N,6
32,31000,MORTGAGE,4,VENTURE,A,12000,5.42,0,0.39,N,6
32,70000,MORTGAGE,7,PERSONAL,A,6000,5.42,0,0.09,N,6
32,69000,RENT,2,HOMEIMPROVEMENT,D,14000,,1,0.2,Y,6
32,21120,RENT,0,MEDICAL,A,10000,,1,0.47,N,6
32,83196,RENT,1,EDUCATION,B,9350,,0,0.11,N,6
32,32423,RENT,10,HOMEIMPROVEMENT,B,8475,,1,0.26,N,6
32,49000,MORTGAGE,9,DEBTCONSOLIDATION,A,8275,,0,0.17,N,6
32,155000,MORTGAGE,8,MEDICAL,C,8000,,0,0.05,Y,6
32,150000,OWN,3,HOMEIMPROVEMENT,C,8000,,0,0.05,Y,6
32,80000,RENT,16,PERSONAL,C,6000,,0,0.07,Y,6
32,32496,RENT,4,EDUCATION,D,5000,,0,0.15,N,6
32,100000,RENT,3,HOMEIMPROVEMENT,C,5000,,0,0.05,N,6
32,113000,MORTGAGE,1,EDUCATION,A,5000,,0,0.04,N,6
32,80000,RENT,0,DEBTCONSOLIDATION,C,5000,,0,0.06,N,6
32,68800,MORTGAGE,13,EDUCATION,A,4800,,0,0.07,N,6
32,50000,RENT,3,PERSONAL,A,3500,,0,0.07,N,6
32,32000,RENT,1,VENTURE,E,2600,,1,0.08,N,6
32,43625,RENT,2,EDUCATION,B,1500,,0,0.03,N,6
32,50880,RENT,6,PERSONAL,F,15000,20.25,0,0.29,Y,5
32,85000,MORTGAGE,3,VENTURE,E,8000,18.79,0,0.09,Y,5
32,44004,RENT,2,DEBTCONSOLIDATION,F,5000,18.25,1,0.11,N,5
32,101000,RENT,0,DEBTCONSOLIDATION,D,15000,17.58,1,0.15,Y,5
32,44400,RENT,5,VENTURE,D,15000,16.49,1,0.34,Y,5
32,35004,RENT,3,MEDICAL,D,8150,16.49,0,0.23,Y,5
32,25200,RENT,,MEDICAL,D,6000,16.49,1,0.24,Y,5
32,86000,MORTGAGE,6,DEBTCONSOLIDATION,E,15000,16.4,1,0.17,Y,5
32,37992,RENT,3,VENTURE,E,5000,16.35,0,0.13,N,5
32,113000,RENT,5,HOMEIMPROVEMENT,D,12000,16.29,1,0.11,N,5
32,35100,MORTGAGE,3,VENTURE,D,10000,15.95,0,0.28,Y,5
32,113000,MORTGAGE,0,HOMEIMPROVEMENT,E,15000,15.68,0,0.13,Y,5
32,44004,RENT,5,MEDICAL,D,2200,15.65,1,0.05,N,5
32,37440,OWN,0,MEDICAL,D,5000,15.37,0,0.13,N,5
32,22800,RENT,1,VENTURE,D,7125,15.28,1,0.31,N,5
32,90000,MORTGAGE,16,EDUCATION,C,21400,15.23,0,0.24,Y,5
32,64000,RENT,11,DEBTCONSOLIDATION,D,25000,15.2,1,0.39,N,5
32,62900,RENT,6,MEDICAL,D,16000,14.96,1,0.22,N,5
32,56784,OWN,3,MEDICAL,D,12000,14.96,0,0.21,Y,5
32,118000,MORTGAGE,3,DEBTCONSOLIDATION,D,8875,14.84,1,0.08,N,5
32,70000,RENT,2,MEDICAL,C,15000,14.27,0,0.21,Y,5
32,40500,RENT,0,VENTURE,C,6000,14.26,0,0.15,Y,5
32,60000,RENT,6,MEDICAL,C,6000,13.98,0,0.1,N,5
32,128000,RENT,11,VENTURE,C,10000,13.85,1,0.08,Y,5
32,35000,MORTGAGE,11,DEBTCONSOLIDATION,C,4000,13.61,0,0.11,Y,5
32,48000,RENT,3,EDUCATION,C,14100,13.49,0,0.29,N,5
32,60000,MORTGAGE,4,HOMEIMPROVEMENT,C,3250,13.49,0,0.05,Y,5
32,40000,RENT,1,DEBTCONSOLIDATION,C,9600,13.48,0,0.24,Y,5
32,25000,RENT,0,PERSONAL,C,3000,13.48,0,0.12,N,5
32,100000,RENT,7,DEBTCONSOLIDATION,C,14400,13.35,0,0.14,N,5
32,57000,MORTGAGE,11,MEDICAL,C,9000,13.35,0,0.16,Y,5
32,28672,OWN,5,EDUCATION,C,4650,13.22,0,0.16,Y,5
32,39500,RENT,12,DEBTCONSOLIDATION,C,20000,13.11,1,0.51,N,5
32,27000,RENT,5,EDUCATION,C,4500,13.11,0,0.17,Y,5
32,27000,RENT,5,VENTURE,C,4500,13.11,0,0.17,Y,5
32,51000,RENT,1,PERSONAL,C,9000,12.99,0,0.18,Y,5
32,65000,RENT,2,MEDICAL,C,19000,12.84,0,0.29,Y,5
32,45489,MORTGAGE,13,PERSONAL,C,18250,12.73,0,0.4,Y,5
32,27000,RENT,2,EDUCATION,C,6000,12.73,0,0.22,Y,5
32,73000,RENT,0,EDUCATION,B,22400,12.69,1,0.31,N,5
32,45000,MORTGAGE,,PERSONAL,B,7200,12.69,0,0.16,N,5
32,40000,OWN,2,VENTURE,C,7000,12.68,0,0.17,N,5
32,40320,RENT,4,MEDICAL,C,8700,12.61,0,0.22,Y,5
32,30000,RENT,5,VENTURE,D,6000,12.61,1,0.2,Y,5
32,227500,RENT,3,MEDICAL,C,25000,12.53,0,0.11,N,5
32,87000,MORTGAGE,8,MEDICAL,B,24800,12.53,0,0.29,N,5
32,47004,RENT,7,HOMEIMPROVEMENT,C,12000,12.53,1,0.26,N,5
32,42500,RENT,3,PERSONAL,C,4375,12.23,0,0.1,Y,5
32,65000,OWN,12,VENTURE,B,10000,11.99,0,0.15,N,5
32,75000,MORTGAGE,0,EDUCATION,B,10000,11.89,0,0.13,N,5
32,57223,RENT,0,PERSONAL,B,15000,11.83,1,0.26,N,5
32,85000,RENT,7,DEBTCONSOLIDATION,B,6000,11.71,0,0.07,N,5
32,155000,RENT,3,PERSONAL,C,7500,11.59,0,0.05,Y,5
32,75333,MORTGAGE,1,EDUCATION,B,15000,11.58,0,0.2,N,5
32,65000,MORTGAGE,6,PERSONAL,B,5600,11.58,0,0.09,N,5
32,65000,MORTGAGE,6,PERSONAL,B,5600,11.58,0,0.09,N,5
32,95000,RENT,5,HOMEIMPROVEMENT,C,6400,11.54,0,0.07,N,5
32,61000,RENT,4,DEBTCONSOLIDATION,B,17000,11.49,0,0.28,N,5
32,101000,MORTGAGE,12,DEBTCONSOLIDATION,B,8000,11.49,0,0.08,N,5
32,35000,RENT,2,PERSONAL,B,5500,11.49,0,0.16,N,5
32,64600,MORTGAGE,12,MEDICAL,B,25000,11.36,1,0.33,N,5
32,170000,RENT,9,PERSONAL,B,10000,11.14,0,0.06,N,5
32,80000,RENT,6,DEBTCONSOLIDATION,B,9600,11.14,0,0.12,N,5
32,204000,OWN,16,EDUCATION,B,25000,11.12,0,0.12,N,5
32,42000,RENT,6,PERSONAL,B,4000,11.12,0,0.1,N,5
32,40000,RENT,2,EDUCATION,B,5400,11.11,0,0.14,N,5
32,78096,MORTGAGE,4,EDUCATION,B,10000,10.99,0,0.13,N,5
32,98000,MORTGAGE,16,DEBTCONSOLIDATION,B,15000,10.95,1,0.15,N,5
32,50000,RENT,1,MEDICAL,B,14800,10.83,0,0.3,N,5
32,32000,OWN,2,VENTURE,C,4000,10.78,0,0.13,Y,5
32,63000,RENT,9,DEBTCONSOLIDATION,B,8000,10.74,1,0.13,N,5
32,95000,MORTGAGE,16,PERSONAL,B,20000,10.65,0,0.21,N,5
32,75000,MORTGAGE,12,HOMEIMPROVEMENT,B,12000,10.65,0,0.16,N,5
32,188000,RENT,14,DEBTCONSOLIDATION,B,25000,10.62,1,0.13,N,5
32,72000,RENT,5,VENTURE,B,12000,10.62,0,0.17,N,5
32,90000,RENT,2,MEDICAL,B,12000,10.62,0,0.13,N,5
32,76254,RENT,3,HOMEIMPROVEMENT,B,14000,10.38,0,0.18,N,5
32,114000,RENT,17,HOMEIMPROVEMENT,B,6000,10.37,0,0.05,N,5
32,24000,RENT,2,MEDICAL,B,2500,10.37,0,0.1,N,5
32,45000,RENT,1,DEBTCONSOLIDATION,B,5000,10.36,0,0.11,N,5
32,12000,RENT,3,MEDICAL,C,900,10.28,1,0.07,N,5
32,131000,MORTGAGE,2,DEBTCONSOLIDATION,B,11200,10.25,0,0.09,N,5
32,34000,RENT,0,EDUCATION,B,7500,10.01,1,0.22,N,5
32,78400,MORTGAGE,2,EDUCATION,B,1200,10,0,0.02,N,5
32,51000,MORTGAGE,1,VENTURE,B,10000,9.99,0,0.2,N,5
32,62000,RENT,1,HOMEIMPROVEMENT,B,8000,9.99,0,0.13,N,5
32,70000,MORTGAGE,7,DEBTCONSOLIDATION,B,10000,9.88,0,0.14,N,5
32,572400,RENT,16,MEDICAL,B,16000,9.76,0,0.03,N,5
32,104400,MORTGAGE,17,DEBTCONSOLIDATION,A,24000,8.9,1,0.23,N,5
32,44400,MORTGAGE,3,EDUCATION,A,15000,8.9,1,0.34,N,5
32,47000,OWN,8,VENTURE,A,6000,8.9,0,0.13,N,5
32,84996,MORTGAGE,5,MEDICAL,B,20000,8.88,0,0.24,N,5
32,130000,MORTGAGE,0,EDUCATION,A,12000,8.59,0,0.09,N,5
32,83000,MORTGAGE,1,EDUCATION,A,10000,8,0,0.12,N,5
32,57192,RENT,5,PERSONAL,A,6400,8,0,0.11,N,5
32,25200,RENT,0,PERSONAL,A,5000,7.91,0,0.2,N,5
32,139200,MORTGAGE,5,EDUCATION,A,6000,7.9,0,0.04,N,5
32,135000,MORTGAGE,16,PERSONAL,A,13000,7.88,0,0.1,N,5
32,65000,MORTGAGE,12,VENTURE,A,12000,7.88,0,0.18,N,5
32,25000,OTHER,3,DEBTCONSOLIDATION,A,11200,7.88,1,0.45,N,5
32,90000,RENT,0,PERSONAL,A,8000,7.88,0,0.09,N,5
32,70000,RENT,2,EDUCATION,A,9850,7.75,0,0.14,N,5
32,56004,RENT,9,DEBTCONSOLIDATION,A,8000,7.66,0,0.14,N,5
32,45000,RENT,0,MEDICAL,A,8000,7.66,0,0.18,N,5
32,45000,MORTGAGE,6,PERSONAL,A,15000,7.51,0,0.33,N,5
32,44500,OWN,3,EDUCATION,A,15000,7.51,0,0.34,N,5
32,44500,OWN,3,HOMEIMPROVEMENT,A,15000,7.51,0,0.34,N,5
32,46000,RENT,4,MEDICAL,A,9000,7.51,0,0.2,N,5
32,240000,MORTGAGE,5,MEDICAL,A,8400,7.51,0,0.04,N,5
32,120000,MORTGAGE,0,DEBTCONSOLIDATION,A,6600,7.49,0,0.06,N,5
32,65000,RENT,4,MEDICAL,A,6000,7.49,0,0.09,N,5
32,45000,MORTGAGE,7,EDUCATION,A,4000,7.49,0,0.09,N,5
32,70000,OWN,12,VENTURE,A,3000,7.49,0,0.04,N,5
32,51250,RENT,2,MEDICAL,A,11000,7.29,0,0.21,N,5
32,30000,OWN,10,HOMEIMPROVEMENT,A,17875,6.99,0,0.6,N,5
32,71000,MORTGAGE,10,MEDICAL,A,14000,6.99,0,0.2,N,5
32,36000,RENT,2,VENTURE,A,3050,6.99,0,0.08,N,5
32,48000,RENT,15,DEBTCONSOLIDATION,A,3600,6.92,0,0.07,N,5
32,63000,RENT,11,EDUCATION,A,14000,6.91,0,0.22,N,5
32,36500,RENT,2,HOMEIMPROVEMENT,A,5000,6.91,1,0.14,N,5
32,60000,MORTGAGE,16,MEDICAL,A,6000,6.62,0,0.1,N,5
32,54996,RENT,4,VENTURE,A,15000,6.54,0,0.27,N,5
32,20004,RENT,16,PERSONAL,A,3500,6.39,0,0.17,N,5
32,140000,MORTGAGE,0,HOMEIMPROVEMENT,A,18000,6.17,0,0.13,N,5
32,44000,MORTGAGE,9,DEBTCONSOLIDATION,A,15600,6.17,0,0.35,N,5
32,56256,MORTGAGE,2,PERSONAL,A,6500,6.17,0,0.12,N,5
32,230000,RENT,0,HOMEIMPROVEMENT,A,15000,5.99,0,0.07,N,5
32,108000,RENT,16,PERSONAL,A,6125,5.99,1,0.06,N,5
32,86004,MORTGAGE,16,DEBTCONSOLIDATION,A,8000,5.79,0,0.09,N,5
32,45000,MORTGAGE,3,DEBTCONSOLIDATION,A,5000,5.79,0,0.11,N,5
32,70000,MORTGAGE,3,VENTURE,A,4000,5.79,0,0.06,N,5
32,48000,MORTGAGE,8,HOMEIMPROVEMENT,A,5200,5.42,0,0.11,N,5
32,48000,MORTGAGE,8,DEBTCONSOLIDATION,A,5200,5.42,0,0.11,N,5
32,15600,RENT,4,HOMEIMPROVEMENT,A,5000,5.42,1,0.32,N,5
32,106300,MORTGAGE,13,PERSONAL,A,20000,,0,0.19,N,5
32,132000,MORTGAGE,2,VENTURE,A,18000,,0,0.14,N,5
32,100000,RENT,2,PERSONAL,A,18000,,0,0.18,N,5
32,66725,RENT,4,MEDICAL,B,15000,,1,0.19,N,5
32,96000,RENT,8,HOMEIMPROVEMENT,A,9500,,0,0.1,N,5
32,65000,MORTGAGE,3,PERSONAL,A,8000,,0,0.12,N,5
32,45000,RENT,0,MEDICAL,A,8000,,0,0.18,N,5
32,62000,RENT,6,MEDICAL,B,6000,,0,0.1,N,5
32,27840,RENT,3,PERSONAL,E,6000,,0,0.22,Y,5
32,100000,MORTGAGE,4,EDUCATION,A,4500,,0,0.04,N,5
32,52256,RENT,13,PERSONAL,B,4400,,0,0.08,N,5
32,64000,RENT,1,EDUCATION,D,4200,,1,0.07,Y,5
32,32004,RENT,1,VENTURE,D,3400,,1,0.11,Y,5
32,160000,MORTGAGE,2,MEDICAL,B,3200,,0,0.02,N,5
32,90000,RENT,0,VENTURE,C,3025,,0,0.03,Y,5
32,105000,RENT,15,DEBTCONSOLIDATION,B,3000,,0,0.03,N,5
32,120000,MORTGAGE,13,EDUCATION,B,2000,,0,0.02,N,5
31,70550,MORTGAGE,9,MEDICAL,F,18000,19.74,1,0.22,Y,10
31,73000,RENT,8,EDUCATION,E,35000,19.29,1,0.48,Y,10
31,60000,MORTGAGE,5,VENTURE,F,19400,18.53,0,0.32,Y,10
31,54000,MORTGAGE,5,MEDICAL,F,19400,18.53,1,0.36,N,10
31,305000,MORTGAGE,0,HOMEIMPROVEMENT,D,35000,17.58,0,0.11,Y,10
31,46080,RENT,3,MEDICAL,E,2800,17.56,0,0.06,N,10
31,73000,MORTGAGE,9,DEBTCONSOLIDATION,E,18000,17.39,1,0.25,Y,10
31,50000,RENT,5,HOMEIMPROVEMENT,E,2500,17.04,0,0.05,Y,10
31,40000,MORTGAGE,2,DEBTCONSOLIDATION,D,9500,16.77,1,0.24,N,10
31,130000,RENT,6,VENTURE,D,12000,16.49,0,0.09,N,10
31,128000,RENT,2,VENTURE,D,30000,16.29,1,0.23,N,10
31,39000,RENT,0,HOMEIMPROVEMENT,D,16450,16.02,1,0.42,N,10
31,47500,RENT,2,MEDICAL,C,10000,15.96,0,0.21,N,10
31,50000,RENT,4,PERSONAL,D,6000,15.62,0,0.12,Y,10
31,55200,RENT,5,MEDICAL,D,15000,15.58,1,0.27,Y,10
31,62839,RENT,15,HOMEIMPROVEMENT,D,9000,15.33,0,0.14,N,10
31,40000,OWN,0,MEDICAL,D,15000,15.31,0,0.38,Y,10
31,41004,RENT,5,MEDICAL,D,5000,15.28,0,0.12,N,10
31,59534,RENT,5,PERSONAL,D,15000,15.21,0,0.25,Y,10
31,57335,MORTGAGE,6,EDUCATION,D,16500,14.84,0,0.29,N,10
31,51500,RENT,6,EDUCATION,D,19000,14.83,1,0.37,Y,10
31,51500,RENT,6,HOMEIMPROVEMENT,D,19000,14.83,1,0.37,N,10
31,75000,MORTGAGE,0,EDUCATION,D,20000,14.74,0,0.27,N,10
31,17676,OWN,1,EDUCATION,D,2500,14.74,0,0.14,N,10
31,72100,RENT,1,HOMEIMPROVEMENT,C,8000,14.65,0,0.11,Y,10
31,92000,RENT,3,PERSONAL,D,17000,14.54,0,0.18,Y,10
31,45000,MORTGAGE,12,DEBTCONSOLIDATION,C,12250,14.27,0,0.27,Y,10
31,78000,RENT,15,EDUCATION,C,10000,14.27,1,0.13,N,10
31,78000,MORTGAGE,1,HOMEIMPROVEMENT,C,20000,14.26,1,0.26,Y,10
31,99000,RENT,15,DEBTCONSOLIDATION,C,12000,14.26,0,0.12,Y,10
31,99000,RENT,15,HOMEIMPROVEMENT,C,12000,14.26,0,0.12,N,10
31,110000,MORTGAGE,0,HOMEIMPROVEMENT,C,5000,14.26,0,0.05,N,10
31,250000,MORTGAGE,2,MEDICAL,C,4000,14.22,0,0.02,Y,10
31,62050,RENT,5,MEDICAL,D,5800,14.11,1,0.08,Y,10
31,238000,MORTGAGE,14,DEBTCONSOLIDATION,D,12000,14.09,1,0.05,Y,10
31,49000,OWN,15,EDUCATION,C,14000,13.99,0,0.29,N,10
31,135000,MORTGAGE,12,MEDICAL,C,15000,13.85,0,0.11,N,10
31,95000,RENT,2,EDUCATION,C,2500,13.72,0,0.03,Y,10
31,95000,RENT,3,HOMEIMPROVEMENT,D,24000,13.67,0,0.25,Y,10
31,260000,MORTGAGE,6,DEBTCONSOLIDATION,C,25000,13.57,0,0.1,Y,10
31,86500,OWN,0,PERSONAL,C,25000,13.57,0,0.29,Y,10
31,99504,RENT,5,DEBTCONSOLIDATION,C,7500,13.57,0,0.08,N,10
31,108000,MORTGAGE,11,DEBTCONSOLIDATION,C,35000,13.49,1,0.32,N,10
31,90000,MORTGAGE,3,HOMEIMPROVEMENT,C,12000,13.48,0,0.13,N,10
31,55000,RENT,3,HOMEIMPROVEMENT,C,12000,13.23,0,0.22,N,10
31,64000,MORTGAGE,4,DEBTCONSOLIDATION,C,5100,13.22,1,0.08,N,10
31,50402,MORTGAGE,4,VENTURE,C,3000,13.22,0,0.06,Y,10
31,67000,RENT,0,MEDICAL,C,13000,13.06,0,0.19,N,10
31,38400,RENT,3,EDUCATION,C,2200,13.06,0,0.06,Y,10
31,54000,RENT,1,MEDICAL,C,4800,12.99,0,0.09,Y,10
31,60000,MORTGAGE,4,DEBTCONSOLIDATION,C,1500,12.99,0,0.03,N,10
31,45996,RENT,10,VENTURE,C,8800,12.84,0,0.19,Y,10
31,13000,RENT,0,VENTURE,C,8000,12.84,1,0.62,N,10
31,66000,RENT,11,HOMEIMPROVEMENT,B,10500,12.69,0,0.16,N,10
31,74000,MORTGAGE,13,VENTURE,C,1500,12.68,1,0.02,N,10
31,54200,RENT,4,VENTURE,C,7500,12.61,0,0.14,N,10
31,80004,MORTGAGE,9,MEDICAL,C,3500,12.61,0,0.04,N,10
31,20000,RENT,7,DEBTCONSOLIDATION,C,5075,12.54,0,0.25,Y,10
31,36000,RENT,2,MEDICAL,C,3500,12.53,0,0.1,Y,10
31,20000,RENT,7,EDUCATION,C,2500,12.53,0,0.13,Y,10
31,85000,OTHER,4,HOMEIMPROVEMENT,B,16000,11.89,0,0.19,N,10
31,41303,RENT,4,PERSONAL,B,9900,11.89,0,0.24,N,10
31,24000,RENT,0,HOMEIMPROVEMENT,B,1500,11.86,1,0.06,N,10
31,12000,RENT,2,EDUCATION,B,2400,11.71,1,0.2,N,10
31,25000,RENT,0,MEDICAL,C,4800,11.54,0,0.19,Y,10
31,76500,RENT,1,EDUCATION,B,14000,11.49,0,0.18,N,10
31,38000,OWN,15,VENTURE,B,10400,11.49,0,0.27,N,10
31,26000,RENT,15,VENTURE,B,1250,11.49,0,0.05,N,10
31,636000,RENT,2,DEBTCONSOLIDATION,B,17500,11.48,0,0.03,N,10
31,125000,MORTGAGE,4,VENTURE,B,12500,11.48,0,0.1,N,10
31,56400,RENT,1,VENTURE,B,7500,11.48,0,0.13,N,10
31,60380,MORTGAGE,10,PERSONAL,B,6000,11.48,0,0.1,N,10
31,31600,MORTGAGE,4,MEDICAL,B,7500,11.36,0,0.24,N,10
31,66000,RENT,9,HOMEIMPROVEMENT,B,2550,11.36,0,0.04,N,10
31,24000,OWN,0,VENTURE,B,6200,11.14,0,0.26,N,10
31,90000,MORTGAGE,8,HOMEIMPROVEMENT,B,18000,11.11,0,0.2,N,10
31,35142,RENT,,EDUCATION,B,8000,11.11,0,0.23,N,10
31,20400,OWN,0,MEDICAL,C,11000,11.03,0,0.54,Y,10
31,50000,MORTGAGE,0,MEDICAL,B,18225,10.99,0,0.36,N,10
31,77940,MORTGAGE,3,DEBTCONSOLIDATION,B,16250,10.99,0,0.21,N,10
31,215000,MORTGAGE,2,MEDICAL,B,15000,10.99,0,0.07,N,10
31,45000,RENT,3,DEBTCONSOLIDATION,B,8000,10.99,0,0.18,N,10
31,45000,MORTGAGE,16,VENTURE,B,6000,10.99,0,0.13,N,10
31,80000,MORTGAGE,0,PERSONAL,B,15000,10.95,0,0.19,N,10
31,65000,RENT,8,MEDICAL,B,7500,10.95,0,0.12,N,10
31,44960,MORTGAGE,0,DEBTCONSOLIDATION,B,5000,10.95,1,0.11,N,10
31,89000,MORTGAGE,15,EDUCATION,B,14000,10.65,0,0.16,N,10
31,22000,RENT,6,EDUCATION,B,4800,10.65,0,0.22,N,10
31,50000,MORTGAGE,2,DEBTCONSOLIDATION,B,5000,10.62,0,0.1,N,10
31,100000,MORTGAGE,5,HOMEIMPROVEMENT,B,15000,10.59,0,0.15,N,10
31,55000,RENT,3,DEBTCONSOLIDATION,B,10000,10.59,0,0.18,N,10
31,60000,MORTGAGE,0,VENTURE,B,7800,10.59,0,0.13,N,10
31,75000,MORTGAGE,3,EDUCATION,B,12000,10.38,0,0.16,N,10
31,51000,RENT,4,EDUCATION,B,6625,10.38,0,0.13,N,10
31,66000,RENT,3,PERSONAL,B,21000,10.37,1,0.32,N,10
31,61400,MORTGAGE,15,PERSONAL,B,15000,10.25,0,0.24,N,10
31,57600,MORTGAGE,5,EDUCATION,B,15000,10.25,0,0.26,N,10
31,100000,MORTGAGE,8,VENTURE,B,7000,10.08,0,0.07,N,10
31,30000,RENT,0,DEBTCONSOLIDATION,B,3000,10.08,1,0.1,N,10
31,102000,RENT,11,MEDICAL,B,18000,10,0,0.18,N,10
31,68000,MORTGAGE,2,DEBTCONSOLIDATION,B,18000,10,0,0.26,N,10
31,41000,RENT,1,MEDICAL,B,4000,10,0,0.1,N,10
31,80000,MORTGAGE,7,PERSONAL,B,25000,9.99,0,0.31,N,10
31,43000,RENT,1,MEDICAL,B,5000,9.99,0,0.12,N,10
31,36000,RENT,7,EDUCATION,B,4500,9.99,0,0.13,N,10
31,29760,MORTGAGE,0,MEDICAL,A,10000,9.63,0,0.34,N,10
31,32496,MORTGAGE,2,PERSONAL,B,1800,9.63,0,0.06,N,10
31,95800,RENT,1,HOMEIMPROVEMENT,B,5750,9.45,0,0.06,N,10
31,40000,RENT,0,VENTURE,B,5000,9.45,0,0.13,N,10
31,85000,MORTGAGE,14,DEBTCONSOLIDATION,A,10400,9.32,0,0.12,N,10
31,61104,MORTGAGE,3,HOMEIMPROVEMENT,B,15000,9.25,0,0.25,N,10
31,88000,MORTGAGE,10,DEBTCONSOLIDATION,B,7000,9.2,0,0.08,N,10
31,30016,OWN,3,HOMEIMPROVEMENT,A,11000,8.94,0,0.37,N,10
31,30000,RENT,0,HOMEIMPROVEMENT,A,10000,8.94,1,0.33,N,10
31,60000,RENT,4,HOMEIMPROVEMENT,A,25000,8.9,1,0.42,N,10
31,80000,MORTGAGE,13,EDUCATION,A,20000,8.9,0,0.25,N,10
31,70000,MORTGAGE,9,MEDICAL,A,18000,8.9,0,0.26,N,10
31,87504,MORTGAGE,14,MEDICAL,A,12650,8.9,0,0.14,N,10
31,33000,RENT,2,VENTURE,A,7000,8.9,0,0.21,N,10
31,116004,MORTGAGE,13,MEDICAL,A,6775,8.59,0,0.06,N,10
31,123000,RENT,2,VENTURE,A,7000,8.49,0,0.06,N,10
31,42000,RENT,2,EDUCATION,A,5000,8.49,1,0.12,N,10
31,60000,RENT,4,HOMEIMPROVEMENT,A,4200,8.49,0,0.07,N,10
31,84996,MORTGAGE,1,VENTURE,A,2500,8.49,0,0.03,N,10
31,65000,MORTGAGE,3,DEBTCONSOLIDATION,A,23200,7.9,0,0.36,N,10
31,101000,RENT,3,DEBTCONSOLIDATION,A,20000,7.9,0,0.2,N,10
31,102672,OWN,,EDUCATION,A,10000,7.9,0,0.1,N,10
31,30000,MORTGAGE,2,PERSONAL,A,2000,7.9,0,0.07,N,10
31,70000,MORTGAGE,16,VENTURE,A,14000,7.88,0,0.2,N,10
31,74400,MORTGAGE,11,VENTURE,A,13000,7.88,0,0.17,N,10
31,52000,MORTGAGE,8,HOMEIMPROVEMENT,A,6400,7.88,0,0.12,N,10
31,102000,MORTGAGE,5,EDUCATION,A,4000,7.88,0,0.04,N,10
31,10000,RENT,2,EDUCATION,A,3250,7.88,1,0.33,N,10
31,75000,RENT,2,VENTURE,A,6000,7.68,0,0.08,N,10
31,70000,RENT,4,EDUCATION,A,5500,7.68,0,0.08,N,10
31,34000,MORTGAGE,3,EDUCATION,A,13500,7.66,0,0.4,N,10
31,83000,MORTGAGE,3,EDUCATION,A,7500,7.66,0,0.09,N,10
31,59000,RENT,14,DEBTCONSOLIDATION,A,20000,7.51,1,0.34,N,10
31,48000,MORTGAGE,0,MEDICAL,A,7800,7.51,0,0.16,N,10
31,67000,RENT,2,VENTURE,A,3000,7.51,0,0.04,N,10
31,60000,RENT,5,HOMEIMPROVEMENT,A,12000,7.49,0,0.2,N,10
31,68000,RENT,1,HOMEIMPROVEMENT,A,6000,7.49,0,0.09,N,10
31,32400,MORTGAGE,14,HOMEIMPROVEMENT,A,3000,7.49,0,0.09,N,10
31,24000,MORTGAGE,3,VENTURE,A,3000,7.49,0,0.13,N,10
31,24000,RENT,2,DEBTCONSOLIDATION,A,3000,7.49,0,0.13,N,10
31,30000,RENT,4,MEDICAL,A,2200,7.49,0,0.07,N,10
31,80000,MORTGAGE,6,EDUCATION,A,12750,7.29,0,0.16,N,10
31,75000,MORTGAGE,2,EDUCATION,A,12000,7.29,0,0.16,N,10
31,80400,RENT,0,DEBTCONSOLIDATION,A,12000,7.29,0,0.15,N,10
31,552000,RENT,0,PERSONAL,A,8000,7.29,0,0.01,N,10
31,42500,RENT,3,MEDICAL,A,6500,7.29,0,0.15,N,10
31,57006,RENT,7,VENTURE,A,6000,7.29,0,0.11,N,10
31,55000,MORTGAGE,2,PERSONAL,A,8000,7.14,0,0.15,N,10
31,65000,RENT,9,VENTURE,A,6000,6.99,0,0.09,N,10
31,72000,MORTGAGE,7,VENTURE,A,5000,6.92,0,0.07,N,10
31,12996,RENT,4,MEDICAL,A,1750,6.76,0,0.13,N,10
31,32500,MORTGAGE,4,MEDICAL,A,8975,6.62,0,0.28,N,10
31,61200,RENT,,MEDICAL,A,2500,6.62,0,0.04,N,10
31,40000,MORTGAGE,5,PERSONAL,A,14000,6.03,0,0.35,N,10
31,69000,RENT,2,PERSONAL,A,14000,6.03,0,0.2,N,10
31,80000,RENT,2,MEDICAL,A,6000,6.03,0,0.07,N,10
31,96000,MORTGAGE,4,DEBTCONSOLIDATION,A,9600,5.99,0,0.1,N,10
31,57400,MORTGAGE,6,PERSONAL,A,7600,5.99,0,0.13,N,10
31,80000,OWN,13,MEDICAL,A,12000,5.79,0,0.15,N,10
31,62000,MORTGAGE,4,MEDICAL,A,6550,5.79,0,0.11,N,10
31,46500,MORTGAGE,2,DEBTCONSOLIDATION,A,6250,5.79,0,0.13,N,10
31,78000,MORTGAGE,9,HOMEIMPROVEMENT,A,5000,5.79,0,0.06,N,10
31,82000,MORTGAGE,15,DEBTCONSOLIDATION,A,9000,5.42,0,0.11,N,10
31,94000,MORTGAGE,15,PERSONAL,A,3000,5.42,0,0.03,N,10
31,78100,RENT,4,MEDICAL,A,2425,5.42,0,0.03,N,10
31,190000,MORTGAGE,15,MEDICAL,C,24000,,0,0.13,N,10
31,201996,MORTGAGE,11,EDUCATION,C,20000,,0,0.1,N,10
31,121000,RENT,15,HOMEIMPROVEMENT,D,18400,,0,0.15,Y,10
31,90000,MORTGAGE,5,VENTURE,A,17000,,0,0.19,N,10
31,62000,MORTGAGE,4,HOMEIMPROVEMENT,B,17000,,0,0.27,N,10
31,85000,MORTGAGE,9,VENTURE,D,16000,,0,0.19,Y,10
31,29000,RENT,14,HOMEIMPROVEMENT,C,15075,,1,0.52,N,10
31,150000,RENT,1,HOMEIMPROVEMENT,B,15000,,0,0.1,N,10
31,48605,RENT,0,VENTURE,B,12000,,0,0.25,N,10
31,53000,MORTGAGE,15,VENTURE,D,10000,,0,0.19,N,10
31,95000,RENT,5,PERSONAL,B,8000,,0,0.08,N,10
31,83000,MORTGAGE,11,MEDICAL,A,7500,,0,0.09,N,10
31,61000,RENT,3,MEDICAL,C,7500,,0,0.12,Y,10
31,30000,RENT,0,HOMEIMPROVEMENT,B,7200,,1,0.24,N,10
31,109440,RENT,9,DEBTCONSOLIDATION,D,5600,,1,0.05,N,10
31,46800,MORTGAGE,14,PERSONAL,B,5500,,0,0.12,N,10
31,54996,RENT,6,PERSONAL,A,5000,,0,0.09,N,10
31,15000,RENT,,EDUCATION,A,5000,,1,0.33,N,10
31,62100,MORTGAGE,,EDUCATION,C,4800,,0,0.08,Y,10
31,37584,RENT,0,MEDICAL,B,3900,,0,0.1,N,10
31,31400,RENT,7,PERSONAL,C,3000,,1,0.1,N,10
31,12252,RENT,15,PERSONAL,C,2400,,1,0.2,Y,10
31,39996,RENT,4,EDUCATION,B,2400,,0,0.06,N,10
31,10200,RENT,,MEDICAL,D,1000,,1,0.1,Y,10
31,175000,MORTGAGE,3,EDUCATION,E,7500,19.69,0,0.04,N,9
31,78000,RENT,0,HOMEIMPROVEMENT,E,18000,18.79,1,0.23,N,9
31,59712,RENT,0,DEBTCONSOLIDATION,E,24000,17.43,1,0.4,N,9
31,39000,MORTGAGE,6,DEBTCONSOLIDATION,D,4000,16.77,1,0.1,Y,9
31,146000,MORTGAGE,12,EDUCATION,E,2500,16.7,0,0.02,N,9
31,60000,OWN,3,DEBTCONSOLIDATION,D,5000,16.49,0,0.08,N,9
31,24000,OWN,14,PERSONAL,D,2000,16.29,0,0.08,N,9
31,41000,RENT,1,EDUCATION,D,5000,16.07,1,0.12,N,9
31,36000,RENT,2,VENTURE,D,2800,16,1,0.08,N,9
31,110000,RENT,4,HOMEIMPROVEMENT,D,10000,15.99,0,0.09,Y,9
31,62050,RENT,0,MEDICAL,D,3600,15.95,1,0.05,N,9
31,351699,RENT,7,HOMEIMPROVEMENT,D,10500,15.7,0,0.03,N,9
31,31800,RENT,6,DEBTCONSOLIDATION,D,3000,15.62,1,0.09,Y,9
31,57996,RENT,4,PERSONAL,D,4800,15.58,1,0.08,Y,9
31,29000,RENT,5,MEDICAL,D,9000,15.37,1,0.31,N,9
31,160000,RENT,8,VENTURE,C,3600,15.23,0,0.02,Y,9
31,110000,MORTGAGE,5,VENTURE,D,5000,14.96,0,0.05,Y,9
31,47000,MORTGAGE,10,VENTURE,D,23000,14.84,1,0.49,N,9
31,300000,MORTGAGE,1,VENTURE,D,25000,14.83,0,0.08,N,9
31,35000,RENT,1,VENTURE,D,3000,14.74,1,0.09,Y,9
31,46000,RENT,1,VENTURE,D,13000,14.59,1,0.28,N,9
31,17000,RENT,2,MEDICAL,D,4000,14.59,1,0.24,Y,9
31,33000,RENT,1,MEDICAL,D,9750,14.54,1,0.3,Y,9
31,36400,MORTGAGE,0,VENTURE,D,8000,14.46,0,0.22,N,9
31,36000,RENT,4,MEDICAL,D,10000,14.42,0,0.28,Y,9
31,30000,RENT,4,DEBTCONSOLIDATION,D,10000,14.42,1,0.33,N,9
31,39996,OWN,8,HOMEIMPROVEMENT,C,4000,14.35,0,0.1,Y,9
31,26000,MORTGAGE,1,HOMEIMPROVEMENT,C,2400,14.27,0,0.09,N,9
31,78000,MORTGAGE,1,HOMEIMPROVEMENT,C,20000,14.26,1,0.26,N,9
31,64000,RENT,9,HOMEIMPROVEMENT,C,8000,14.22,0,0.13,Y,9
31,48996,MORTGAGE,0,HOMEIMPROVEMENT,D,8500,14.11,1,0.17,Y,9
31,96000,MORTGAGE,15,HOMEIMPROVEMENT,D,8000,14.09,0,0.08,Y,9
31,115000,MORTGAGE,4,VENTURE,C,6500,13.98,0,0.06,N,9
31,56160,RENT,1,DEBTCONSOLIDATION,C,6000,13.98,0,0.11,Y,9
31,135000,MORTGAGE,12,EDUCATION,C,15000,13.85,0,0.11,Y,9
31,80000,MORTGAGE,4,HOMEIMPROVEMENT,C,16000,13.8,0,0.2,N,9
31,36000,RENT,4,MEDICAL,C,4000,13.8,0,0.11,Y,9
31,39000,RENT,5,MEDICAL,C,6600,13.79,0,0.17,Y,9
31,65000,MORTGAGE,3,MEDICAL,C,10000,13.61,0,0.15,N,9
31,86500,OWN,0,VENTURE,C,25000,13.57,0,0.29,N,9
31,50000,MORTGAGE,8,DEBTCONSOLIDATION,C,6000,13.49,0,0.12,Y,9
31,25000,OWN,3,MEDICAL,C,3500,13.49,0,0.14,N,9
31,50000,RENT,2,MEDICAL,C,18000,13.48,1,0.36,Y,9
31,39000,RENT,15,DEBTCONSOLIDATION,C,5200,13.48,0,0.13,N,9
31,123000,MORTGAGE,15,VENTURE,C,19000,13.47,0,0.15,Y,9
31,54000,RENT,2,DEBTCONSOLIDATION,C,5500,13.23,0,0.1,N,9
31,101000,RENT,2,VENTURE,C,7500,13.22,0,0.07,N,9
31,50402,MORTGAGE,4,PERSONAL,C,3000,13.22,0,0.06,N,9
31,34000,RENT,0,MEDICAL,C,12000,13.16,1,0.35,Y,9
31,35000,RENT,4,MEDICAL,C,15000,13.11,1,0.43,N,9
31,35000,RENT,6,MEDICAL,C,11700,13.06,1,0.33,N,9
31,58000,OWN,7,VENTURE,C,14000,12.87,0,0.24,N,9
31,121000,MORTGAGE,15,DEBTCONSOLIDATION,C,25000,12.73,0,0.21,Y,9
31,65000,MORTGAGE,15,VENTURE,B,30000,12.69,0,0.46,N,9
31,68000,MORTGAGE,2,PERSONAL,B,12000,12.69,0,0.18,N,9
31,118000,MORTGAGE,8,MEDICAL,B,6000,12.69,0,0.05,N,9
31,59000,RENT,2,HOMEIMPROVEMENT,C,8750,12.68,0,0.15,N,9
31,82116,MORTGAGE,12,HOMEIMPROVEMENT,C,2800,12.68,0,0.03,Y,9
31,50268,MORTGAGE,4,PERSONAL,D,12000,12.61,0,0.24,N,9
31,57000,RENT,2,EDUCATION,B,7500,12.53,0,0.13,N,9
31,100000,RENT,6,HOMEIMPROVEMENT,B,20000,12.42,0,0.2,N,9
31,100000,RENT,6,VENTURE,B,20000,12.42,0,0.2,N,9
31,43000,RENT,15,MEDICAL,B,13350,12.42,1,0.31,N,9
31,55000,MORTGAGE,15,VENTURE,B,4000,12.42,0,0.07,N,9
31,76000,MORTGAGE,5,PERSONAL,C,5000,12.41,1,0.07,Y,9
31,28800,RENT,0,PERSONAL,C,6200,12.23,0,0.22,N,9
31,82656,OTHER,10,DEBTCONSOLIDATION,C,6000,12.09,0,0.07,Y,9
31,51320,OWN,1,MEDICAL,C,5000,11.97,0,0.1,Y,9
31,92000,MORTGAGE,10,EDUCATION,B,6000,11.86,0,0.07,N,9
31,42000,RENT,3,MEDICAL,B,5000,11.86,0,0.12,N,9
31,65000,MORTGAGE,4,DEBTCONSOLIDATION,B,20000,11.71,0,0.31,N,9
31,95000,MORTGAGE,5,VENTURE,B,18000,11.71,0,0.19,N,9
31,27600,OWN,1,EDUCATION,B,3000,11.49,0,0.11,N,9
31,135000,MORTGAGE,2,MEDICAL,B,20000,11.36,0,0.15,N,9
31,66000,RENT,9,EDUCATION,B,2550,11.36,0,0.04,N,9
31,30000,OWN,6,VENTURE,B,2500,11.36,0,0.08,N,9
31,40000,MORTGAGE,4,MEDICAL,C,12650,11.34,0,0.32,N,9
31,120000,MORTGAGE,0,VENTURE,B,20000,11.14,0,0.17,N,9
31,95000,MORTGAGE,5,DEBTCONSOLIDATION,B,15000,11.14,0,0.16,N,9
31,46992,RENT,1,MEDICAL,B,11000,11.14,0,0.23,N,9
31,32000,RENT,0,HOMEIMPROVEMENT,B,4500,11.14,1,0.14,N,9
31,201000,MORTGAGE,3,HOMEIMPROVEMENT,B,15000,11.12,0,0.07,N,9
31,77940,MORTGAGE,3,VENTURE,B,16250,10.99,0,0.21,N,9
31,54050,RENT,8,PERSONAL,B,12000,10.99,0,0.22,N,9
31,54050,RENT,8,EDUCATION,B,12000,10.99,0,0.22,N,9
31,42000,RENT,1,MEDICAL,B,12000,10.99,0,0.29,N,9
31,89000,RENT,1,VENTURE,B,10000,10.99,0,0.11,N,9
31,120000,MORTGAGE,15,PERSONAL,B,7500,10.99,0,0.06,N,9
31,96588,RENT,2,HOMEIMPROVEMENT,B,20000,10.95,0,0.21,N,9
31,68004,MORTGAGE,15,MEDICAL,B,6000,10.95,0,0.09,N,9
31,134748,MORTGAGE,15,VENTURE,B,18000,10.74,0,0.13,N,9
31,150000,RENT,0,HOMEIMPROVEMENT,B,12000,10.74,0,0.08,N,9
31,43200,RENT,,MEDICAL,B,1000,10.74,0,0.02,N,9
31,44000,RENT,1,HOMEIMPROVEMENT,B,10000,10.71,1,0.23,N,9
31,67000,MORTGAGE,9,DEBTCONSOLIDATION,B,3000,10.65,0,0.04,N,9
31,55728,MORTGAGE,0,MEDICAL,B,13000,10.62,0,0.23,N,9
31,74028,RENT,5,EDUCATION,B,15000,10.59,0,0.2,N,9
31,49000,RENT,5,HOMEIMPROVEMENT,B,6000,10.59,1,0.12,N,9
31,30892,RENT,3,MEDICAL,B,3100,10.59,1,0.1,N,9
31,36000,MORTGAGE,,EDUCATION,B,1000,10.59,0,0.03,N,9
31,30000,RENT,4,DEBTCONSOLIDATION,B,12000,10.39,1,0.4,N,9
31,42100,RENT,4,DEBTCONSOLIDATION,B,5000,10.36,0,0.12,N,9
31,36000,RENT,2,MEDICAL,B,5000,10.36,0,0.14,N,9
31,85224,OWN,15,PERSONAL,B,6000,10,0,0.07,N,9
31,26010,MORTGAGE,2,HOMEIMPROVEMENT,B,6500,9.99,0,0.25,N,9
31,26010,MORTGAGE,2,PERSONAL,B,6500,9.99,0,0.25,N,9
31,55000,MORTGAGE,3,DEBTCONSOLIDATION,B,6250,9.99,0,0.11,N,9
31,57000,MORTGAGE,10,EDUCATION,B,8000,9.88,0,0.14,N,9
31,20400,RENT,0,MEDICAL,B,6225,9.76,1,0.31,N,9
31,78000,RENT,1,DEBTCONSOLIDATION,A,14000,9.63,0,0.18,N,9
31,204000,RENT,0,VENTURE,A,12000,9.63,0,0.06,N,9
31,13000,RENT,6,HOMEIMPROVEMENT,B,7000,9.62,1,0.54,N,9
31,40000,RENT,2,EDUCATION,B,7000,9.62,0,0.17,N,9
31,110000,MORTGAGE,2,DEBTCONSOLIDATION,B,6000,9.51,0,0.05,N,9
31,122000,MORTGAGE,3,HOMEIMPROVEMENT,A,6000,9.38,0,0.05,N,9
31,45000,MORTGAGE,12,PERSONAL,A,6000,9.32,0,0.13,N,9
31,168000,MORTGAGE,2,EDUCATION,B,15500,9.25,0,0.09,N,9
31,24996,MORTGAGE,6,PERSONAL,B,6000,9.25,0,0.24,N,9
31,260000,MORTGAGE,14,VENTURE,A,18000,8.94,0,0.07,N,9
31,120000,MORTGAGE,6,MEDICAL,A,28000,8.9,0,0.23,N,9
31,200000,MORTGAGE,8,DEBTCONSOLIDATION,A,24000,8.9,0,0.12,N,9
31,36000,RENT,3,DEBTCONSOLIDATION,A,6000,8.9,0,0.17,N,9
31,30000,RENT,,DEBTCONSOLIDATION,B,5500,8.88,0,0.18,N,9
31,100000,MORTGAGE,15,PERSONAL,A,19000,8.49,0,0.19,N,9
31,60000,RENT,4,EDUCATION,A,15000,8.49,0,0.25,N,9
31,24000,RENT,3,VENTURE,A,6000,8.49,0,0.25,N,9
31,30792,MORTGAGE,15,HOMEIMPROVEMENT,A,5000,8.32,0,0.16,N,9
31,54996,RENT,5,PERSONAL,A,5000,8,0,0.09,N,9
31,79000,MORTGAGE,1,DEBTCONSOLIDATION,A,5000,8,0,0.06,N,9
31,90000,MORTGAGE,9,DEBTCONSOLIDATION,A,15000,7.9,0,0.17,N,9
31,40000,RENT,1,DEBTCONSOLIDATION,A,8000,7.9,0,0.2,N,9
31,68000,MORTGAGE,15,PERSONAL,A,13600,7.88,0,0.2,N,9
31,140000,MORTGAGE,15,DEBTCONSOLIDATION,A,12000,7.88,0,0.09,N,9
31,54996,RENT,3,HOMEIMPROVEMENT,A,10000,7.74,0,0.18,N,9
31,371000,MORTGAGE,0,HOMEIMPROVEMENT,A,5875,7.74,0,0.02,N,9
31,60000,MORTGAGE,3,VENTURE,A,3600,7.68,0,0.06,N,9
31,64900,RENT,2,VENTURE,A,10000,7.66,0,0.15,N,9
31,125000,OWN,5,MEDICAL,A,30000,7.51,0,0.24,N,9
31,65800,RENT,15,DEBTCONSOLIDATION,A,25000,7.51,1,0.38,N,9
31,60000,MORTGAGE,16,VENTURE,A,8800,7.51,0,0.15,N,9
31,97500,MORTGAGE,3,MEDICAL,A,6000,7.51,0,0.06,N,9
31,60000,RENT,0,MEDICAL,A,12000,7.49,0,0.2,N,9
31,94527,RENT,7,HOMEIMPROVEMENT,A,11000,7.49,0,0.12,N,9
31,55000,MORTGAGE,9,DEBTCONSOLIDATION,A,8000,7.49,0,0.15,N,9
31,55000,MORTGAGE,9,HOMEIMPROVEMENT,A,8000,7.49,0,0.15,N,9
31,31000,RENT,5,PERSONAL,A,7500,7.49,0,0.24,N,9
31,80000,MORTGAGE,5,VENTURE,A,6000,7.4,0,0.07,N,9
31,80000,MORTGAGE,5,PERSONAL,A,6000,7.4,0,0.07,N,9
31,10000,RENT,15,DEBTCONSOLIDATION,A,2650,7.4,1,0.27,N,9
31,40351,RENT,12,PERSONAL,A,7200,7.29,0,0.18,N,9
31,33600,MORTGAGE,3,VENTURE,A,7000,7.14,0,0.21,N,9
31,65000,RENT,2,MEDICAL,A,8000,6.99,0,0.12,N,9
31,36000,MORTGAGE,5,VENTURE,A,6000,6.99,0,0.17,N,9
31,36000,OWN,15,VENTURE,A,5000,6.99,0,0.14,N,9
31,42300,OWN,15,VENTURE,A,2000,6.92,0,0.05,N,9
31,70000,MORTGAGE,3,PERSONAL,A,8400,6.91,0,0.12,N,9
31,79800,MORTGAGE,3,PERSONAL,A,5000,6.91,0,0.06,N,9
31,24000,RENT,0,EDUCATION,A,4000,6.76,0,0.17,N,9
31,57758,MORTGAGE,,DEBTCONSOLIDATION,A,12000,6.62,0,0.21,N,9
31,26988,RENT,,VENTURE,A,5800,6.62,0,0.21,N,9
31,27600,RENT,16,DEBTCONSOLIDATION,A,13000,6.54,1,0.47,N,9
31,53088,RENT,0,PERSONAL,A,6000,6.54,0,0.11,N,9
31,50000,RENT,5,MEDICAL,A,8800,6.17,0,0.18,N,9
31,35352,MORTGAGE,15,MEDICAL,A,9000,6.03,0,0.25,N,9
31,65000,MORTGAGE,15,HOMEIMPROVEMENT,A,5000,6.03,0,0.08,N,9
31,69000,RENT,12,HOMEIMPROVEMENT,A,16000,5.99,0,0.23,N,9
31,53329,MORTGAGE,6,HOMEIMPROVEMENT,A,8250,5.99,0,0.15,N,9
31,60000,RENT,3,DEBTCONSOLIDATION,A,7500,5.79,0,0.13,N,9
31,23000,OWN,13,PERSONAL,A,4500,5.79,0,0.2,N,9
31,56000,RENT,9,HOMEIMPROVEMENT,A,4000,5.79,0,0.07,N,9
31,82000,MORTGAGE,15,HOMEIMPROVEMENT,A,9000,5.42,0,0.11,N,9
31,90000,RENT,6,PERSONAL,A,9000,5.42,0,0.1,N,9
31,35000,MORTGAGE,15,PERSONAL,A,8000,5.42,0,0.23,N,9
31,73000,MORTGAGE,3,DEBTCONSOLIDATION,B,15000,,0,0.21,N,9
31,75000,MORTGAGE,4,MEDICAL,B,13800,,0,0.18,N,9
31,75000,MORTGAGE,4,DEBTCONSOLIDATION,B,13800,,0,0.18,N,9
31,50400,RENT,9,VENTURE,B,13000,,0,0.26,N,9
31,42000,RENT,12,PERSONAL,B,12000,,0,0.29,N,9
31,56000,OWN,6,VENTURE,A,11500,,0,0.21,N,9
31,55000,RENT,6,VENTURE,D,11000,,0,0.2,Y,9
31,80000,RENT,6,PERSONAL,A,10000,,0,0.13,N,9
31,80000,RENT,6,VENTURE,A,10000,,0,0.13,N,9
31,46000,RENT,6,PERSONAL,B,8000,,0,0.17,N,9
31,50000,RENT,0,PERSONAL,C,8000,,0,0.16,N,9
31,74076,RENT,9,MEDICAL,B,7200,,0,0.1,N,9
31,39000,RENT,2,PERSONAL,C,7000,,0,0.18,N,9
31,284400,MORTGAGE,,VENTURE,B,5000,,0,0.02,N,9
31,26400,RENT,7,PERSONAL,B,4200,,0,0.16,N,9
31,39996,RENT,4,MEDICAL,B,2400,,0,0.06,N,9
31,83000,MORTGAGE,9,VENTURE,F,18000,19.74,1,0.22,Y,8
31,50000,RENT,4,EDUCATION,E,6800,19.29,0,0.14,N,8
31,70550,RENT,2,MEDICAL,D,16000,17.49,1,0.19,N,8
31,57800,RENT,2,MEDICAL,E,25000,17.19,1,0.37,N,8
31,96000,RENT,5,VENTURE,E,20000,17.19,0,0.21,Y,8
31,15000,MORTGAGE,3,DEBTCONSOLIDATION,D,2000,16.89,1,0.13,Y,8
31,118000,RENT,0,PERSONAL,D,2000,16.89,1,0.02,N,8
31,75000,MORTGAGE,8,EDUCATION,D,16500,16.77,0,0.22,Y,8
31,30000,RENT,0,EDUCATION,D,6600,16.49,1,0.22,Y,8
31,95004,MORTGAGE,3,PERSONAL,D,25000,16.07,0,0.26,Y,8
31,30000,RENT,10,VENTURE,D,4400,15.62,0,0.15,N,8
31,24000,RENT,0,VENTURE,D,4400,15.62,1,0.18,Y,8
31,139016,RENT,5,VENTURE,D,25000,15.37,1,0.18,Y,8
31,94350,MORTGAGE,5,MEDICAL,D,15000,15.37,1,0.14,N,8
31,21000,RENT,13,EDUCATION,D,3000,15.28,0,0.14,Y,8
31,85000,RENT,5,PERSONAL,C,12000,15.27,0,0.14,N,8
31,39420,RENT,0,MEDICAL,C,2500,15.27,0,0.06,Y,8
31,89000,MORTGAGE,8,PERSONAL,D,12250,15.05,0,0.14,N,8
31,94140,RENT,5,VENTURE,D,12000,14.91,0,0.13,Y,8
31,30000,RENT,2,PERSONAL,D,4800,14.84,1,0.16,Y,8
31,40000,RENT,0,MEDICAL,C,1600,14.79,0,0.04,N,8
31,30372,RENT,2,PERSONAL,D,20200,14.74,1,0.67,N,8
31,21900,RENT,,PERSONAL,D,9500,14.59,1,0.43,N,8
31,14400,RENT,3,HOMEIMPROVEMENT,D,4750,14.59,1,0.33,Y,8
31,25000,OWN,0,DEBTCONSOLIDATION,D,2400,14.42,0,0.1,Y,8
31,20800,RENT,0,DEBTCONSOLIDATION,C,6000,14.26,0,0.29,N,8
31,14400,RENT,0,DEBTCONSOLIDATION,C,4200,14.17,1,0.29,Y,8
31,50000,RENT,13,DEBTCONSOLIDATION,D,8000,14.09,1,0.16,Y,8
31,79050,RENT,7,MEDICAL,C,11200,13.99,1,0.12,N,8
31,64800,RENT,3,VENTURE,C,3000,13.98,0,0.05,N,8
31,35000,MORTGAGE,0,MEDICAL,C,15000,13.92,0,0.43,Y,8
31,29000,RENT,0,DEBTCONSOLIDATION,E,10000,13.75,1,0.34,N,8
31,36000,RENT,14,EDUCATION,C,7000,13.72,0,0.19,N,8
31,81000,RENT,8,VENTURE,C,7000,13.61,0,0.09,Y,8
31,30000,RENT,1,HOMEIMPROVEMENT,C,2500,13.57,1,0.08,Y,8
31,170000,MORTGAGE,15,PERSONAL,C,10000,13.49,0,0.06,Y,8
31,75000,RENT,4,MEDICAL,C,4000,13.49,0,0.05,Y,8
31,30000,RENT,1,PERSONAL,C,10000,13.48,1,0.33,N,8
31,26400,RENT,2,VENTURE,C,3250,13.48,0,0.12,N,8
31,45000,RENT,2,VENTURE,C,5000,13.35,0,0.11,N,8
31,48996,RENT,9,PERSONAL,C,14000,13.23,0,0.29,N,8
31,99000,RENT,0,HOMEIMPROVEMENT,C,5675,13.23,0,0.06,Y,8
31,75797,RENT,8,MEDICAL,C,5600,13.22,0,0.07,Y,8
31,87000,OWN,7,HOMEIMPROVEMENT,C,15000,13.11,0,0.17,Y,8
31,95000,MORTGAGE,1,HOMEIMPROVEMENT,C,13200,12.99,0,0.14,Y,8
31,24996,RENT,0,DEBTCONSOLIDATION,C,5000,12.99,1,0.2,N,8
31,101416,MORTGAGE,9,HOMEIMPROVEMENT,C,15000,12.87,0,0.15,Y,8
31,64450,RENT,3,VENTURE,C,12000,12.73,0,0.19,N,8
31,50000,RENT,1,MEDICAL,B,10000,12.69,0,0.2,N,8
31,60000,MORTGAGE,2,HOMEIMPROVEMENT,B,9000,12.69,0,0.15,N,8
31,77000,MORTGAGE,15,HOMEIMPROVEMENT,B,6000,12.69,0,0.08,N,8
31,33600,MORTGAGE,1,MEDICAL,B,15250,12.53,0,0.45,N,8
31,24996,RENT,0,EDUCATION,C,10750,12.53,1,0.43,N,8
31,90000,MORTGAGE,15,EDUCATION,C,10000,12.53,0,0.11,N,8
31,62201,RENT,2,DEBTCONSOLIDATION,B,9000,12.53,0,0.14,N,8
31,90000,RENT,12,EDUCATION,B,18000,12.42,0,0.2,N,8
31,30000,RENT,,MEDICAL,B,4800,12.42,0,0.16,N,8
31,52000,MORTGAGE,15,PERSONAL,B,15200,12.21,0,0.29,N,8
31,78408,MORTGAGE,10,VENTURE,B,15000,12.18,0,0.19,N,8
31,55000,RENT,3,HOMEIMPROVEMENT,B,5000,12.18,0,0.09,N,8
31,47000,RENT,5,EDUCATION,B,10000,11.99,0,0.21,N,8
31,72500,MORTGAGE,12,VENTURE,B,8875,11.99,0,0.12,N,8
31,30000,RENT,5,MEDICAL,B,7000,11.99,0,0.23,N,8
31,151000,MORTGAGE,1,EDUCATION,C,21000,11.97,0,0.14,N,8
31,151000,MORTGAGE,1,HOMEIMPROVEMENT,C,21000,11.97,0,0.14,N,8
31,67800,RENT,7,EDUCATION,B,15000,11.89,0,0.22,N,8
31,32000,MORTGAGE,3,DEBTCONSOLIDATION,B,6000,11.86,0,0.19,N,8
31,60000,RENT,11,EDUCATION,B,15000,11.71,0,0.25,N,8
31,90000,MORTGAGE,11,DEBTCONSOLIDATION,B,6000,11.71,0,0.07,N,8
31,61150,RENT,0,DEBTCONSOLIDATION,B,5100,11.49,0,0.08,N,8
31,78504,RENT,2,EDUCATION,C,10000,11.41,0,0.13,Y,8
31,200000,RENT,5,HOMEIMPROVEMENT,B,15000,11.36,0,0.07,N,8
31,38000,MORTGAGE,2,MEDICAL,B,2000,11.36,0,0.05,N,8
31,85000,RENT,5,EDUCATION,C,16000,11.34,0,0.19,Y,8
31,24000,OWN,0,EDUCATION,B,6200,11.14,0,0.26,N,8
31,50000,RENT,0,PERSONAL,C,2400,11.03,0,0.05,Y,8
31,34000,MORTGAGE,15,PERSONAL,B,13000,10.99,0,0.38,N,8
31,96000,MORTGAGE,15,EDUCATION,B,4000,10.99,0,0.04,N,8
31,41000,RENT,7,VENTURE,B,4000,10.99,0,0.1,N,8
31,80000,MORTGAGE,0,MEDICAL,B,15000,10.95,0,0.19,N,8
31,30000,RENT,2,PERSONAL,B,3000,10.95,0,0.1,N,8
31,30000,RENT,2,MEDICAL,B,3000,10.95,0,0.1,N,8
31,78000,RENT,10,MEDICAL,B,25000,10.75,1,0.32,N,8
31,29004,RENT,4,HOMEIMPROVEMENT,B,6000,10.75,1,0.21,N,8
31,80004,MORTGAGE,9,MEDICAL,B,5500,10.75,0,0.07,N,8
31,60000,MORTGAGE,15,DEBTCONSOLIDATION,B,5100,10.75,0,0.09,N,8
31,65000,RENT,9,VENTURE,B,20000,10.65,1,0.31,N,8
31,275000,MORTGAGE,4,PERSONAL,B,30000,10.59,0,0.11,N,8
31,105000,RENT,9,HOMEIMPROVEMENT,B,15000,10.59,0,0.14,N,8
31,53000,MORTGAGE,2,MEDICAL,B,7200,10.37,0,0.14,N,8
31,36000,RENT,4,EDUCATION,B,12000,10.36,1,0.33,N,8
31,60000,MORTGAGE,4,HOMEIMPROVEMENT,B,9600,10.08,0,0.16,N,8
31,140000,MORTGAGE,2,HOMEIMPROVEMENT,B,11000,10,0,0.08,N,8
31,100000,RENT,3,EDUCATION,B,8800,10,0,0.09,N,8
31,40000,MORTGAGE,5,HOMEIMPROVEMENT,B,11000,9.99,0,0.28,N,8
31,42000,OWN,0,HOMEIMPROVEMENT,B,7200,9.99,0,0.17,N,8
31,42000,OWN,0,HOMEIMPROVEMENT,B,7200,9.99,0,0.17,N,8
31,48000,OWN,0,HOMEIMPROVEMENT,B,1600,9.99,0,0.03,N,8
31,45000,MORTGAGE,5,VENTURE,B,10000,9.88,0,0.22,N,8
31,45504,MORTGAGE,3,EDUCATION,B,7000,9.88,0,0.15,N,8
31,60000,MORTGAGE,15,DEBTCONSOLIDATION,A,10000,9.63,0,0.17,N,8
31,200000,MORTGAGE,1,MEDICAL,B,7800,9.63,0,0.04,N,8
31,81000,MORTGAGE,15,HOMEIMPROVEMENT,A,7200,9.63,0,0.09,N,8
31,40000,RENT,4,EDUCATION,A,7200,9.63,0,0.18,N,8
31,18240,RENT,0,HOMEIMPROVEMENT,A,3200,9.63,1,0.18,N,8
31,42000,RENT,2,DEBTCONSOLIDATION,A,2200,9.63,0,0.05,N,8
31,36900,MORTGAGE,15,HOMEIMPROVEMENT,B,1600,9.62,0,0.04,N,8
31,125004,RENT,13,VENTURE,B,24000,9.25,0,0.19,N,8
31,29766,MORTGAGE,15,HOMEIMPROVEMENT,A,13900,8.94,0,0.47,N,8
31,31000,OWN,0,PERSONAL,A,12500,8.94,0,0.4,N,8
31,34000,RENT,0,MEDICAL,A,7500,8.94,0,0.22,N,8
31,60000,MORTGAGE,5,PERSONAL,A,17000,8.9,0,0.28,N,8
31,50000,MORTGAGE,4,VENTURE,A,16000,8.9,0,0.32,N,8
31,70000,MORTGAGE,0,MEDICAL,A,3000,8.9,0,0.04,N,8
31,25000,MORTGAGE,,DEBTCONSOLIDATION,A,3000,8.9,0,0.12,N,8
31,20000,OWN,1,HOMEIMPROVEMENT,A,5000,8.59,0,0.25,N,8
31,30000,MORTGAGE,3,PERSONAL,A,9450,8.49,0,0.32,N,8
31,60682,RENT,3,PERSONAL,A,8650,8.49,0,0.14,N,8
31,60682,RENT,3,VENTURE,A,8650,8.49,0,0.14,N,8
31,36000,RENT,3,PERSONAL,A,8000,8.49,0,0.22,N,8
31,93000,MORTGAGE,10,MEDICAL,A,3000,8.49,0,0.03,N,8
31,22800,RENT,3,HOMEIMPROVEMENT,A,2400,8.49,1,0.11,N,8
31,77000,RENT,2,PERSONAL,A,15000,8.38,0,0.19,N,8
31,50004,MORTGAGE,15,DEBTCONSOLIDATION,A,10000,8,0,0.2,N,8
31,65200,MORTGAGE,7,PERSONAL,A,7000,8,0,0.11,N,8
31,45000,RENT,5,PERSONAL,A,14000,7.91,1,0.31,N,8
31,70000,MORTGAGE,11,VENTURE,A,4500,7.9,0,0.06,N,8
31,45000,MORTGAGE,6,DEBTCONSOLIDATION,A,2500,7.88,0,0.06,N,8
31,73000,MORTGAGE,8,EDUCATION,A,6800,7.74,0,0.09,N,8
31,68000,RENT,4,DEBTCONSOLIDATION,A,12000,7.66,0,0.18,N,8
31,66500,MORTGAGE,0,VENTURE,A,4200,7.66,0,0.06,N,8
31,55000,OWN,15,PERSONAL,A,8000,7.51,0,0.15,N,8
31,65000,MORTGAGE,15,EDUCATION,A,7750,7.51,0,0.12,N,8
31,78996,RENT,5,HOMEIMPROVEMENT,A,6000,7.51,1,0.08,N,8
31,52000,MORTGAGE,7,DEBTCONSOLIDATION,A,5000,7.51,0,0.1,N,8
31,24000,RENT,0,EDUCATION,A,5000,7.51,0,0.21,N,8
31,24000,RENT,2,PERSONAL,A,3000,7.49,0,0.13,N,8
31,88560,MORTGAGE,16,EDUCATION,A,9000,7.29,0,0.1,N,8
31,56000,RENT,4,MEDICAL,A,7000,7.29,0,0.13,N,8
31,48000,MORTGAGE,9,MEDICAL,A,8000,7.14,1,0.17,N,8
31,33600,MORTGAGE,15,PERSONAL,A,6500,7.14,0,0.19,N,8
31,8412,OWN,,PERSONAL,A,2500,7.14,1,0.3,N,8
31,42000,MORTGAGE,3,MEDICAL,A,9000,6.99,0,0.21,N,8
31,114996,MORTGAGE,8,DEBTCONSOLIDATION,A,15000,6.92,0,0.13,N,8
31,29736,RENT,4,EDUCATION,A,7000,6.92,0,0.24,N,8
31,35000,RENT,1,VENTURE,A,11400,6.91,1,0.33,N,8
31,150996,MORTGAGE,13,VENTURE,A,10000,6.91,0,0.07,N,8
31,82524,MORTGAGE,4,VENTURE,A,12000,6.62,0,0.15,N,8
31,72000,MORTGAGE,6,HOMEIMPROVEMENT,A,9800,6.62,0,0.14,N,8
31,50000,RENT,0,VENTURE,A,4000,6.62,0,0.08,N,8
31,50000,RENT,3,PERSONAL,A,10500,6.17,0,0.21,N,8
31,190000,OWN,8,EDUCATION,A,15000,6.03,0,0.08,N,8
31,60000,MORTGAGE,5,MEDICAL,A,7200,6.03,0,0.12,N,8
31,84000,MORTGAGE,12,HOMEIMPROVEMENT,A,10000,5.99,0,0.12,N,8
31,50000,MORTGAGE,7,VENTURE,A,6000,5.99,0,0.12,N,8
31,60000,RENT,2,PERSONAL,A,4750,5.99,0,0.08,N,8
31,72000,MORTGAGE,14,MEDICAL,A,7000,5.42,0,0.1,N,8
31,100000,MORTGAGE,2,MEDICAL,A,5000,5.42,0,0.05,N,8
31,50000,RENT,15,PERSONAL,A,2000,5.42,1,0.04,N,8
31,90000,MORTGAGE,6,MEDICAL,B,18000,,0,0.2,N,8
31,101004,MORTGAGE,3,DEBTCONSOLIDATION,C,17000,,0,0.17,N,8
31,58000,MORTGAGE,15,DEBTCONSOLIDATION,E,16000,,1,0.28,N,8
31,73000,MORTGAGE,3,HOMEIMPROVEMENT,B,15000,,0,0.21,N,8
31,65000,RENT,13,MEDICAL,B,13000,,0,0.2,N,8
31,73000,MORTGAGE,3,VENTURE,C,12000,,0,0.16,Y,8
31,38400,OWN,,EDUCATION,D,11000,,0,0.29,Y,8
31,100000,RENT,5,VENTURE,A,10000,,0,0.1,N,8
31,70000,RENT,0,PERSONAL,C,10000,,0,0.14,Y,8
31,128000,RENT,1,PERSONAL,E,9600,,1,0.07,Y,8
31,46875,RENT,1,EDUCATION,B,8000,,0,0.17,N,8
31,18996,OWN,6,HOMEIMPROVEMENT,C,7000,,1,0.37,N,8
31,57000,RENT,15,EDUCATION,B,6000,,1,0.11,N,8
31,92000,MORTGAGE,6,VENTURE,A,6000,,0,0.07,N,8
31,86000,RENT,2,DEBTCONSOLIDATION,A,5000,,0,0.06,N,8
31,25000,OWN,5,VENTURE,C,4500,,0,0.18,Y,8
31,37584,RENT,0,EDUCATION,B,3900,,0,0.1,N,8
31,40000,RENT,9,VENTURE,A,1600,,0,0.04,N,8
31,54000,RENT,2,DEBTCONSOLIDATION,A,1400,,0,0.03,N,8
31,14400,RENT,0,EDUCATION,C,1250,,1,0.09,N,8
31,30000,MORTGAGE,,EDUCATION,B,1200,,0,0.04,N,8
31,22000,RENT,5,VENTURE,F,1400,22.06,0,0.06,Y,7
31,73000,MORTGAGE,4,DEBTCONSOLIDATION,F,16000,19.41,1,0.22,N,7
31,75000,MORTGAGE,3,VENTURE,F,8000,18.21,0,0.11,Y,7
31,88000,MORTGAGE,11,VENTURE,D,14000,17.58,0,0.16,N,7
31,44000,RENT,4,DEBTCONSOLIDATION,D,12000,17.27,1,0.27,N,7
31,65000,MORTGAGE,15,PERSONAL,D,3000,16.77,0,0.05,Y,7
31,77500,RENT,4,EDUCATION,D,10000,16.49,0,0.13,Y,7
31,28000,RENT,1,HOMEIMPROVEMENT,D,3600,16.49,1,0.13,N,7
31,41558,RENT,3,EDUCATION,E,7750,16.45,0,0.19,N,7
31,120000,MORTGAGE,6,PERSONAL,D,25000,16.32,0,0.21,Y,7
31,143000,RENT,4,VENTURE,D,25000,16.07,0,0.17,Y,7
31,158000,RENT,8,DEBTCONSOLIDATION,D,10200,15.99,1,0.06,Y,7
31,29000,MORTGAGE,6,PERSONAL,D,5000,15.99,0,0.17,N,7
31,122000,RENT,2,EDUCATION,C,25600,15.96,0,0.21,Y,7
31,98000,OWN,7,MEDICAL,C,5000,15.96,0,0.05,Y,7
31,30000,MORTGAGE,5,MEDICAL,D,4000,15.62,1,0.13,Y,7
31,160000,RENT,8,VENTURE,C,3600,15.23,0,0.02,N,7
31,30000,RENT,0,HOMEIMPROVEMENT,D,5500,15.21,1,0.18,Y,7
31,84000,MORTGAGE,2,EDUCATION,D,10400,14.96,0,0.12,N,7
31,29640,RENT,4,DEBTCONSOLIDATION,D,6250,14.96,1,0.21,N,7
31,100300,RENT,1,MEDICAL,D,12000,14.91,1,0.1,Y,7
31,113000,RENT,1,HOMEIMPROVEMENT,D,9600,14.91,1,0.08,Y,7
31,17676,OWN,1,VENTURE,D,2500,14.74,0,0.14,Y,7
31,16656,MORTGAGE,,MEDICAL,C,2400,14.72,1,0.14,N,7
31,78305,MORTGAGE,8,PERSONAL,D,10000,14.59,1,0.13,Y,7
31,54400,MORTGAGE,1,MEDICAL,D,27050,14.54,1,0.42,N,7
31,16800,RENT,0,HOMEIMPROVEMENT,C,3000,14.26,1,0.18,Y,7
31,63000,MORTGAGE,3,VENTURE,C,7000,13.92,0,0.11,N,7
31,275000,MORTGAGE,9,VENTURE,C,25000,13.85,0,0.09,N,7
31,69000,RENT,1,DEBTCONSOLIDATION,D,22000,13.67,1,0.32,Y,7
31,40500,RENT,0,MEDICAL,C,12500,13.61,1,0.31,N,7
31,81600,MORTGAGE,0,HOMEIMPROVEMENT,C,4000,13.57,0,0.05,N,7
31,44000,OWN,6,HOMEIMPROVEMENT,D,17350,13.55,0,0.39,Y,7
31,35000,RENT,4,VENTURE,C,3425,13.43,0,0.1,Y,7
31,39000,MORTGAGE,0,HOMEIMPROVEMENT,D,12000,13.3,1,0.31,N,7
31,138000,RENT,0,VENTURE,D,25000,13.24,1,0.18,N,7
31,34800,RENT,7,DEBTCONSOLIDATION,C,11200,13.23,1,0.32,Y,7
31,58000,OWN,15,MEDICAL,C,14500,13.06,0,0.25,N,7
31,60000,RENT,3,MEDICAL,C,9000,13.06,0,0.15,N,7
31,23766,RENT,1,MEDICAL,C,1800,13.06,0,0.08,N,7
31,80000,RENT,4,PERSONAL,C,3500,12.99,0,0.04,Y,7
31,35000,RENT,0,MEDICAL,C,6000,12.84,0,0.17,N,7
31,37000,MORTGAGE,12,DEBTCONSOLIDATION,C,22000,12.73,0,0.59,Y,7
31,55680,MORTGAGE,7,VENTURE,C,4000,12.73,0,0.07,N,7
31,100000,MORTGAGE,5,EDUCATION,B,5000,12.69,0,0.05,N,7
31,59000,RENT,2,DEBTCONSOLIDATION,C,8750,12.68,0,0.15,N,7
31,38970,MORTGAGE,,MEDICAL,C,5750,12.68,0,0.15,Y,7
31,165000,MORTGAGE,3,HOMEIMPROVEMENT,C,15000,12.61,0,0.09,N,7
31,100000,MORTGAGE,6,HOMEIMPROVEMENT,C,13000,12.61,0,0.13,N,7
31,80000,RENT,1,EDUCATION,C,8000,12.61,0,0.1,Y,7
31,24996,RENT,0,PERSONAL,C,10750,12.53,1,0.43,Y,7
31,54000,RENT,3,HOMEIMPROVEMENT,D,9000,12.49,1,0.17,N,7
31,88000,RENT,1,DEBTCONSOLIDATION,B,13225,12.42,0,0.15,N,7
31,83000,RENT,2,PERSONAL,B,12000,12.42,0,0.14,N,7
31,55000,RENT,2,MEDICAL,B,10000,12.42,0,0.18,N,7
31,42000,RENT,3,VENTURE,B,8000,12.42,0,0.19,N,7
31,42000,MORTGAGE,0,EDUCATION,D,21000,12.36,1,0.5,N,7
31,60000,OWN,0,EDUCATION,B,24250,12.18,0,0.4,N,7
31,80000,MORTGAGE,6,EDUCATION,B,7500,12.18,0,0.09,N,7
31,125000,MORTGAGE,5,MEDICAL,B,18000,11.99,0,0.14,N,7
31,72500,MORTGAGE,12,HOMEIMPROVEMENT,B,8875,11.99,0,0.12,N,7
31,110000,MORTGAGE,4,DEBTCONSOLIDATION,B,6000,11.99,0,0.05,N,7
31,40000,RENT,2,DEBTCONSOLIDATION,B,8000,11.89,0,0.2,N,7
31,52000,RENT,4,VENTURE,B,10000,11.83,0,0.19,N,7
31,20000,OWN,3,VENTURE,B,5000,11.83,0,0.25,N,7
31,20000,OWN,3,PERSONAL,B,5000,11.83,0,0.25,N,7
31,140000,MORTGAGE,5,MEDICAL,B,30000,11.71,0,0.21,N,7
31,60000,RENT,11,EDUCATION,B,15000,11.71,0,0.25,N,7
31,180000,OWN,15,EDUCATION,B,10000,11.71,0,0.06,N,7
31,90000,MORTGAGE,13,HOMEIMPROVEMENT,B,12000,11.49,0,0.13,N,7
31,17000,RENT,3,VENTURE,B,4575,11.48,1,0.27,N,7
31,78504,RENT,2,EDUCATION,C,10000,11.41,0,0.13,N,7
31,160000,RENT,1,HOMEIMPROVEMENT,C,7500,11.28,0,0.05,N,7
31,39996,MORTGAGE,3,VENTURE,B,9600,11.26,0,0.24,N,7
31,59000,MORTGAGE,2,DEBTCONSOLIDATION,B,13000,11.14,0,0.22,N,7
31,73000,RENT,15,HOMEIMPROVEMENT,B,29700,11.11,1,0.41,N,7
31,27036,MORTGAGE,2,EDUCATION,B,6500,11.11,0,0.24,N,7
31,47000,MORTGAGE,0,MEDICAL,C,10000,11.03,0,0.21,Y,7
31,47000,RENT,4,DEBTCONSOLIDATION,C,4500,11.03,0,0.1,Y,7
31,51000,RENT,5,PERSONAL,B,9000,10.99,0,0.18,N,7
31,37681,RENT,16,DEBTCONSOLIDATION,B,8000,10.99,0,0.21,N,7
31,106000,MORTGAGE,3,MEDICAL,B,6000,10.99,0,0.06,N,7
31,85000,RENT,5,VENTURE,B,25000,10.75,0,0.29,N,7
31,125000,MORTGAGE,2,PERSONAL,B,25000,10.75,0,0.2,N,7
31,30000,OWN,2,HOMEIMPROVEMENT,B,2950,10.75,0,0.1,N,7
31,52000,MORTGAGE,0,VENTURE,B,25000,10.71,0,0.48,N,7
31,48000,OWN,0,HOMEIMPROVEMENT,B,20000,10.62,0,0.42,N,7
31,36000,MORTGAGE,8,EDUCATION,B,1600,10.59,0,0.04,N,7
31,40000,RENT,3,MEDICAL,B,2000,10.37,0,0.05,N,7
31,28000,RENT,1,MEDICAL,B,2600,10.08,0,0.09,N,7
31,68000,MORTGAGE,2,DEBTCONSOLIDATION,B,18000,10,0,0.26,N,7
31,31500,RENT,2,MEDICAL,B,4200,9.99,0,0.13,N,7
31,103000,MORTGAGE,8,DEBTCONSOLIDATION,B,14000,9.91,0,0.14,N,7
31,32000,OWN,10,VENTURE,B,12375,9.91,0,0.39,N,7
31,80000,RENT,1,MEDICAL,B,9600,9.91,0,0.12,N,7
31,29000,RENT,4,PERSONAL,B,3700,9.91,1,0.13,N,7
31,36000,RENT,5,DEBTCONSOLIDATION,B,3000,9.91,0,0.08,N,7
31,100000,MORTGAGE,0,HOMEIMPROVEMENT,A,15000,9.63,0,0.15,N,7
31,101000,MORTGAGE,6,PERSONAL,A,12000,9.63,0,0.12,N,7
31,62000,RENT,2,PERSONAL,B,12800,9.62,0,0.21,N,7
31,168000,MORTGAGE,2,VENTURE,B,15500,9.25,0,0.09,N,7
31,28800,RENT,1,VENTURE,B,5000,9.25,0,0.17,N,7
31,38000,RENT,15,VENTURE,A,14400,8.94,1,0.38,N,7
31,60000,RENT,4,EDUCATION,A,25000,8.9,1,0.42,N,7
31,25000,RENT,0,MEDICAL,A,13000,8.9,1,0.52,N,7
31,30000,RENT,1,HOMEIMPROVEMENT,B,2050,8.88,1,0.07,N,7
31,60000,RENT,1,MEDICAL,A,6200,8.59,0,0.1,N,7
31,124992,MORTGAGE,15,VENTURE,A,24000,8.49,0,0.19,N,7
31,152000,MORTGAGE,15,PERSONAL,A,15000,8.49,0,0.1,N,7
31,30000,RENT,5,EDUCATION,A,6000,8.49,0,0.2,N,7
31,15204,RENT,,EDUCATION,A,1875,8.49,1,0.12,N,7
31,65200,MORTGAGE,7,DEBTCONSOLIDATION,A,7000,8,0,0.11,N,7
31,78000,RENT,2,VENTURE,A,8000,7.9,0,0.1,N,7
31,72000,RENT,0,HOMEIMPROVEMENT,A,8000,7.9,0,0.11,N,7
31,41196,RENT,1,VENTURE,A,7200,7.9,0,0.17,N,7
31,73000,RENT,2,VENTURE,A,7000,7.9,0,0.1,N,7
31,42000,RENT,2,MEDICAL,A,7000,7.9,0,0.17,N,7
31,106000,MORTGAGE,5,DEBTCONSOLIDATION,A,15000,7.88,0,0.14,N,7
31,76000,RENT,2,PERSONAL,A,15000,7.88,0,0.2,N,7
31,140000,MORTGAGE,15,VENTURE,A,12000,7.88,0,0.09,N,7
31,30000,RENT,1,DEBTCONSOLIDATION,A,5600,7.74,0,0.19,N,7
31,80000,RENT,3,VENTURE,A,10000,7.66,0,0.13,N,7
31,112000,RENT,1,VENTURE,A,18500,7.51,0,0.17,N,7
31,85000,RENT,1,MEDICAL,A,18500,7.51,1,0.18,N,7
31,120000,MORTGAGE,9,MEDICAL,A,10000,7.51,0,0.08,N,7
31,46000,RENT,0,MEDICAL,A,10000,7.51,0,0.22,N,7
31,26900,RENT,1,VENTURE,A,8325,7.51,1,0.31,N,7
31,24000,RENT,0,MEDICAL,A,7000,7.51,0,0.29,N,7
31,69000,MORTGAGE,15,EDUCATION,A,4050,7.51,1,0.06,N,7
31,55000,RENT,2,EDUCATION,A,3600,7.51,0,0.07,N,7
31,157000,MORTGAGE,5,EDUCATION,A,7200,7.49,0,0.05,N,7
31,52249,RENT,7,HOMEIMPROVEMENT,A,7000,7.49,0,0.13,N,7
31,70000,MORTGAGE,9,MEDICAL,A,6000,7.49,0,0.09,N,7
31,66000,MORTGAGE,8,VENTURE,A,4200,7.49,0,0.06,N,7
31,70000,MORTGAGE,11,EDUCATION,A,2000,7.4,0,0.03,N,7
31,79100,MORTGAGE,4,MEDICAL,A,19150,6.99,0,0.24,N,7
31,100000,MORTGAGE,11,HOMEIMPROVEMENT,A,8000,6.99,0,0.08,N,7
31,47000,RENT,4,VENTURE,A,6000,6.99,0,0.13,N,7
31,123000,MORTGAGE,7,MEDICAL,A,15000,6.91,0,0.12,N,7
31,70000,MORTGAGE,4,MEDICAL,A,12000,6.91,0,0.17,N,7
31,50000,RENT,0,MEDICAL,A,5000,6.91,0,0.1,N,7
31,72000,MORTGAGE,6,MEDICAL,A,9800,6.62,0,0.14,N,7
31,111000,MORTGAGE,3,PERSONAL,A,5150,6.62,0,0.05,N,7
31,70000,MORTGAGE,5,EDUCATION,A,4000,6.54,0,0.06,N,7
31,50000,MORTGAGE,5,VENTURE,A,2000,6.39,0,0.04,N,7
31,40000,MORTGAGE,5,HOMEIMPROVEMENT,A,14000,6.03,0,0.35,N,7
31,67200,MORTGAGE,2,PERSONAL,A,10000,6.03,0,0.15,N,7
31,190000,MORTGAGE,4,DEBTCONSOLIDATION,A,9000,6.03,0,0.05,N,7
31,50000,MORTGAGE,7,DEBTCONSOLIDATION,A,4800,6.03,0,0.1,N,7
31,325000,MORTGAGE,4,MEDICAL,A,10000,5.99,0,0.03,N,7
31,100000,MORTGAGE,1,VENTURE,A,12000,5.42,0,0.12,N,7
31,100000,MORTGAGE,10,MEDICAL,A,9950,5.42,0,0.1,N,7
31,34000,RENT,3,DEBTCONSOLIDATION,A,5000,5.42,0,0.15,N,7
31,34000,RENT,3,EDUCATION,A,5000,5.42,0,0.15,N,7
31,168000,RENT,1,VENTURE,E,20000,,1,0.12,Y,7
31,72000,OWN,6,EDUCATION,A,16000,,0,0.22,N,7
31,55000,OWN,5,EDUCATION,D,15850,,0,0.29,N,7
31,29000,RENT,14,HOMEIMPROVEMENT,C,15075,,1,0.52,N,7
31,41053,MORTGAGE,1,PERSONAL,A,12000,,0,0.29,N,7
31,68000,OWN,8,VENTURE,B,10000,,0,0.15,N,7
31,50600,MORTGAGE,2,MEDICAL,A,8500,,0,0.17,N,7
31,36572,RENT,,MEDICAL,A,7900,,0,0.22,N,7
31,60000,MORTGAGE,7,VENTURE,B,7000,,0,0.12,N,7
31,78000,MORTGAGE,0,DEBTCONSOLIDATION,A,5000,,1,0.06,N,7
31,30000,MORTGAGE,,VENTURE,A,5000,,0,0.17,N,7
31,40860,RENT,0,VENTURE,A,4000,,0,0.1,N,7
31,8000,RENT,0,EDUCATION,A,4000,,1,0.5,N,7
31,176600,MORTGAGE,15,DEBTCONSOLIDATION,C,3500,,0,0.02,Y,7
31,63372,RENT,7,PERSONAL,B,3000,,0,0.05,N,7
31,24000,OWN,4,MEDICAL,D,2500,,0,0.1,Y,7
31,40000,OWN,2,EDUCATION,B,2200,,0,0.06,N,7
31,36000,RENT,12,VENTURE,B,1450,,0,0.04,N,7
31,54000,RENT,15,MEDICAL,C,1000,,0,0.02,Y,7
31,144000,RENT,0,EDUCATION,G,13000,21.21,1,0.09,N,6
31,73000,MORTGAGE,4,HOMEIMPROVEMENT,F,16000,19.41,1,0.22,Y,6
31,150000,RENT,,EDUCATION,D,35000,18.25,1,0.23,N,6
31,29000,RENT,7,HOMEIMPROVEMENT,D,13250,17.58,1,0.46,N,6
31,20800,RENT,3,MEDICAL,D,9750,17.19,1,0.47,Y,6
31,80000,RENT,5,EDUCATION,E,13750,16.7,0,0.17,N,6
31,60000,MORTGAGE,9,MEDICAL,E,22000,16.63,1,0.37,N,6
31,60775,RENT,4,MEDICAL,D,10000,16.49,1,0.14,Y,6
31,30000,RENT,0,VENTURE,D,6600,16.49,1,0.22,Y,6
31,121000,MORTGAGE,2,VENTURE,D,12000,16.29,1,0.1,Y,6
31,93900,MORTGAGE,13,VENTURE,F,24000,16.08,1,0.26,Y,6
31,128000,MORTGAGE,15,DEBTCONSOLIDATION,D,35000,15.99,1,0.27,N,6
31,47500,RENT,2,VENTURE,C,10000,15.96,0,0.21,N,6
31,30000,RENT,2,PERSONAL,C,7200,15.96,0,0.24,Y,6
31,351699,RENT,7,VENTURE,D,10500,15.7,0,0.03,N,6
31,159200,MORTGAGE,1,DEBTCONSOLIDATION,D,16000,15.65,1,0.1,Y,6
31,34800,MORTGAGE,3,VENTURE,D,2000,15.65,0,0.06,N,6
31,50000,RENT,4,PERSONAL,D,6000,15.62,0,0.12,Y,6
31,24000,RENT,0,PERSONAL,D,4400,15.62,1,0.18,N,6
31,74797,MORTGAGE,1,MEDICAL,D,10000,15.58,1,0.11,Y,6
31,56839,RENT,15,MEDICAL,D,9000,15.33,1,0.16,N,6
31,300000,MORTGAGE,1,VENTURE,C,35000,15.23,0,0.12,N,6
31,37000,RENT,5,PERSONAL,C,7500,15.23,0,0.2,N,6
31,33000,OWN,6,DEBTCONSOLIDATION,D,5000,14.96,0,0.15,N,6
31,34000,RENT,15,PERSONAL,C,10625,14.79,1,0.31,Y,6
31,20400,RENT,0,MEDICAL,C,3900,14.79,0,0.19,Y,6
31,114237,RENT,15,HOMEIMPROVEMENT,C,17500,14.72,0,0.15,Y,6
31,10800,RENT,4,MEDICAL,C,2000,14.72,1,0.19,Y,6
31,77000,MORTGAGE,4,HOMEIMPROVEMENT,C,10000,14.65,0,0.13,N,6
31,62000,MORTGAGE,9,MEDICAL,C,2500,14.65,0,0.04,Y,6
31,81000,RENT,1,PERSONAL,D,15000,14.42,1,0.19,N,6
31,46000,RENT,4,DEBTCONSOLIDATION,C,11200,14.27,0,0.24,Y,6
31,180000,MORTGAGE,5,VENTURE,C,9000,14.27,0,0.05,Y,6
31,56000,RENT,15,DEBTCONSOLIDATION,C,3000,14.27,0,0.05,N,6
31,250000,MORTGAGE,14,PERSONAL,D,12000,14.09,0,0.05,Y,6
31,130000,MORTGAGE,15,MEDICAL,C,1600,13.99,0,0.01,Y,6
31,29400,RENT,2,MEDICAL,D,10000,13.87,1,0.34,N,6
31,275000,MORTGAGE,9,PERSONAL,C,25000,13.85,0,0.09,N,6
31,50000,OWN,1,HOMEIMPROVEMENT,C,16000,13.85,0,0.32,N,6
31,34000,MORTGAGE,3,EDUCATION,C,10000,13.85,1,0.29,Y,6
31,48000,RENT,0,MEDICAL,C,4000,13.85,0,0.08,Y,6
31,16000,RENT,1,EDUCATION,C,3000,13.85,1,0.19,Y,6
31,30000,MORTGAGE,15,DEBTCONSOLIDATION,D,11225,13.62,1,0.37,Y,6
31,65000,MORTGAGE,3,DEBTCONSOLIDATION,C,10000,13.61,0,0.15,N,6
31,32000,MORTGAGE,0,MEDICAL,C,2000,13.61,0,0.06,Y,6
31,260000,MORTGAGE,6,MEDICAL,C,25000,13.57,0,0.1,Y,6
31,42000,RENT,1,VENTURE,C,20000,13.57,1,0.48,N,6
31,79000,MORTGAGE,14,DEBTCONSOLIDATION,C,20000,13.49,0,0.25,N,6
31,79500,RENT,4,EDUCATION,C,3500,13.49,0,0.04,Y,6
31,100000,MORTGAGE,0,VENTURE,C,20000,13.48,0,0.2,Y,6
31,24000,RENT,2,PERSONAL,C,4000,13.48,0,0.17,Y,6
31,20928,RENT,0,DEBTCONSOLIDATION,C,2000,13.48,0,0.1,Y,6
31,75000,RENT,1,MEDICAL,C,10000,13.47,0,0.13,Y,6
31,45000,RENT,0,EDUCATION,C,4000,13.43,0,0.09,N,6
31,41000,MORTGAGE,6,MEDICAL,C,3200,13.16,1,0.08,N,6
31,45000,RENT,1,MEDICAL,C,14000,13.06,1,0.31,N,6
31,46500,MORTGAGE,7,PERSONAL,C,8000,13.04,0,0.17,Y,6
31,37000,MORTGAGE,12,VENTURE,C,22000,12.73,0,0.59,Y,6
31,49000,RENT,8,DEBTCONSOLIDATION,B,7000,12.69,0,0.14,N,6
31,60000,MORTGAGE,15,EDUCATION,C,15000,12.68,0,0.25,N,6
31,90000,MORTGAGE,3,VENTURE,C,16500,12.61,0,0.18,N,6
31,33600,MORTGAGE,1,HOMEIMPROVEMENT,B,15250,12.53,0,0.45,N,6
31,44000,MORTGAGE,0,EDUCATION,C,12000,12.53,1,0.27,Y,6
31,50000,RENT,0,EDUCATION,C,5275,12.53,0,0.11,N,6
31,30000,OWN,0,HOMEIMPROVEMENT,C,5000,12.53,0,0.17,Y,6
31,43000,RENT,15,MEDICAL,B,13350,12.42,1,0.31,N,6
31,115000,MORTGAGE,15,MEDICAL,B,10000,12.42,0,0.09,N,6
31,29000,MORTGAGE,5,PERSONAL,C,1500,12.29,0,0.05,N,6
31,112000,RENT,5,PERSONAL,B,23000,12.18,0,0.21,N,6
31,72000,RENT,6,DEBTCONSOLIDATION,B,21000,11.99,1,0.29,N,6
31,72000,RENT,6,PERSONAL,B,21000,11.99,1,0.29,N,6
31,47700,RENT,2,MEDICAL,B,12000,11.99,0,0.25,N,6
31,55560,RENT,11,EDUCATION,B,6000,11.99,0,0.11,N,6
31,85000,RENT,0,PERSONAL,B,25000,11.89,0,0.29,N,6
31,66360,MORTGAGE,8,HOMEIMPROVEMENT,B,7000,11.86,0,0.11,N,6
31,63324,MORTGAGE,8,DEBTCONSOLIDATION,B,24000,11.83,0,0.38,N,6
31,59500,RENT,1,MEDICAL,B,6000,11.71,1,0.09,N,6
31,65000,RENT,2,EDUCATION,B,6000,11.49,0,0.09,N,6
31,15000,RENT,2,VENTURE,B,4000,11.49,1,0.27,N,6
31,31500,RENT,2,VENTURE,B,3500,11.49,0,0.11,N,6
31,34580,RENT,3,PERSONAL,B,3000,11.49,1,0.09,N,6
31,56400,RENT,1,VENTURE,B,7500,11.48,0,0.13,N,6
31,85000,RENT,5,VENTURE,C,16000,11.34,0,0.19,N,6
31,60000,OTHER,2,HOMEIMPROVEMENT,B,15000,11.26,0,0.25,N,6
31,35000,RENT,3,MEDICAL,B,11200,11.12,1,0.32,N,6
31,35142,RENT,,VENTURE,B,8000,11.11,0,0.23,N,6
31,32400,RENT,2,DEBTCONSOLIDATION,C,20500,11.03,1,0.63,Y,6
31,53000,MORTGAGE,7,VENTURE,C,4550,11.03,0,0.09,Y,6
31,105600,RENT,5,DEBTCONSOLIDATION,B,17700,10.99,0,0.17,N,6
31,70000,RENT,4,EDUCATION,B,8000,10.99,0,0.11,N,6
31,100000,MORTGAGE,6,MEDICAL,B,6000,10.99,0,0.06,N,6
31,24000,RENT,0,DEBTCONSOLIDATION,B,5000,10.99,1,0.21,N,6
31,65000,RENT,8,EDUCATION,B,7500,10.95,0,0.12,N,6
31,135000,MORTGAGE,14,PERSONAL,B,15000,10.75,0,0.11,N,6
31,49500,MORTGAGE,3,DEBTCONSOLIDATION,B,10000,10.75,0,0.2,N,6
31,75000,RENT,0,MEDICAL,B,5000,10.75,0,0.07,N,6
31,155000,RENT,3,HOMEIMPROVEMENT,B,20000,10.74,0,0.13,N,6
31,86004,OWN,8,VENTURE,B,2000,10.74,0,0.02,N,6
31,50000,RENT,1,VENTURE,B,10000,10.71,0,0.2,N,6
31,39000,RENT,5,MEDICAL,B,9000,10.71,0,0.23,N,6
31,36000,RENT,4,MEDICAL,B,8000,10.65,0,0.22,N,6
31,58000,OWN,6,PERSONAL,B,6200,10.65,0,0.11,N,6
31,48000,RENT,11,MEDICAL,B,2000,10.65,0,0.04,N,6
31,138000,MORTGAGE,15,MEDICAL,B,24000,10.62,0,0.17,N,6
31,70000,MORTGAGE,2,MEDICAL,B,4625,10.62,0,0.07,N,6
31,33225,MORTGAGE,13,PERSONAL,B,13500,10.59,0,0.41,N,6
31,55000,RENT,3,PERSONAL,B,6000,10.38,0,0.11,N,6
31,47000,MORTGAGE,5,HOMEIMPROVEMENT,B,5000,10.38,0,0.11,N,6
31,90400,MORTGAGE,9,MEDICAL,B,9500,10.37,0,0.11,N,6
31,73000,RENT,5,HOMEIMPROVEMENT,B,5800,10.37,0,0.08,N,6
31,52800,MORTGAGE,,EDUCATION,B,9250,10.36,0,0.18,N,6
31,741600,MORTGAGE,3,MEDICAL,B,12000,10.25,0,0.02,N,6
31,95000,MORTGAGE,1,DEBTCONSOLIDATION,B,25000,10.08,0,0.26,N,6
31,30000,RENT,1,HOMEIMPROVEMENT,B,15000,10,1,0.5,N,6
31,78000,MORTGAGE,6,VENTURE,B,8000,10,0,0.1,N,6
31,80000,MORTGAGE,4,HOMEIMPROVEMENT,B,12400,9.99,0,0.15,N,6
31,35000,MORTGAGE,2,DEBTCONSOLIDATION,B,10225,9.99,0,0.29,N,6
31,96000,OWN,3,PERSONAL,B,10000,9.99,0,0.1,N,6
31,34000,RENT,9,VENTURE,B,15000,9.88,1,0.44,N,6
31,110000,RENT,2,PERSONAL,A,3650,9.63,0,0.03,N,6
31,106000,MORTGAGE,15,HOMEIMPROVEMENT,B,2400,9.63,0,0.02,N,6
31,49000,RENT,2,MEDICAL,B,3850,9.62,0,0.08,N,6
31,19968,RENT,1,EDUCATION,B,2500,9.62,1,0.13,N,6
31,30000,RENT,5,MEDICAL,B,1000,9.25,0,0.03,N,6
31,294000,MORTGAGE,7,VENTURE,A,12000,8.94,0,0.04,N,6
31,120000,MORTGAGE,9,VENTURE,A,9000,8.94,0,0.07,N,6
31,27000,RENT,7,HOMEIMPROVEMENT,A,6000,8.94,1,0.22,N,6
31,120000,MORTGAGE,6,DEBTCONSOLIDATION,A,28000,8.9,0,0.23,N,6
31,75000,RENT,4,HOMEIMPROVEMENT,A,18000,8.9,0,0.24,N,6
31,43200,MORTGAGE,0,VENTURE,A,3000,8.9,0,0.07,N,6
31,21000,RENT,15,MEDICAL,A,11000,8.59,1,0.52,N,6
31,80000,RENT,0,HOMEIMPROVEMENT,A,10000,8.59,0,0.13,N,6
31,56000,MORTGAGE,4,MEDICAL,A,8000,8.59,0,0.14,N,6
31,24000,RENT,2,MEDICAL,A,1800,8.59,0,0.07,N,6
31,101000,MORTGAGE,5,EDUCATION,A,18000,8.49,0,0.18,N,6
31,54000,MORTGAGE,12,MEDICAL,A,15000,8.49,1,0.28,N,6
31,40740,MORTGAGE,16,HOMEIMPROVEMENT,A,6400,8.49,0,0.16,N,6
31,19200,RENT,0,MEDICAL,A,4075,8.32,1,0.21,N,6
31,96713,MORTGAGE,3,DEBTCONSOLIDATION,A,7000,8,0,0.07,N,6
31,84000,MORTGAGE,0,PERSONAL,A,7000,7.9,0,0.08,N,6
31,50000,MORTGAGE,1,DEBTCONSOLIDATION,A,12000,7.88,0,0.24,N,6
31,200000,MORTGAGE,,VENTURE,A,9000,7.88,0,0.04,N,6
31,46300,MORTGAGE,16,PERSONAL,A,7500,7.88,0,0.16,N,6
31,46000,MORTGAGE,11,VENTURE,A,7000,7.88,0,0.15,N,6
31,90000,MORTGAGE,9,MEDICAL,A,14400,7.66,0,0.16,N,6
31,97000,MORTGAGE,6,DEBTCONSOLIDATION,A,12000,7.66,0,0.12,N,6
31,54000,MORTGAGE,,VENTURE,A,6000,7.66,0,0.11,N,6
31,91000,RENT,12,EDUCATION,A,4000,7.66,0,0.04,N,6
31,37200,RENT,4,DEBTCONSOLIDATION,A,9000,7.51,0,0.24,N,6
31,72000,MORTGAGE,15,MEDICAL,A,1900,7.51,0,0.03,N,6
31,400000,MORTGAGE,5,HOMEIMPROVEMENT,A,28000,7.49,0,0.07,N,6
31,120000,MORTGAGE,8,EDUCATION,A,20000,7.49,0,0.17,N,6
31,65000,MORTGAGE,6,VENTURE,A,12000,7.49,0,0.18,N,6
31,36996,RENT,5,PERSONAL,A,8000,7.49,0,0.22,N,6
31,68000,RENT,1,PERSONAL,A,6000,7.49,0,0.09,N,6
31,39000,MORTGAGE,11,DEBTCONSOLIDATION,A,2200,7.49,1,0.06,N,6
31,110000,MORTGAGE,2,MEDICAL,A,6000,7.4,0,0.05,N,6
31,25000,RENT,0,PERSONAL,A,2500,7.4,0,0.1,N,6
31,135000,MORTGAGE,9,VENTURE,A,10000,7.14,0,0.07,N,6
31,55000,MORTGAGE,0,VENTURE,A,4500,7.14,0,0.08,N,6
31,79100,MORTGAGE,4,EDUCATION,A,19150,6.99,0,0.24,N,6
31,110000,RENT,15,DEBTCONSOLIDATION,A,6000,6.99,0,0.05,N,6
31,25200,RENT,0,PERSONAL,A,1400,6.99,0,0.06,N,6
31,37000,RENT,3,PERSONAL,A,13000,6.92,1,0.35,N,6
31,90000,MORTGAGE,11,MEDICAL,A,12000,6.92,0,0.13,N,6
31,20500,MORTGAGE,4,HOMEIMPROVEMENT,A,1000,6.76,0,0.05,N,6
31,24000,RENT,0,DEBTCONSOLIDATION,A,9925,6.62,1,0.41,N,6
31,111000,MORTGAGE,3,HOMEIMPROVEMENT,A,5150,6.62,0,0.05,N,6
31,95000,RENT,0,PERSONAL,A,9450,6.54,0,0.1,N,6
31,85000,MORTGAGE,15,PERSONAL,A,4500,6.54,0,0.05,N,6
31,24000,RENT,0,MEDICAL,A,3500,6.17,0,0.15,N,6
31,50000,RENT,9,DEBTCONSOLIDATION,A,12000,6.03,0,0.24,N,6
31,50000,RENT,9,DEBTCONSOLIDATION,A,12000,6.03,0,0.24,N,6
31,120000,MORTGAGE,0,VENTURE,A,12000,6.03,0,0.1,N,6
31,48000,RENT,1,MEDICAL,A,6000,6.03,0,0.13,N,6
31,49000,RENT,6,MEDICAL,A,5600,6.03,0,0.11,N,6
31,49000,RENT,6,PERSONAL,A,5600,6.03,0,0.11,N,6
31,98000,OWN,10,HOMEIMPROVEMENT,A,5100,6.03,0,0.05,N,6
31,69000,RENT,12,HOMEIMPROVEMENT,A,16000,5.99,0,0.23,N,6
31,57240,MORTGAGE,1,EDUCATION,A,10000,5.99,0,0.17,N,6
31,92000,MORTGAGE,2,HOMEIMPROVEMENT,A,3500,5.79,0,0.04,N,6
31,20000,OWN,3,VENTURE,A,6400,5.42,0,0.32,N,6
31,190000,MORTGAGE,15,DEBTCONSOLIDATION,C,24000,,0,0.13,N,6
31,73100,MORTGAGE,0,MEDICAL,E,16000,,1,0.19,Y,6
31,103000,MORTGAGE,3,VENTURE,B,15000,,0,0.15,N,6
31,102000,MORTGAGE,1,HOMEIMPROVEMENT,C,14400,,0,0.14,N,6
31,59000,MORTGAGE,13,MEDICAL,B,14000,,0,0.24,N,6
31,70000,RENT,8,HOMEIMPROVEMENT,A,12000,,0,0.17,N,6
31,68000,RENT,0,MEDICAL,B,12000,,0,0.18,N,6
31,93000,OWN,4,EDUCATION,B,10000,,0,0.11,N,6
31,40800,RENT,6,PERSONAL,A,9000,,0,0.22,N,6
31,58000,MORTGAGE,15,VENTURE,A,8875,,0,0.15,N,6
31,19200,RENT,5,HOMEIMPROVEMENT,B,8500,,1,0.44,N,6
31,83000,MORTGAGE,11,MEDICAL,A,7500,,0,0.09,N,6
31,46700,MORTGAGE,5,MEDICAL,B,7200,,0,0.15,N,6
31,26000,RENT,1,MEDICAL,B,6600,,0,0.25,N,6
31,35000,MORTGAGE,13,MEDICAL,A,2000,,0,0.06,N,6
31,78411,RENT,9,DEBTCONSOLIDATION,A,1400,,0,0.02,N,6
31,36000,RENT,5,HOMEIMPROVEMENT,E,13000,20.3,1,0.36,Y,5
31,120000,RENT,7,HOMEIMPROVEMENT,E,21600,19.03,0,0.18,Y,5
31,33276,RENT,2,MEDICAL,F,8400,18.43,1,0.25,Y,5
31,103000,RENT,2,VENTURE,F,20000,18.17,1,0.19,N,5
31,84000,MORTGAGE,3,HOMEIMPROVEMENT,G,25000,17.34,1,0.3,Y,5
31,72250,OTHER,6,MEDICAL,F,25000,17.03,1,0.29,Y,5
31,66000,MORTGAGE,9,VENTURE,E,22000,16.63,0,0.33,Y,5
31,48996,RENT,0,DEBTCONSOLIDATION,E,5000,16.4,1,0.1,Y,5
31,42000,RENT,6,EDUCATION,D,1200,16.29,0,0.03,Y,5
31,86000,RENT,1,DEBTCONSOLIDATION,D,25000,16,1,0.29,Y,5
31,76000,MORTGAGE,9,EDUCATION,C,12000,15.96,1,0.16,N,5
31,72000,MORTGAGE,4,EDUCATION,C,9000,15.96,1,0.13,Y,5
31,138000,RENT,0,PERSONAL,D,24000,15.65,1,0.17,Y,5
31,235000,OWN,5,MEDICAL,D,11200,15.65,0,0.05,N,5
31,34000,RENT,2,HOMEIMPROVEMENT,D,7500,15.58,1,0.22,N,5
31,105400,RENT,2,MEDICAL,D,24250,15.31,1,0.2,N,5
31,41004,RENT,5,PERSONAL,D,5000,15.28,0,0.12,N,5
31,53000,MORTGAGE,8,EDUCATION,C,3000,15.23,0,0.06,N,5
31,48000,RENT,12,DEBTCONSOLIDATION,D,15000,15.21,1,0.31,Y,5
31,38000,OWN,1,PERSONAL,D,13750,15.21,0,0.36,N,5
31,73000,RENT,1,HOMEIMPROVEMENT,D,20000,15.05,1,0.27,Y,5
31,72000,MORTGAGE,15,VENTURE,D,12300,14.96,0,0.17,Y,5
31,30372,RENT,2,PERSONAL,D,20200,14.74,1,0.67,Y,5
31,16656,MORTGAGE,,EDUCATION,C,2400,14.72,1,0.14,Y,5
31,10800,RENT,4,VENTURE,C,2000,14.72,1,0.19,Y,5
31,77000,MORTGAGE,4,VENTURE,C,10000,14.65,0,0.13,N,5
31,46000,RENT,6,MEDICAL,D,9600,14.46,1,0.21,Y,5
31,56004,RENT,3,EDUCATION,D,9000,14.46,1,0.16,Y,5
31,66000,RENT,4,DEBTCONSOLIDATION,C,6000,14.35,1,0.09,N,5
31,43812,RENT,2,MEDICAL,C,2400,14.35,0,0.05,N,5
31,179000,MORTGAGE,13,MEDICAL,C,11200,14.27,0,0.06,N,5
31,56000,RENT,15,HOMEIMPROVEMENT,C,3000,14.27,0,0.05,Y,5
31,64000,RENT,9,PERSONAL,C,8000,14.22,0,0.13,Y,5
31,62400,MORTGAGE,8,EDUCATION,D,8500,14.09,0,0.14,N,5
31,39000,RENT,0,VENTURE,D,2500,14.09,1,0.06,N,5
31,60000,RENT,2,PERSONAL,C,12000,13.98,0,0.2,N,5
31,47756,RENT,3,MEDICAL,C,3350,13.98,0,0.07,N,5
31,62500,OWN,0,VENTURE,C,3000,13.92,0,0.05,Y,5
31,20000,RENT,0,MEDICAL,C,5000,13.8,0,0.25,N,5
31,95000,RENT,2,MEDICAL,C,2500,13.72,0,0.03,N,5
31,35600,RENT,0,MEDICAL,C,4000,13.61,0,0.11,N,5
31,24600,RENT,5,EDUCATION,C,2000,13.61,0,0.08,Y,5
31,117516,MORTGAGE,3,MEDICAL,C,21000,13.49,0,0.18,N,5
31,47000,MORTGAGE,6,MEDICAL,C,20000,13.49,0,0.43,N,5
31,120600,RENT,5,VENTURE,C,10000,13.49,1,0.08,N,5
31,46000,MORTGAGE,5,EDUCATION,C,8000,13.49,1,0.17,Y,5
31,35004,RENT,2,EDUCATION,C,2700,13.49,0,0.08,N,5
31,32400,MORTGAGE,4,VENTURE,C,7500,13.48,0,0.23,N,5
31,75000,RENT,1,PERSONAL,C,10000,13.47,0,0.13,N,5
31,38000,OWN,8,EDUCATION,C,6600,13.47,0,0.17,N,5
31,30988,RENT,0,DEBTCONSOLIDATION,C,2400,13.47,0,0.08,Y,5
31,56400,MORTGAGE,,MEDICAL,C,4000,13.35,1,0.07,N,5
31,31692,RENT,2,VENTURE,D,13150,13.24,1,0.41,Y,5
31,72000,RENT,15,HOMEIMPROVEMENT,C,6000,13.23,0,0.08,N,5
31,30000,RENT,5,PERSONAL,C,6000,13.23,0,0.2,N,5
31,40000,RENT,5,MEDICAL,C,2500,13.23,0,0.06,Y,5
31,101000,RENT,2,EDUCATION,C,7500,13.22,0,0.07,Y,5
31,68000,RENT,2,HOMEIMPROVEMENT,C,3500,13.22,0,0.05,Y,5
31,31323,MORTGAGE,6,DEBTCONSOLIDATION,C,2500,13.22,1,0.08,N,5
31,55000,RENT,5,MEDICAL,C,8000,13.16,0,0.15,N,5
31,57200,MORTGAGE,3,DEBTCONSOLIDATION,C,7500,13.11,0,0.13,Y,5
31,168000,MORTGAGE,6,VENTURE,C,25000,13.06,0,0.15,N,5
31,45000,MORTGAGE,15,HOMEIMPROVEMENT,C,15000,13.06,0,0.33,Y,5
31,74628,MORTGAGE,12,DEBTCONSOLIDATION,C,15000,12.99,0,0.2,N,5
31,75000,MORTGAGE,5,HOMEIMPROVEMENT,C,2500,12.99,0,0.03,Y,5
31,62004,RENT,1,VENTURE,C,10000,12.84,0,0.16,N,5
31,45000,RENT,2,EDUCATION,C,9000,12.84,0,0.2,N,5
31,18000,RENT,6,EDUCATION,C,4000,12.84,1,0.22,N,5
31,96000,MORTGAGE,4,VENTURE,C,12000,12.73,0,0.13,Y,5
31,75000,RENT,5,DEBTCONSOLIDATION,B,15000,12.69,0,0.2,N,5
31,118320,RENT,1,HOMEIMPROVEMENT,B,24250,12.53,0,0.2,N,5
31,78996,MORTGAGE,2,EDUCATION,B,15600,12.53,1,0.2,N,5
31,29000,MORTGAGE,3,EDUCATION,B,3500,12.53,0,0.12,N,5
31,40000,MORTGAGE,4,DEBTCONSOLIDATION,B,4625,12.42,0,0.12,N,5
31,34000,RENT,2,MEDICAL,B,2400,12.21,0,0.07,N,5
31,60000,OWN,0,VENTURE,B,24250,12.18,0,0.4,N,5
31,40000,RENT,5,MEDICAL,B,12000,11.99,0,0.3,N,5
31,47700,RENT,2,MEDICAL,B,12000,11.99,0,0.25,N,5
31,82000,MORTGAGE,15,PERSONAL,B,8000,11.99,0,0.1,N,5
31,87500,RENT,4,DEBTCONSOLIDATION,B,6000,11.99,0,0.07,N,5
31,75000,MORTGAGE,8,VENTURE,B,15600,11.83,0,0.21,N,5
31,20000,OWN,5,VENTURE,B,5000,11.83,0,0.25,N,5
31,25000,OWN,4,HOMEIMPROVEMENT,B,3075,11.83,0,0.12,N,5
31,68400,MORTGAGE,3,EDUCATION,B,15000,11.71,0,0.22,N,5
31,42000,RENT,4,EDUCATION,B,10000,11.71,1,0.24,N,5
31,85000,RENT,6,MEDICAL,B,22000,11.58,0,0.26,N,5
31,65000,MORTGAGE,15,MEDICAL,B,8000,11.49,0,0.12,N,5
31,45500,MORTGAGE,5,VENTURE,B,7500,11.49,0,0.16,N,5
31,33600,RENT,0,MEDICAL,B,4000,11.49,0,0.12,N,5
31,34000,RENT,1,PERSONAL,B,9000,11.48,0,0.26,N,5
31,40000,RENT,2,VENTURE,C,10000,11.41,0,0.25,N,5
31,96000,MORTGAGE,1,MEDICAL,B,22500,11.36,0,0.23,N,5
31,39000,MORTGAGE,5,EDUCATION,B,22000,11.36,1,0.56,N,5
31,55000,MORTGAGE,0,HOMEIMPROVEMENT,B,15000,11.36,0,0.27,N,5
31,95000,MORTGAGE,5,HOMEIMPROVEMENT,B,15000,11.14,0,0.16,N,5
31,60000,RENT,6,VENTURE,B,15000,11.12,0,0.25,N,5
31,201000,MORTGAGE,3,PERSONAL,B,15000,11.12,0,0.07,N,5
31,42096,RENT,15,PERSONAL,B,12500,11.11,0,0.3,N,5
31,28452,RENT,4,PERSONAL,B,1500,11.11,0,0.05,N,5
31,200000,OWN,4,HOMEIMPROVEMENT,B,23500,10.99,0,0.12,N,5
31,89000,RENT,1,MEDICAL,B,10000,10.99,0,0.11,N,5
31,62000,MORTGAGE,7,PERSONAL,B,7500,10.99,0,0.12,N,5
31,60000,MORTGAGE,5,HOMEIMPROVEMENT,B,6500,10.99,0,0.11,N,5
31,95004,RENT,1,DEBTCONSOLIDATION,B,12000,10.75,0,0.13,N,5
31,43288,RENT,7,MEDICAL,B,10000,10.74,0,0.23,N,5
31,43288,RENT,7,EDUCATION,B,10000,10.74,0,0.23,N,5
31,45000,RENT,4,EDUCATION,B,10000,10.65,0,0.22,N,5
31,36000,RENT,3,PERSONAL,B,10000,10.65,0,0.28,N,5
31,83000,RENT,5,PERSONAL,B,6300,10.65,0,0.08,N,5
31,35000,RENT,3,VENTURE,B,5000,10.65,0,0.14,N,5
31,35000,RENT,1,VENTURE,B,4000,10.65,0,0.11,N,5
31,64000,MORTGAGE,14,DEBTCONSOLIDATION,B,25000,10.62,1,0.39,N,5
31,45000,MORTGAGE,8,VENTURE,B,7500,10.62,0,0.17,N,5
31,53922,RENT,15,HOMEIMPROVEMENT,B,5000,10.59,0,0.09,N,5
31,48000,MORTGAGE,15,PERSONAL,B,5000,10.36,1,0.1,N,5
31,47400,RENT,3,MEDICAL,B,4500,10.36,0,0.09,N,5
31,64000,MORTGAGE,15,EDUCATION,B,24000,10.25,0,0.38,N,5
31,85000,RENT,3,VENTURE,B,7500,10.08,0,0.09,N,5
31,70000,RENT,0,VENTURE,B,9000,10,0,0.13,N,5
31,116400,RENT,3,VENTURE,B,8900,10,0,0.08,N,5
31,116400,RENT,3,PERSONAL,B,8900,10,0,0.08,N,5
31,50100,RENT,5,DEBTCONSOLIDATION,B,6000,10,0,0.12,N,5
31,96000,OWN,3,VENTURE,B,10000,9.99,0,0.1,N,5
31,50000,RENT,5,PERSONAL,B,4500,9.99,0,0.09,N,5
31,72000,RENT,15,EDUCATION,B,4000,9.99,0,0.06,N,5
31,38000,OWN,5,VENTURE,B,14000,9.91,0,0.37,N,5
31,30000,RENT,4,HOMEIMPROVEMENT,B,5000,9.91,1,0.17,N,5
31,66000,MORTGAGE,11,HOMEIMPROVEMENT,B,2400,9.91,1,0.04,N,5
31,100000,MORTGAGE,0,HOMEIMPROVEMENT,A,15000,9.63,0,0.15,N,5
31,78000,RENT,1,EDUCATION,A,14000,9.63,0,0.18,N,5
31,200000,MORTGAGE,1,MEDICAL,B,7800,9.63,0,0.04,N,5
31,106000,MORTGAGE,15,DEBTCONSOLIDATION,B,2400,9.63,0,0.02,N,5
31,50000,RENT,8,DEBTCONSOLIDATION,A,6500,9.38,0,0.13,N,5
31,58000,MORTGAGE,15,HOMEIMPROVEMENT,A,6000,9.32,0,0.1,N,5
31,24000,OWN,1,HOMEIMPROVEMENT,A,1200,8.94,0,0.05,N,5
31,200000,MORTGAGE,3,MEDICAL,A,30000,8.9,0,0.15,N,5
31,15456,MORTGAGE,1,PERSONAL,A,4000,8.9,1,0.26,N,5
31,30000,RENT,2,DEBTCONSOLIDATION,A,10000,8.63,1,0.33,N,5
31,56000,MORTGAGE,4,EDUCATION,A,8000,8.59,0,0.14,N,5
31,124992,MORTGAGE,15,DEBTCONSOLIDATION,A,24000,8.49,0,0.19,N,5
31,54000,MORTGAGE,12,HOMEIMPROVEMENT,A,15000,8.49,1,0.28,N,5
31,52000,MORTGAGE,6,EDUCATION,A,10000,8.49,0,0.19,N,5
31,100000,RENT,2,VENTURE,A,10000,8.49,0,0.1,N,5
31,130000,MORTGAGE,10,MEDICAL,A,9800,8.49,0,0.08,N,5
31,24000,RENT,3,EDUCATION,A,6000,8.49,0,0.25,N,5
31,75000,MORTGAGE,6,VENTURE,A,3000,8.49,0,0.04,N,5
31,45000,RENT,5,MEDICAL,A,14000,7.91,1,0.31,N,5
31,101000,RENT,3,DEBTCONSOLIDATION,A,20000,7.9,0,0.2,N,5
31,53000,MORTGAGE,15,HOMEIMPROVEMENT,A,15875,7.9,0,0.3,N,5
31,68000,OWN,1,VENTURE,A,8000,7.9,0,0.12,N,5
31,68000,MORTGAGE,15,MEDICAL,A,13600,7.88,0,0.2,N,5
31,30000,OWN,2,VENTURE,A,10000,7.88,0,0.33,N,5
31,70000,MORTGAGE,3,PERSONAL,A,8000,7.88,0,0.11,N,5
31,64500,MORTGAGE,5,EDUCATION,A,7000,7.88,0,0.11,N,5
31,64900,RENT,2,MEDICAL,A,10000,7.66,0,0.15,N,5
31,273655,MORTGAGE,4,DEBTCONSOLIDATION,A,19600,7.51,0,0.07,N,5
31,100000,MORTGAGE,5,DEBTCONSOLIDATION,A,11000,7.51,0,0.11,N,5
31,52000,RENT,0,VENTURE,A,8000,7.51,0,0.15,N,5
31,84000,MORTGAGE,2,VENTURE,A,7600,7.51,0,0.09,N,5
31,78996,RENT,5,HOMEIMPROVEMENT,A,6000,7.51,1,0.08,N,5
31,20743,RENT,0,MEDICAL,A,5000,7.51,0,0.24,N,5
31,36000,MORTGAGE,2,HOMEIMPROVEMENT,A,4800,7.51,0,0.13,N,5
31,138000,MORTGAGE,0,PERSONAL,A,35000,7.49,1,0.25,N,5
31,55000,MORTGAGE,7,HOMEIMPROVEMENT,A,12000,7.49,0,0.22,N,5
31,76000,RENT,4,HOMEIMPROVEMENT,A,6000,7.49,0,0.08,N,5
31,52000,RENT,1,MEDICAL,A,4000,7.49,0,0.08,N,5
31,91800,MORTGAGE,0,MEDICAL,A,2225,7.43,1,0.02,N,5
31,48000,MORTGAGE,8,DEBTCONSOLIDATION,A,14400,7.29,0,0.3,N,5
31,82000,MORTGAGE,4,EDUCATION,A,10000,7.29,0,0.12,N,5
31,48000,MORTGAGE,14,MEDICAL,A,6600,7.14,0,0.14,N,5
31,54000,MORTGAGE,12,DEBTCONSOLIDATION,A,6000,7.14,0,0.11,N,5
31,90000,MORTGAGE,11,EDUCATION,A,12000,6.92,0,0.13,N,5
31,117000,MORTGAGE,5,HOMEIMPROVEMENT,A,3600,6.91,0,0.03,N,5
31,20500,MORTGAGE,4,DEBTCONSOLIDATION,A,1000,6.76,0,0.05,N,5
31,219996,MORTGAGE,3,MEDICAL,A,20000,6.54,0,0.09,N,5
31,56000,MORTGAGE,3,MEDICAL,A,12000,6.54,0,0.21,N,5
31,75000,RENT,1,PERSONAL,A,1200,6.54,0,0.02,N,5
31,50000,MORTGAGE,5,VENTURE,A,2000,6.39,0,0.04,N,5
31,58000,MORTGAGE,0,EDUCATION,A,3625,6.17,0,0.06,N,5
31,75000,RENT,5,HOMEIMPROVEMENT,A,11100,6.03,0,0.15,N,5
31,35352,MORTGAGE,15,DEBTCONSOLIDATION,A,9000,6.03,0,0.25,N,5
31,95000,MORTGAGE,,HOMEIMPROVEMENT,A,5000,6.03,0,0.05,N,5
31,63000,OWN,,MEDICAL,A,5000,6.03,0,0.08,N,5
31,50000,MORTGAGE,7,HOMEIMPROVEMENT,A,4800,6.03,0,0.1,N,5
31,258000,MORTGAGE,3,PERSONAL,A,28000,5.99,0,0.11,N,5
31,96000,MORTGAGE,4,MEDICAL,A,9600,5.99,0,0.1,N,5
31,60000,RENT,2,PERSONAL,A,4750,5.99,0,0.08,N,5
31,86000,RENT,0,PERSONAL,A,2000,5.99,0,0.02,N,5
31,80000,RENT,15,DEBTCONSOLIDATION,A,12000,5.79,0,0.15,N,5
31,62000,MORTGAGE,4,VENTURE,A,6550,5.79,0,0.11,N,5
31,33000,RENT,1,DEBTCONSOLIDATION,A,2000,5.79,0,0.06,N,5
31,155000,MORTGAGE,5,HOMEIMPROVEMENT,A,7000,5.42,0,0.05,N,5
31,240000,MORTGAGE,15,MEDICAL,A,5500,5.42,0,0.02,N,5
31,65000,RENT,2,HOMEIMPROVEMENT,A,3000,5.42,0,0.05,N,5
31,96000,MORTGAGE,7,VENTURE,C,25000,,1,0.26,N,5
31,64000,MORTGAGE,15,DEBTCONSOLIDATION,C,20000,,0,0.31,Y,5
31,40000,RENT,2,DEBTCONSOLIDATION,C,14600,,1,0.36,Y,5
31,48000,RENT,5,EDUCATION,B,11200,,0,0.23,N,5
31,66000,MORTGAGE,15,PERSONAL,A,10000,,0,0.15,N,5
31,80000,MORTGAGE,10,MEDICAL,A,10000,,0,0.13,N,5
31,83300,MORTGAGE,9,MEDICAL,D,10000,,1,0.1,Y,5
31,83300,MORTGAGE,9,MEDICAL,D,10000,,1,0.1,Y,5
31,58000,MORTGAGE,15,HOMEIMPROVEMENT,A,8875,,0,0.15,N,5
31,66000,RENT,0,EDUCATION,A,6000,,0,0.09,N,5
31,65000,MORTGAGE,11,PERSONAL,B,5000,,0,0.08,N,5
31,78000,MORTGAGE,0,EDUCATION,A,5000,,1,0.06,N,5
31,41004,MORTGAGE,5,DEBTCONSOLIDATION,A,4000,,0,0.1,N,5
31,32904,MORTGAGE,15,VENTURE,C,3000,,0,0.09,N,5
30,39600,RENT,4,DEBTCONSOLIDATION,F,10000,20.89,1,0.25,Y,10
30,54000,RENT,1,EDUCATION,E,16000,17.99,1,0.3,Y,10
30,76500,RENT,11,MEDICAL,D,12000,17.27,1,0.13,N,10
30,120000,RENT,3,PERSONAL,E,10000,17.04,0,0.08,N,10
30,50000,MORTGAGE,0,EDUCATION,D,10000,16.89,0,0.2,N,10
30,100000,MORTGAGE,2,EDUCATION,D,10000,16.77,0,0.1,Y,10
30,39300,RENT,5,DEBTCONSOLIDATION,D,2500,16.29,1,0.06,Y,10
30,112000,MORTGAGE,4,PERSONAL,D,8000,16.02,0,0.07,Y,10
30,30000,OWN,4,PERSONAL,D,8000,15.7,0,0.27,Y,10
30,105000,RENT,4,VENTURE,D,24250,15.65,0,0.23,N,10
30,165000,MORTGAGE,3,EDUCATION,D,5000,15.62,0,0.03,Y,10
30,44000,RENT,0,PERSONAL,D,10500,15.58,1,0.24,Y,10
30,32004,RENT,2,PERSONAL,D,8700,15.58,1,0.27,N,10
30,54000,RENT,2,DEBTCONSOLIDATION,D,16200,15.57,1,0.3,N,10
30,64300,MORTGAGE,4,HOMEIMPROVEMENT,D,14000,15.33,0,0.22,Y,10
30,49000,RENT,2,HOMEIMPROVEMENT,D,5000,15.31,1,0.1,Y,10
30,59004,RENT,3,HOMEIMPROVEMENT,D,14000,15.28,0,0.24,N,10
30,53004,RENT,3,DEBTCONSOLIDATION,D,14000,15.28,1,0.26,Y,10
30,40750,RENT,2,DEBTCONSOLIDATION,D,3000,15.28,1,0.07,N,10
30,72000,MORTGAGE,14,EDUCATION,C,9000,15.23,0,0.13,Y,10
30,62256,MORTGAGE,1,HOMEIMPROVEMENT,D,9000,15.05,0,0.14,Y,10
30,14400,OWN,0,HOMEIMPROVEMENT,D,9250,14.96,1,0.64,N,10
30,52000,MORTGAGE,7,PERSONAL,D,5500,14.96,0,0.11,Y,10
30,25536,RENT,,MEDICAL,C,12000,14.79,1,0.47,Y,10
30,32000,MORTGAGE,4,HOMEIMPROVEMENT,C,6625,14.79,0,0.21,N,10
30,61000,RENT,4,MEDICAL,C,4800,14.79,0,0.08,N,10
30,50000,RENT,2,VENTURE,C,2000,14.79,0,0.04,N,10
30,33000,RENT,4,MEDICAL,C,1000,14.79,0,0.03,N,10
30,23000,RENT,3,PERSONAL,C,6500,14.72,0,0.28,N,10
30,105000,MORTGAGE,0,VENTURE,C,6000,14.72,0,0.06,Y,10
30,30240,RENT,1,EDUCATION,C,5000,14.72,0,0.17,Y,10
30,40525,MORTGAGE,8,HOMEIMPROVEMENT,C,4800,14.65,1,0.12,N,10
30,125000,RENT,2,EDUCATION,C,3000,14.65,0,0.02,Y,10
30,30000,MORTGAGE,5,PERSONAL,C,1100,14.65,1,0.04,N,10
30,114132,MORTGAGE,1,DEBTCONSOLIDATION,D,14400,14.54,1,0.13,N,10
30,46000,OWN,10,HOMEIMPROVEMENT,C,11200,14.27,0,0.24,Y,10
30,94000,MORTGAGE,13,DEBTCONSOLIDATION,C,10000,14.27,0,0.11,Y,10
30,23748,MORTGAGE,,MEDICAL,C,6100,14.27,1,0.26,Y,10
30,180000,RENT,1,EDUCATION,C,20000,14.22,0,0.11,N,10
30,50000,OWN,4,VENTURE,C,3000,14.22,0,0.06,Y,10
30,90000,RENT,4,EDUCATION,E,10000,14.18,0,0.11,Y,10
30,69000,RENT,4,MEDICAL,C,3600,13.99,0,0.05,N,10
30,39000,MORTGAGE,13,HOMEIMPROVEMENT,C,3000,13.99,1,0.08,Y,10
30,230000,MORTGAGE,14,DEBTCONSOLIDATION,C,12000,13.98,0,0.05,Y,10
30,74000,MORTGAGE,14,VENTURE,C,14000,13.92,0,0.19,Y,10
30,107004,MORTGAGE,3,VENTURE,C,12000,13.79,0,0.11,Y,10
30,52000,MORTGAGE,3,EDUCATION,C,5750,13.79,0,0.11,N,10
30,79000,MORTGAGE,11,DEBTCONSOLIDATION,C,20000,13.72,0,0.25,N,10
30,25716,RENT,1,PERSONAL,C,3000,13.72,0,0.12,N,10
30,110000,MORTGAGE,15,PERSONAL,C,12000,13.61,0,0.11,N,10
30,110000,OWN,14,PERSONAL,C,12000,13.57,0,0.11,Y,10
30,93000,MORTGAGE,6,EDUCATION,C,20000,13.49,0,0.22,N,10
30,50000,RENT,4,VENTURE,C,20000,13.49,1,0.4,N,10
30,36000,OWN,14,HOMEIMPROVEMENT,C,4000,13.49,0,0.11,N,10
30,38400,RENT,6,DEBTCONSOLIDATION,C,1600,13.49,0,0.04,N,10
30,32004,RENT,0,DEBTCONSOLIDATION,C,7500,13.47,0,0.23,Y,10
30,31200,RENT,0,EDUCATION,C,3100,13.35,0,0.1,N,10
30,40581,RENT,14,VENTURE,C,14500,13.23,1,0.36,N,10
30,96000,RENT,11,EDUCATION,C,12000,13.23,0,0.13,N,10
30,28000,RENT,1,PERSONAL,C,7000,13.22,0,0.25,Y,10
30,85000,RENT,0,DEBTCONSOLIDATION,C,10000,13.16,0,0.12,Y,10
30,37600,RENT,2,EDUCATION,C,15000,13.06,1,0.4,Y,10
30,90000,MORTGAGE,0,HOMEIMPROVEMENT,C,5000,12.87,0,0.06,Y,10
30,155867,MORTGAGE,15,EDUCATION,C,8000,12.84,0,0.05,Y,10
30,41000,MORTGAGE,1,HOMEIMPROVEMENT,C,10000,12.73,0,0.24,Y,10
30,28800,RENT,1,DEBTCONSOLIDATION,C,8000,12.73,0,0.28,N,10
30,648000,RENT,,DEBTCONSOLIDATION,C,8000,12.73,0,0.01,Y,10
30,36000,OWN,6,MEDICAL,B,10000,12.69,0,0.28,N,10
30,51000,RENT,14,MEDICAL,B,4800,12.69,0,0.09,N,10
30,51000,RENT,14,PERSONAL,B,4800,12.69,0,0.09,N,10
30,54000,MORTGAGE,3,EDUCATION,C,5000,12.61,1,0.09,Y,10
30,225000,RENT,2,MEDICAL,B,25000,12.42,0,0.11,N,10
30,49110,RENT,2,EDUCATION,B,19775,12.42,1,0.4,N,10
30,65000,RENT,11,PERSONAL,B,9600,12.42,0,0.15,N,10
30,43500,RENT,0,EDUCATION,B,3000,12.42,0,0.07,N,10
30,69996,MORTGAGE,14,PERSONAL,B,11250,12.21,0,0.16,N,10
30,77000,MORTGAGE,2,PERSONAL,B,25000,12.18,0,0.32,N,10
30,101500,RENT,2,HOMEIMPROVEMENT,B,18000,12.18,0,0.18,N,10
30,49000,OWN,7,HOMEIMPROVEMENT,B,8500,12.18,0,0.17,N,10
30,72000,MORTGAGE,4,VENTURE,B,6000,11.99,0,0.08,N,10
30,90000,MORTGAGE,3,EDUCATION,B,13000,11.89,0,0.14,N,10
30,36000,MORTGAGE,7,DEBTCONSOLIDATION,B,15000,11.83,0,0.42,N,10
30,275000,MORTGAGE,14,EDUCATION,B,7000,11.71,0,0.03,N,10
30,90000,MORTGAGE,2,HOMEIMPROVEMENT,B,7000,11.71,0,0.08,N,10
30,56400,RENT,1,DEBTCONSOLIDATION,B,7000,11.49,1,0.12,N,10
30,18000,RENT,,EDUCATION,B,2400,11.49,0,0.13,N,10
30,28800,RENT,9,MEDICAL,B,2000,11.48,0,0.07,N,10
30,105000,OWN,14,HOMEIMPROVEMENT,B,15400,11.36,0,0.15,N,10
30,32400,RENT,0,PERSONAL,C,9000,11.22,0,0.28,N,10
30,51750,OWN,5,VENTURE,B,12000,11.14,0,0.23,N,10
30,60000,RENT,4,PERSONAL,B,12000,10.99,0,0.2,N,10
30,76000,RENT,3,DEBTCONSOLIDATION,B,12000,10.99,0,0.16,N,10
30,138000,MORTGAGE,13,HOMEIMPROVEMENT,B,10000,10.99,1,0.07,N,10
30,25000,MORTGAGE,,DEBTCONSOLIDATION,B,7000,10.99,0,0.28,N,10
30,25000,MORTGAGE,,DEBTCONSOLIDATION,B,7000,10.99,0,0.28,N,10
30,51000,MORTGAGE,4,PERSONAL,B,2000,10.99,0,0.04,N,10
30,34000,RENT,0,VENTURE,B,4000,10.95,0,0.12,N,10
30,60000,MORTGAGE,14,EDUCATION,B,4500,10.83,0,0.07,N,10
30,81120,OWN,3,EDUCATION,B,18000,10.75,0,0.22,N,10
30,49000,RENT,13,EDUCATION,B,5000,10.74,1,0.1,N,10
30,300000,MORTGAGE,13,EDUCATION,B,4000,10.65,0,0.01,N,10
30,136000,MORTGAGE,13,VENTURE,B,2800,10.65,0,0.02,N,10
30,36000,MORTGAGE,3,HOMEIMPROVEMENT,B,2400,10.65,0,0.07,N,10
30,69996,RENT,0,PERSONAL,B,2000,10.65,0,0.03,N,10
30,35000,MORTGAGE,,DEBTCONSOLIDATION,B,22750,10.62,0,0.65,N,10
30,75000,RENT,5,HOMEIMPROVEMENT,B,22000,10.62,0,0.29,N,10
30,96000,MORTGAGE,8,EDUCATION,B,17000,10.62,0,0.18,N,10
30,96000,MORTGAGE,8,HOMEIMPROVEMENT,B,17000,10.62,0,0.18,N,10
30,45000,RENT,0,MEDICAL,B,3000,10.62,0,0.07,N,10
30,14400,OWN,2,VENTURE,B,1000,10.62,0,0.07,N,10
30,300000,OWN,14,HOMEIMPROVEMENT,B,35000,10.59,0,0.12,N,10
30,42886,RENT,3,PERSONAL,B,12000,10.59,0,0.28,N,10
30,55000,MORTGAGE,3,DEBTCONSOLIDATION,B,12000,10.38,0,0.22,N,10
30,39600,MORTGAGE,5,DEBTCONSOLIDATION,B,3000,10.38,0,0.08,N,10
30,42000,RENT,5,MEDICAL,B,11000,10.36,0,0.26,N,10
30,48996,RENT,2,EDUCATION,B,3000,10.36,0,0.06,N,10
30,30000,RENT,1,VENTURE,C,3600,10.28,0,0.12,Y,10
30,69000,MORTGAGE,0,DEBTCONSOLIDATION,B,14000,10.14,1,0.2,N,10
30,60000,MORTGAGE,12,DEBTCONSOLIDATION,B,9600,9.99,0,0.16,N,10
30,30000,MORTGAGE,6,EDUCATION,B,10000,9.91,0,0.33,N,10
30,31000,RENT,1,VENTURE,B,5000,9.91,0,0.16,N,10
30,300000,MORTGAGE,3,VENTURE,A,6000,9.63,0,0.02,N,10
30,56628,MORTGAGE,2,HOMEIMPROVEMENT,A,12000,8.94,0,0.21,N,10
30,119700,MORTGAGE,2,HOMEIMPROVEMENT,A,9500,8.94,0,0.08,N,10
30,75000,RENT,0,EDUCATION,A,16000,8.9,0,0.21,N,10
30,100000,MORTGAGE,9,MEDICAL,A,12000,8.9,0,0.12,N,10
30,80000,RENT,7,VENTURE,A,12000,8.9,0,0.15,N,10
30,57408,MORTGAGE,0,DEBTCONSOLIDATION,B,18000,8.88,0,0.31,N,10
30,200000,MORTGAGE,0,MEDICAL,A,10000,8.59,0,0.05,N,10
30,58000,RENT,2,MEDICAL,A,15000,8.49,0,0.26,N,10
30,130000,MORTGAGE,6,DEBTCONSOLIDATION,A,10000,8.49,0,0.08,N,10
30,40000,MORTGAGE,5,HOMEIMPROVEMENT,A,9600,8.49,0,0.24,N,10
30,40000,RENT,6,MEDICAL,A,2400,8.49,0,0.06,N,10
30,20800,RENT,0,MEDICAL,A,7250,8,1,0.35,N,10
30,65004,MORTGAGE,6,PERSONAL,A,7100,8,0,0.11,N,10
30,45000,RENT,2,VENTURE,A,13250,7.9,0,0.29,N,10
30,54000,MORTGAGE,13,MEDICAL,A,10000,7.9,0,0.19,N,10
30,102540,MORTGAGE,6,MEDICAL,A,1500,7.9,0,0.01,N,10
30,240000,RENT,7,PERSONAL,A,18000,7.88,0,0.07,N,10
30,68580,RENT,3,VENTURE,A,10000,7.88,0,0.15,N,10
30,46800,RENT,0,EDUCATION,A,7500,7.88,0,0.16,N,10
30,76000,MORTGAGE,5,HOMEIMPROVEMENT,A,6250,7.88,0,0.08,N,10
30,48000,RENT,0,EDUCATION,A,6000,7.88,0,0.13,N,10
30,36000,RENT,2,DEBTCONSOLIDATION,A,3200,7.88,0,0.09,N,10
30,125000,MORTGAGE,5,MEDICAL,A,8000,7.74,0,0.06,N,10
30,40000,RENT,1,DEBTCONSOLIDATION,A,5500,7.74,0,0.14,N,10
30,98000,MORTGAGE,8,VENTURE,A,3500,7.68,0,0.04,N,10
30,105000,MORTGAGE,8,DEBTCONSOLIDATION,A,26000,7.51,0,0.25,N,10
30,66000,MORTGAGE,,VENTURE,A,12000,7.51,0,0.18,N,10
30,60000,MORTGAGE,14,VENTURE,A,8000,7.51,0,0.13,N,10
30,60000,RENT,11,DEBTCONSOLIDATION,A,5500,7.51,0,0.09,N,10
30,22584,OWN,,MEDICAL,A,5000,7.51,0,0.22,N,10
30,138000,RENT,0,VENTURE,A,11000,7.49,0,0.08,N,10
30,57000,MORTGAGE,1,VENTURE,A,4500,7.49,0,0.08,N,10
30,125000,MORTGAGE,14,VENTURE,A,5750,7.43,0,0.05,N,10
30,33200,RENT,4,VENTURE,A,14000,7.29,1,0.42,N,10
30,97192,MORTGAGE,3,PERSONAL,A,6500,7.29,0,0.07,N,10
30,46000,RENT,5,DEBTCONSOLIDATION,A,8000,7.14,0,0.17,N,10
30,155000,RENT,9,DEBTCONSOLIDATION,A,6000,7.14,0,0.04,N,10
30,29120,RENT,0,DEBTCONSOLIDATION,A,5400,7.14,0,0.19,N,10
30,95000,MORTGAGE,0,DEBTCONSOLIDATION,A,4000,7.14,0,0.04,N,10
30,43000,RENT,2,DEBTCONSOLIDATION,A,14400,6.99,1,0.33,N,10
30,96000,MORTGAGE,7,DEBTCONSOLIDATION,A,8000,6.99,0,0.08,N,10
30,95000,MORTGAGE,14,VENTURE,A,5000,6.99,0,0.05,N,10
30,51996,MORTGAGE,5,VENTURE,A,3200,6.99,0,0.06,N,10
30,65000,MORTGAGE,4,MEDICAL,A,3600,6.92,0,0.06,N,10
30,64600,RENT,0,MEDICAL,A,21500,6.91,1,0.28,N,10
30,62500,MORTGAGE,8,MEDICAL,A,15000,6.91,0,0.24,N,10
30,45000,MORTGAGE,11,MEDICAL,A,2500,6.76,0,0.06,N,10
30,86706,MORTGAGE,6,MEDICAL,A,8500,6.62,0,0.1,N,10
30,24000,MORTGAGE,,DEBTCONSOLIDATION,A,7000,6.62,0,0.29,N,10
30,51372,RENT,,MEDICAL,A,4500,6.39,0,0.09,N,10
30,36000,MORTGAGE,2,VENTURE,A,3000,6.39,0,0.08,N,10
30,54000,RENT,8,HOMEIMPROVEMENT,A,10000,6.17,0,0.19,N,10
30,80000,RENT,0,MEDICAL,A,8900,6.17,0,0.11,N,10
30,68803,RENT,3,MEDICAL,A,2000,6.17,0,0.03,N,10
30,62000,MORTGAGE,1,VENTURE,A,15000,6.03,0,0.24,N,10
30,37200,OWN,,VENTURE,A,10000,6.03,0,0.27,N,10
30,85000,OWN,12,VENTURE,A,7800,6.03,0,0.09,N,10
30,96000,MORTGAGE,11,EDUCATION,A,7000,6.03,0,0.07,N,10
30,41000,RENT,14,DEBTCONSOLIDATION,A,6000,6.03,0,0.15,N,10
30,62400,MORTGAGE,2,HOMEIMPROVEMENT,A,6000,6.03,0,0.1,N,10
30,50000,OWN,3,HOMEIMPROVEMENT,A,5000,5.99,0,0.1,N,10
30,85000,RENT,5,PERSONAL,A,4200,5.99,0,0.05,N,10
30,175000,RENT,1,EDUCATION,A,18000,5.79,0,0.1,N,10
30,55000,MORTGAGE,4,DEBTCONSOLIDATION,A,12000,5.79,0,0.22,N,10
30,54996,RENT,4,DEBTCONSOLIDATION,A,8000,5.79,0,0.15,N,10
30,40000,RENT,8,VENTURE,A,2500,5.79,0,0.06,N,10
30,31200,RENT,4,MEDICAL,A,1900,5.79,0,0.06,N,10
30,114000,MORTGAGE,13,DEBTCONSOLIDATION,A,9975,5.42,0,0.09,N,10
30,16000,MORTGAGE,2,MEDICAL,A,7275,5.42,1,0.45,N,10
30,175000,MORTGAGE,15,VENTURE,D,25000,,0,0.14,Y,10
30,310000,MORTGAGE,13,DEBTCONSOLIDATION,B,14000,,0,0.05,N,10
30,58000,MORTGAGE,2,MEDICAL,A,13200,,0,0.23,N,10
30,34000,MORTGAGE,8,PERSONAL,A,12000,,1,0.35,N,10
30,112000,OWN,6,VENTURE,A,12000,,0,0.11,N,10
30,58800,RENT,0,DEBTCONSOLIDATION,A,12000,,0,0.2,N,10
30,86000,MORTGAGE,7,DEBTCONSOLIDATION,B,10000,,0,0.12,N,10
30,38220,MORTGAGE,1,DEBTCONSOLIDATION,A,9775,,0,0.26,N,10
30,62000,MORTGAGE,4,PERSONAL,B,8000,,0,0.13,N,10
30,70000,RENT,3,DEBTCONSOLIDATION,C,7200,,0,0.1,Y,10
30,48409,RENT,4,MEDICAL,B,7000,,0,0.14,N,10
30,57600,MORTGAGE,13,PERSONAL,A,6000,,0,0.1,N,10
30,38004,RENT,4,VENTURE,B,6000,,0,0.16,N,10
30,110000,MORTGAGE,12,MEDICAL,B,5000,,0,0.05,N,10
30,75000,MORTGAGE,11,PERSONAL,B,5000,,0,0.07,N,10
30,92000,MORTGAGE,9,VENTURE,A,5000,,0,0.05,N,10
30,30000,MORTGAGE,3,VENTURE,A,5000,,0,0.17,N,10
30,100000,MORTGAGE,0,HOMEIMPROVEMENT,A,3600,,0,0.04,N,10
30,30000,RENT,11,MEDICAL,B,1000,,1,0.03,N,10
30,219300,MORTGAGE,7,MEDICAL,E,35000,19.69,1,0.14,N,9
30,232050,MORTGAGE,14,MEDICAL,E,25000,17.93,1,0.09,Y,9
30,56604,MORTGAGE,3,VENTURE,D,3000,17.58,0,0.05,N,9
30,54000,RENT,14,PERSONAL,D,4425,17.49,0,0.08,Y,9
30,40000,RENT,9,MEDICAL,D,9000,16.77,0,0.23,Y,9
30,100000,MORTGAGE,11,VENTURE,D,16000,16.49,0,0.16,Y,9
30,65000,OWN,1,HOMEIMPROVEMENT,D,1800,16.49,0,0.03,N,9
30,19968,RENT,3,DEBTCONSOLIDATION,E,4000,16.45,1,0.2,N,9
30,49000,MORTGAGE,14,PERSONAL,D,8500,16.32,0,0.17,Y,9
30,43800,MORTGAGE,,DEBTCONSOLIDATION,D,13200,16.29,1,0.3,N,9
30,42000,RENT,4,MEDICAL,C,10000,16.11,0,0.24,N,9
30,61400,RENT,4,VENTURE,C,6000,15.96,0,0.1,N,9
30,39000,RENT,6,MEDICAL,C,4000,15.96,0,0.1,N,9
30,82500,MORTGAGE,7,EDUCATION,D,10000,15.65,0,0.12,Y,9
30,27600,MORTGAGE,3,EDUCATION,D,2250,15.62,1,0.08,N,9
30,70125,MORTGAGE,2,MEDICAL,D,25000,15.33,1,0.3,Y,9
30,110925,MORTGAGE,1,MEDICAL,D,25000,15.33,1,0.19,N,9
30,63500,MORTGAGE,9,VENTURE,D,12000,15.33,0,0.19,Y,9
30,42000,MORTGAGE,13,EDUCATION,D,3000,15.33,0,0.07,Y,9
30,60000,MORTGAGE,6,EDUCATION,D,15000,15.31,0,0.25,Y,9
30,75480,RENT,1,MEDICAL,C,25000,15.27,1,0.28,Y,9
30,135000,MORTGAGE,14,PERSONAL,E,25000,15.25,0,0.19,Y,9
30,93000,MORTGAGE,11,HOMEIMPROVEMENT,C,18000,15.23,0,0.19,N,9
30,42000,OWN,,PERSONAL,C,4000,15.23,0,0.1,Y,9
30,135000,RENT,4,VENTURE,D,25000,15.21,0,0.19,N,9
30,54000,RENT,2,VENTURE,E,5000,15.13,1,0.09,N,9
30,85000,RENT,5,VENTURE,D,5000,15.05,0,0.06,N,9
30,78000,RENT,10,DEBTCONSOLIDATION,D,15000,14.96,1,0.19,N,9
30,14400,OWN,0,MEDICAL,D,5000,14.96,1,0.35,N,9
30,54000,RENT,4,DEBTCONSOLIDATION,D,20000,14.84,1,0.37,Y,9
30,31000,RENT,7,MEDICAL,D,4750,14.84,1,0.15,N,9
30,66000,RENT,5,EDUCATION,D,10000,14.83,1,0.15,Y,9
30,96000,RENT,4,PERSONAL,C,12900,14.79,0,0.13,N,9
30,30000,RENT,14,MEDICAL,C,12800,14.79,1,0.43,Y,9
30,33000,RENT,4,DEBTCONSOLIDATION,C,1000,14.79,0,0.03,Y,9
30,55000,RENT,14,DEBTCONSOLIDATION,C,15800,14.72,0,0.29,N,9
30,54000,MORTGAGE,12,MEDICAL,C,15000,14.72,0,0.28,Y,9
30,50000,RENT,0,DEBTCONSOLIDATION,C,7000,14.65,0,0.14,N,9
30,103500,MORTGAGE,14,VENTURE,D,24150,14.61,0,0.23,N,9
30,35600,RENT,0,EDUCATION,D,8000,14.59,1,0.22,N,9
30,168000,RENT,1,DEBTCONSOLIDATION,D,18000,14.46,1,0.11,Y,9
30,31000,MORTGAGE,3,VENTURE,D,12000,14.42,1,0.39,N,9
30,26400,RENT,14,DEBTCONSOLIDATION,C,3250,14.35,1,0.12,N,9
30,26500,RENT,14,DEBTCONSOLIDATION,C,10625,14.27,1,0.4,N,9
30,50000,MORTGAGE,6,DEBTCONSOLIDATION,C,4000,14.27,0,0.08,N,9
30,21240,RENT,,MEDICAL,C,2000,14.22,0,0.09,Y,9
30,72000,MORTGAGE,7,HOMEIMPROVEMENT,C,9600,14.17,0,0.13,N,9
30,80000,MORTGAGE,2,EDUCATION,C,6000,14.17,0,0.07,Y,9
30,96300,MORTGAGE,1,EDUCATION,C,18000,13.98,0,0.19,N,9
30,32000,RENT,3,HOMEIMPROVEMENT,C,8400,13.98,1,0.26,N,9
30,70000,RENT,0,MEDICAL,C,3000,13.98,0,0.04,N,9
30,63000,RENT,9,PERSONAL,C,20000,13.92,1,0.32,Y,9
30,165000,RENT,3,VENTURE,C,15000,13.92,0,0.09,Y,9
30,118000,MORTGAGE,0,PERSONAL,C,5000,13.92,0,0.04,Y,9
30,56000,RENT,7,HOMEIMPROVEMENT,C,4800,13.92,0,0.09,Y,9
30,30000,RENT,0,VENTURE,D,7750,13.87,1,0.26,Y,9
30,49000,RENT,1,EDUCATION,C,4800,13.79,0,0.1,Y,9
30,33280,RENT,1,MEDICAL,C,4000,13.79,0,0.12,N,9
30,43500,MORTGAGE,5,EDUCATION,C,11250,13.61,0,0.26,Y,9
30,33736,RENT,5,MEDICAL,C,13600,13.57,1,0.4,Y,9
30,22000,OWN,4,VENTURE,C,2000,13.57,0,0.09,N,9
30,148000,RENT,8,PERSONAL,D,10000,13.55,0,0.07,N,9
30,148000,RENT,8,VENTURE,D,10000,13.55,0,0.07,N,9
30,66000,MORTGAGE,14,EDUCATION,C,11200,13.49,1,0.17,N,9
30,37200,MORTGAGE,0,MEDICAL,C,6600,13.49,0,0.18,N,9
30,97000,MORTGAGE,9,PERSONAL,C,5000,13.49,0,0.05,Y,9
30,33600,MORTGAGE,12,HOMEIMPROVEMENT,C,3000,13.48,0,0.09,N,9
30,139008,MORTGAGE,2,VENTURE,C,15000,13.47,0,0.11,N,9
30,45000,RENT,4,VENTURE,D,10000,13.36,0,0.22,N,9
30,30000,RENT,2,PERSONAL,C,8000,13.22,0,0.27,Y,9
30,28800,RENT,1,MEDICAL,C,8000,13.22,0,0.28,N,9
30,47581,RENT,2,MEDICAL,C,6000,13.16,0,0.13,Y,9
30,170000,RENT,4,EDUCATION,C,35000,13.06,0,0.21,Y,9
30,42000,OWN,8,MEDICAL,C,8000,12.99,0,0.19,N,9
30,32000,RENT,0,MEDICAL,C,6000,12.99,0,0.19,N,9
30,39996,RENT,2,DEBTCONSOLIDATION,C,4000,12.99,0,0.1,Y,9
30,38400,RENT,,DEBTCONSOLIDATION,C,3000,12.99,0,0.08,N,9
30,67092,RENT,0,PERSONAL,C,9000,12.87,0,0.13,Y,9
30,65136,MORTGAGE,0,PERSONAL,C,6250,12.87,0,0.1,Y,9
30,9600,RENT,1,DEBTCONSOLIDATION,C,1500,12.73,1,0.16,Y,9
30,55684,MORTGAGE,13,EDUCATION,B,5200,12.69,0,0.09,N,9
30,150000,RENT,2,VENTURE,B,21000,12.62,0,0.14,N,9
30,150000,RENT,2,VENTURE,B,21000,12.62,0,0.14,N,9
30,71400,RENT,0,DEBTCONSOLIDATION,C,9600,12.61,0,0.13,Y,9
30,54000,MORTGAGE,3,DEBTCONSOLIDATION,C,5000,12.61,1,0.09,N,9
30,42000,RENT,2,EDUCATION,B,11000,12.53,0,0.26,N,9
30,47600,MORTGAGE,6,EDUCATION,B,23800,12.42,0,0.5,N,9
30,49110,RENT,2,PERSONAL,B,19775,12.42,1,0.4,N,9
30,80000,RENT,5,PERSONAL,B,13600,12.42,0,0.17,N,9
30,66888,MORTGAGE,6,HOMEIMPROVEMENT,C,15000,12.23,0,0.22,Y,9
30,130000,MORTGAGE,14,MEDICAL,B,6000,12.21,0,0.05,N,9
30,22000,MORTGAGE,1,EDUCATION,B,5375,12.21,0,0.24,N,9
30,48000,RENT,1,EDUCATION,B,10000,12.18,0,0.21,N,9
30,90000,RENT,2,DEBTCONSOLIDATION,B,20000,11.99,0,0.22,N,9
30,28000,OWN,5,PERSONAL,B,6300,11.99,0,0.23,N,9
30,223800,MORTGAGE,15,HOMEIMPROVEMENT,B,25000,11.83,1,0.11,N,9
30,93000,MORTGAGE,14,MEDICAL,B,22500,11.83,0,0.24,N,9
30,62000,RENT,14,MEDICAL,B,12000,11.71,0,0.19,N,9
30,60000,RENT,0,PERSONAL,B,12000,11.71,0,0.2,N,9
30,21600,RENT,1,PERSONAL,B,1500,11.71,1,0.07,N,9
30,300000,MORTGAGE,14,MEDICAL,B,20000,11.58,0,0.07,N,9
30,56400,RENT,1,DEBTCONSOLIDATION,B,7000,11.49,1,0.12,N,9
30,40800,RENT,7,PERSONAL,B,2400,11.49,1,0.06,N,9
30,28000,RENT,0,MEDICAL,B,9250,11.48,1,0.33,N,9
30,43000,RENT,2,MEDICAL,B,3200,11.48,0,0.07,N,9
30,10800,RENT,1,PERSONAL,B,1500,11.48,1,0.14,N,9
30,56952,RENT,3,MEDICAL,B,25000,11.36,1,0.44,N,9
30,200000,RENT,5,DEBTCONSOLIDATION,B,10000,11.36,0,0.05,N,9
30,43200,MORTGAGE,14,PERSONAL,B,5000,11.36,0,0.12,N,9
30,504000,RENT,4,DEBTCONSOLIDATION,B,3000,11.36,0,0.01,N,9
30,100000,MORTGAGE,14,MEDICAL,B,15000,11.14,0,0.15,N,9
30,110000,MORTGAGE,5,VENTURE,B,25000,11.12,0,0.23,N,9
30,83000,MORTGAGE,4,DEBTCONSOLIDATION,B,20000,11.11,0,0.24,N,9
30,84000,MORTGAGE,13,HOMEIMPROVEMENT,B,12000,11.11,0,0.14,N,9
30,24000,RENT,14,EDUCATION,B,5000,11.11,1,0.21,N,9
30,55000,OWN,2,EDUCATION,B,6500,10.99,0,0.12,N,9
30,55000,MORTGAGE,1,PERSONAL,B,6500,10.99,0,0.12,N,9
30,43200,OWN,6,HOMEIMPROVEMENT,B,2000,10.99,0,0.05,N,9
30,50000,MORTGAGE,3,HOMEIMPROVEMENT,B,5000,10.95,0,0.1,N,9
30,34000,RENT,0,PERSONAL,B,4000,10.95,0,0.12,N,9
30,98000,RENT,14,PERSONAL,C,8525,10.78,1,0.09,N,9
30,48564,RENT,3,VENTURE,B,15000,10.75,1,0.31,N,9
30,54000,MORTGAGE,14,EDUCATION,B,14500,10.65,0,0.27,N,9
30,36400,RENT,2,MEDICAL,B,12000,10.65,1,0.33,N,9
30,85000,RENT,14,PERSONAL,B,7000,10.65,0,0.08,N,9
30,36000,MORTGAGE,13,MEDICAL,B,5000,10.65,0,0.14,N,9
30,69996,RENT,0,EDUCATION,B,2000,10.65,0,0.03,N,9
30,32400,OWN,,EDUCATION,B,3000,10.62,0,0.09,N,9
30,36000,RENT,2,EDUCATION,B,6400,10.59,0,0.18,N,9
30,33000,MORTGAGE,3,EDUCATION,B,5600,10.59,0,0.17,N,9
30,24000,RENT,0,PERSONAL,B,5000,10.59,0,0.21,N,9
30,80000,MORTGAGE,1,EDUCATION,B,4975,10.59,0,0.06,N,9
30,120000,MORTGAGE,5,DEBTCONSOLIDATION,B,5000,10.38,0,0.04,N,9
30,39552,MORTGAGE,2,VENTURE,B,12375,10.37,0,0.31,N,9
30,120000,MORTGAGE,3,EDUCATION,B,8000,10.37,0,0.07,N,9
30,21996,RENT,4,MEDICAL,B,7500,10.37,1,0.34,N,9
30,267000,MORTGAGE,7,HOMEIMPROVEMENT,B,25000,10.36,0,0.09,N,9
30,78000,MORTGAGE,2,EDUCATION,B,10800,10.36,0,0.14,N,9
30,45000,MORTGAGE,5,VENTURE,B,8000,10.36,0,0.18,N,9
30,105000,MORTGAGE,14,HOMEIMPROVEMENT,B,13000,10.25,0,0.12,N,9
30,115000,RENT,7,DEBTCONSOLIDATION,B,7300,10.25,0,0.06,N,9
30,21360,RENT,1,VENTURE,B,2400,10.25,0,0.11,N,9
30,41604,MORTGAGE,7,VENTURE,B,15000,10,0,0.36,N,9
30,69000,MORTGAGE,13,VENTURE,B,10000,9.99,0,0.14,N,9
30,120000,MORTGAGE,12,DEBTCONSOLIDATION,B,7200,9.99,0,0.06,N,9
30,73000,RENT,15,DEBTCONSOLIDATION,B,5500,9.99,0,0.08,N,9
30,58000,MORTGAGE,14,DEBTCONSOLIDATION,B,5350,9.99,0,0.09,N,9
30,20520,RENT,0,MEDICAL,B,5000,9.99,0,0.24,N,9
30,72000,MORTGAGE,14,HOMEIMPROVEMENT,B,3000,9.99,0,0.04,N,9
30,130000,MORTGAGE,14,VENTURE,B,7000,9.91,0,0.05,N,9
30,130000,MORTGAGE,14,VENTURE,B,7000,9.91,0,0.05,N,9
30,72000,MORTGAGE,5,HOMEIMPROVEMENT,B,7500,9.76,1,0.1,N,9
30,120000,MORTGAGE,9,DEBTCONSOLIDATION,B,18400,9.63,0,0.15,N,9
30,43000,RENT,0,VENTURE,B,5000,9.62,0,0.12,N,9
30,66000,MORTGAGE,0,DEBTCONSOLIDATION,A,11200,9.32,0,0.17,N,9
30,56628,MORTGAGE,2,MEDICAL,A,12000,8.94,0,0.21,N,9
30,71000,RENT,2,PERSONAL,A,12000,8.9,0,0.17,N,9
30,49000,MORTGAGE,9,EDUCATION,A,11750,8.9,0,0.24,N,9
30,70000,MORTGAGE,9,MEDICAL,A,7000,8.9,0,0.1,N,9
30,60000,RENT,1,DEBTCONSOLIDATION,A,3600,8.59,0,0.06,N,9
30,90000,MORTGAGE,14,MEDICAL,A,18000,8.49,0,0.2,N,9
30,59000,MORTGAGE,4,MEDICAL,A,10000,8,1,0.17,N,9
30,32004,OWN,4,VENTURE,A,5500,8,0,0.17,N,9
30,50000,MORTGAGE,14,DEBTCONSOLIDATION,A,1875,8,0,0.04,N,9
30,14800,RENT,5,DEBTCONSOLIDATION,A,1200,8,0,0.08,N,9
30,52000,RENT,3,DEBTCONSOLIDATION,A,12000,7.91,0,0.23,N,9
30,135000,MORTGAGE,8,DEBTCONSOLIDATION,A,32000,7.9,0,0.24,N,9
30,45000,RENT,2,EDUCATION,A,13250,7.9,0,0.29,N,9
30,55000,MORTGAGE,2,EDUCATION,A,11500,7.9,0,0.21,N,9
30,35000,RENT,8,MEDICAL,A,6000,7.9,0,0.17,N,9
30,29102,RENT,2,VENTURE,A,3000,7.9,0,0.1,N,9
30,75000,MORTGAGE,11,MEDICAL,A,15000,7.88,0,0.2,N,9
30,100000,MORTGAGE,14,EDUCATION,A,13000,7.88,0,0.13,N,9
30,100000,RENT,13,DEBTCONSOLIDATION,A,12000,7.88,0,0.12,N,9
30,66500,MORTGAGE,5,DEBTCONSOLIDATION,A,8000,7.88,0,0.12,N,9
30,24000,OWN,,MEDICAL,A,7500,7.88,0,0.31,N,9
30,39500,RENT,3,EDUCATION,A,6925,7.88,0,0.18,N,9
30,27000,OWN,,HOMEIMPROVEMENT,A,4200,7.88,0,0.16,N,9
30,120000,MORTGAGE,6,MEDICAL,A,9600,7.66,0,0.08,N,9
30,65004,MORTGAGE,9,EDUCATION,A,15000,7.51,0,0.23,N,9
30,66000,MORTGAGE,,VENTURE,A,12000,7.51,0,0.18,N,9
30,95000,MORTGAGE,0,DEBTCONSOLIDATION,A,10000,7.51,0,0.11,N,9
30,39000,RENT,,DEBTCONSOLIDATION,A,1500,7.51,1,0.04,N,9
30,103000,MORTGAGE,14,PERSONAL,A,6400,7.49,0,0.06,N,9
30,522000,MORTGAGE,11,HOMEIMPROVEMENT,A,2500,7.43,0,0,N,9
30,75000,RENT,2,HOMEIMPROVEMENT,A,10000,7.29,0,0.13,N,9
30,75000,MORTGAGE,12,PERSONAL,A,8000,7.14,0,0.11,N,9
30,38000,RENT,2,EDUCATION,A,6500,7.14,0,0.17,N,9
30,72000,MORTGAGE,3,MEDICAL,A,14000,6.99,0,0.19,N,9
30,61000,RENT,4,EDUCATION,A,12000,6.92,0,0.2,N,9
30,51000,MORTGAGE,6,HOMEIMPROVEMENT,A,6600,6.92,0,0.13,N,9
30,81004,RENT,3,VENTURE,A,10000,6.91,0,0.12,N,9
30,41600,MORTGAGE,2,EDUCATION,A,4500,6.76,0,0.11,N,9
30,36000,MORTGAGE,1,DEBTCONSOLIDATION,A,15000,6.62,0,0.42,N,9
30,53000,RENT,1,MEDICAL,A,11000,6.62,0,0.21,N,9
30,85000,RENT,4,HOMEIMPROVEMENT,A,10000,6.62,0,0.12,N,9
30,24000,MORTGAGE,,MEDICAL,A,7000,6.62,0,0.29,N,9
30,80000,MORTGAGE,2,EDUCATION,A,3000,6.62,0,0.04,N,9
30,60000,OWN,11,EDUCATION,A,20000,6.17,0,0.33,N,9
30,100000,MORTGAGE,13,PERSONAL,A,10000,6.17,0,0.1,N,9
30,65000,MORTGAGE,15,DEBTCONSOLIDATION,A,7500,6.17,0,0.12,N,9
30,180000,MORTGAGE,5,MEDICAL,A,14000,6.03,0,0.08,N,9
30,120000,MORTGAGE,15,EDUCATION,A,11000,6.03,0,0.09,N,9
30,95000,MORTGAGE,6,PERSONAL,A,4000,5.99,0,0.04,N,9
30,65004,MORTGAGE,3,PERSONAL,A,1500,5.99,0,0.02,N,9
30,35000,RENT,6,PERSONAL,A,10000,5.79,0,0.29,N,9
30,24000,OWN,,PERSONAL,A,6000,5.79,0,0.25,N,9
30,122000,MORTGAGE,11,HOMEIMPROVEMENT,A,11200,5.42,0,0.09,N,9
30,120000,MORTGAGE,12,EDUCATION,A,6000,5.42,0,0.05,N,9
30,58000,MORTGAGE,9,HOMEIMPROVEMENT,A,3000,5.42,0,0.05,N,9
30,68000,RENT,1,VENTURE,A,3000,5.42,0,0.04,N,9
30,35000,MORTGAGE,14,MEDICAL,A,2000,5.42,0,0.06,N,9
30,78000,RENT,4,HOMEIMPROVEMENT,D,25000,,1,0.32,Y,9
30,89900,MORTGAGE,5,VENTURE,C,20000,,0,0.22,Y,9
30,55000,RENT,6,EDUCATION,B,17000,,1,0.31,N,9
30,48000,MORTGAGE,12,PERSONAL,A,15000,,0,0.31,N,9
30,198000,MORTGAGE,5,DEBTCONSOLIDATION,E,15000,,1,0.08,Y,9
30,46000,MORTGAGE,1,EDUCATION,C,12000,,0,0.26,Y,9
30,62304,RENT,3,EDUCATION,D,11000,,0,0.18,N,9
30,48000,MORTGAGE,13,VENTURE,A,10950,,0,0.23,N,9
30,106000,MORTGAGE,11,VENTURE,F,10000,,0,0.09,N,9
30,42000,RENT,4,VENTURE,A,10000,,0,0.24,N,9
30,50000,MORTGAGE,0,VENTURE,C,10000,,0,0.2,N,9
30,41000,RENT,7,VENTURE,A,9600,,0,0.23,N,9
30,90000,MORTGAGE,4,VENTURE,C,8000,,0,0.09,Y,9
30,105000,MORTGAGE,14,MEDICAL,B,7725,,0,0.07,N,9
30,28800,MORTGAGE,6,PERSONAL,C,6250,,0,0.22,N,9
30,24000,OWN,11,VENTURE,A,6000,,0,0.25,N,9
30,20000,RENT,1,EDUCATION,B,6000,,0,0.3,N,9
30,32000,RENT,0,MEDICAL,B,6000,,0,0.19,N,9
30,150000,MORTGAGE,8,PERSONAL,A,5000,,0,0.03,N,9
30,46044,RENT,4,MEDICAL,B,5000,,0,0.11,N,9
30,108000,MORTGAGE,0,DEBTCONSOLIDATION,B,4925,,1,0.05,N,9
30,57000,RENT,1,MEDICAL,C,2500,,0,0.04,N,9
30,55536,MORTGAGE,14,DEBTCONSOLIDATION,C,1000,,0,0.02,N,9
30,270000,MORTGAGE,7,HOMEIMPROVEMENT,E,35000,19.69,0,0.13,N,8
30,148000,RENT,2,EDUCATION,E,22200,19.42,1,0.15,N,8
30,111000,MORTGAGE,2,HOMEIMPROVEMENT,G,12500,19.04,1,0.11,N,8
30,117005,RENT,1,VENTURE,E,12000,18.79,1,0.1,Y,8
30,54000,MORTGAGE,8,HOMEIMPROVEMENT,G,24000,18.72,1,0.44,N,8
30,61828,RENT,10,PERSONAL,E,4500,18.39,0,0.07,N,8
30,340000,MORTGAGE,2,HOMEIMPROVEMENT,F,25000,18.3,0,0.07,N,8
30,59497,MORTGAGE,4,MEDICAL,D,17000,16.89,1,0.24,N,8
30,85000,RENT,1,PERSONAL,E,24000,16.82,1,0.28,N,8
30,189000,MORTGAGE,5,HOMEIMPROVEMENT,E,16000,16.35,0,0.08,N,8
30,108800,MORTGAGE,2,MEDICAL,E,15000,16.35,1,0.12,N,8
30,250000,OWN,8,MEDICAL,D,15000,15.99,0,0.06,Y,8
30,148000,RENT,0,EDUCATION,D,25000,15.95,1,0.17,N,8
30,120000,MORTGAGE,14,VENTURE,D,7500,15.65,0,0.06,N,8
30,113000,MORTGAGE,4,DEBTCONSOLIDATION,D,30000,15.62,1,0.27,Y,8
30,102000,MORTGAGE,8,HOMEIMPROVEMENT,D,15000,15.62,0,0.15,Y,8
30,29000,RENT,2,PERSONAL,D,6000,15.58,1,0.21,Y,8
30,48996,RENT,1,HOMEIMPROVEMENT,E,10000,15.45,1,0.2,N,8
30,228000,MORTGAGE,9,VENTURE,D,12800,15.33,0,0.06,N,8
30,36000,RENT,5,EDUCATION,C,11500,15.27,1,0.32,Y,8
30,170000,RENT,14,EDUCATION,D,25000,15.2,0,0.15,N,8
30,65000,RENT,11,VENTURE,D,12800,15.2,0,0.2,N,8
30,90000,MORTGAGE,8,EDUCATION,E,20000,14.82,0,0.22,Y,8
30,73524,MORTGAGE,2,EDUCATION,D,10000,14.74,0,0.14,N,8
30,21600,RENT,2,DEBTCONSOLIDATION,C,1500,14.72,0,0.07,Y,8
30,57600,MORTGAGE,0,HOMEIMPROVEMENT,C,6000,14.65,0,0.1,N,8
30,97750,MORTGAGE,3,MEDICAL,D,20000,14.59,1,0.17,Y,8
30,32918,RENT,5,DEBTCONSOLIDATION,D,8000,14.59,1,0.24,Y,8
30,54000,MORTGAGE,3,MEDICAL,D,15250,14.42,1,0.28,Y,8
30,108000,RENT,0,EDUCATION,D,7000,14.42,1,0.06,Y,8
30,54000,RENT,9,HOMEIMPROVEMENT,C,15000,14.27,1,0.28,Y,8
30,69996,OWN,14,VENTURE,C,6000,14.26,0,0.09,N,8
30,28000,RENT,5,PERSONAL,C,12000,14.22,1,0.43,N,8
30,28000,RENT,5,DEBTCONSOLIDATION,C,12000,14.22,1,0.43,N,8
30,80000,MORTGAGE,14,VENTURE,C,8000,13.92,0,0.1,N,8
30,30000,RENT,3,EDUCATION,C,4500,13.92,0,0.15,N,8
30,75000,MORTGAGE,9,HOMEIMPROVEMENT,C,14000,13.79,1,0.19,N,8
30,70000,RENT,0,PERSONAL,C,15000,13.61,0,0.21,Y,8
30,36000,RENT,0,MEDICAL,C,13000,13.61,1,0.36,N,8
30,19200,MORTGAGE,2,HOMEIMPROVEMENT,C,4750,13.61,1,0.25,Y,8
30,36000,MORTGAGE,4,PERSONAL,C,11500,13.57,0,0.32,N,8
30,51600,RENT,5,DEBTCONSOLIDATION,C,16000,13.49,1,0.31,N,8
30,65000,RENT,14,DEBTCONSOLIDATION,C,7000,13.49,0,0.11,N,8
30,79416,MORTGAGE,12,MEDICAL,C,6000,13.49,0,0.08,Y,8
30,75689,MORTGAGE,13,HOMEIMPROVEMENT,C,10000,13.48,0,0.13,N,8
30,24000,RENT,5,MEDICAL,C,5500,13.23,0,0.23,Y,8
30,54000,RENT,2,VENTURE,C,4800,13.23,0,0.09,N,8
30,200000,MORTGAGE,14,DEBTCONSOLIDATION,C,21600,13.11,0,0.11,N,8
30,60000,MORTGAGE,8,MEDICAL,C,7400,13.11,0,0.12,N,8
30,62000,MORTGAGE,9,EDUCATION,C,5000,13.11,0,0.08,Y,8
30,65000,RENT,0,MEDICAL,C,16000,13.06,0,0.25,N,8
30,120000,OWN,14,VENTURE,C,10000,13.06,0,0.08,Y,8
30,75000,MORTGAGE,0,HOMEIMPROVEMENT,C,15000,12.98,0,0.2,N,8
30,57996,RENT,2,DEBTCONSOLIDATION,C,8400,12.98,0,0.14,Y,8
30,48000,RENT,3,VENTURE,C,10000,12.87,0,0.21,Y,8
30,67092,RENT,0,DEBTCONSOLIDATION,C,9000,12.87,0,0.13,N,8
30,85000,MORTGAGE,2,EDUCATION,C,25000,12.84,0,0.29,Y,8
30,66996,RENT,0,EDUCATION,C,14000,12.84,0,0.21,N,8
30,119000,MORTGAGE,14,PERSONAL,C,25000,12.73,0,0.21,Y,8
30,40000,RENT,2,MEDICAL,C,14000,12.73,1,0.35,N,8
30,45000,RENT,11,MEDICAL,C,5000,12.73,1,0.11,Y,8
30,45000,RENT,11,MEDICAL,C,5000,12.73,1,0.11,Y,8
30,9600,RENT,1,DEBTCONSOLIDATION,C,1500,12.73,1,0.16,Y,8
30,70000,MORTGAGE,5,MEDICAL,B,31825,12.69,0,0.45,N,8
30,45000,RENT,0,PERSONAL,B,6000,12.69,0,0.13,N,8
30,60400,RENT,2,VENTURE,B,5000,12.69,0,0.08,N,8
30,144000,MORTGAGE,12,PERSONAL,C,35000,12.68,0,0.24,N,8
30,75000,RENT,2,MEDICAL,C,6000,12.68,0,0.08,N,8
30,40000,RENT,2,MEDICAL,C,8500,12.53,0,0.21,N,8
30,158000,MORTGAGE,6,HOMEIMPROVEMENT,B,21000,12.42,0,0.13,N,8
30,77000,RENT,7,VENTURE,B,20000,12.42,0,0.26,N,8
30,66888,MORTGAGE,6,PERSONAL,C,15000,12.23,0,0.22,N,8
30,49000,OWN,7,PERSONAL,B,8500,12.18,0,0.17,N,8
30,65000,RENT,5,HOMEIMPROVEMENT,B,20000,11.99,1,0.31,N,8
30,30809,RENT,1,MEDICAL,B,11200,11.99,1,0.36,N,8
30,89000,MORTGAGE,3,PERSONAL,B,10800,11.99,0,0.12,N,8
30,62000,MORTGAGE,7,PERSONAL,B,9600,11.99,0,0.15,N,8
30,35004,MORTGAGE,3,HOMEIMPROVEMENT,B,9500,11.99,0,0.27,N,8
30,28000,OWN,5,HOMEIMPROVEMENT,B,6300,11.99,0,0.23,N,8
30,143500,MORTGAGE,0,HOMEIMPROVEMENT,B,20000,11.89,0,0.14,N,8
30,22000,OWN,4,VENTURE,B,6000,11.89,0,0.27,N,8
30,150000,MORTGAGE,2,HOMEIMPROVEMENT,D,12000,11.86,0,0.08,Y,8
30,60000,MORTGAGE,10,PERSONAL,B,16000,11.71,0,0.27,N,8
30,42600,RENT,13,VENTURE,B,12000,11.71,0,0.28,N,8
30,44760,RENT,1,EDUCATION,B,3300,11.71,0,0.07,N,8
30,21600,RENT,1,DEBTCONSOLIDATION,B,1500,11.71,1,0.07,N,8
30,33000,MORTGAGE,0,DEBTCONSOLIDATION,C,3000,11.66,0,0.09,N,8
30,38000,OWN,0,HOMEIMPROVEMENT,B,6000,11.58,0,0.16,N,8
30,120000,MORTGAGE,8,HOMEIMPROVEMENT,B,3000,11.49,0,0.03,N,8
30,20000,RENT,1,PERSONAL,B,3000,11.49,1,0.15,N,8
30,200000,MORTGAGE,0,MEDICAL,B,24250,11.48,0,0.12,N,8
30,180000,MORTGAGE,14,DEBTCONSOLIDATION,B,20000,11.48,0,0.11,N,8
30,40000,RENT,8,DEBTCONSOLIDATION,B,16000,11.48,1,0.4,N,8
30,190000,RENT,3,DEBTCONSOLIDATION,B,15000,11.48,0,0.08,N,8
30,61800,MORTGAGE,6,DEBTCONSOLIDATION,B,20000,11.36,0,0.32,N,8
30,105000,OWN,14,HOMEIMPROVEMENT,B,15400,11.36,0,0.15,N,8
30,36000,RENT,3,PERSONAL,B,8000,11.36,0,0.22,N,8
30,175000,RENT,3,DEBTCONSOLIDATION,B,15000,11.26,0,0.09,N,8
30,66000,MORTGAGE,15,VENTURE,B,15000,11.14,0,0.23,N,8
30,50000,RENT,5,MEDICAL,B,5000,11.14,0,0.1,N,8
30,142000,MORTGAGE,5,VENTURE,B,10000,11.12,0,0.07,N,8
30,71000,RENT,8,MEDICAL,B,8000,11.12,0,0.11,N,8
30,71000,RENT,8,VENTURE,B,8000,11.12,0,0.11,N,8
30,52000,RENT,4,DEBTCONSOLIDATION,B,8000,11.11,0,0.15,N,8
30,36000,MORTGAGE,9,EDUCATION,B,1750,11.11,0,0.05,N,8
30,80000,MORTGAGE,7,VENTURE,B,16800,10.99,0,0.21,N,8
30,27996,RENT,5,PERSONAL,B,8000,10.99,0,0.29,N,8
30,64800,MORTGAGE,7,EDUCATION,B,5600,10.99,0,0.09,N,8
30,50000,MORTGAGE,2,EDUCATION,B,3975,10.99,0,0.08,N,8
30,52416,RENT,13,MEDICAL,B,2200,10.99,0,0.04,N,8
30,77000,RENT,7,PERSONAL,B,25000,10.75,1,0.32,N,8
30,39996,MORTGAGE,2,PERSONAL,B,10000,10.75,0,0.25,N,8
30,110000,MORTGAGE,4,MEDICAL,B,12000,10.74,0,0.11,N,8
30,110000,MORTGAGE,0,PERSONAL,B,12000,10.74,0,0.11,N,8
30,74000,OWN,13,MEDICAL,B,10500,10.74,0,0.14,N,8
30,126000,MORTGAGE,6,VENTURE,B,8000,10.74,0,0.06,N,8
30,110000,RENT,0,DEBTCONSOLIDATION,B,3600,10.71,0,0.03,N,8
30,110000,MORTGAGE,14,VENTURE,B,10000,10.65,0,0.09,N,8
30,163000,MORTGAGE,15,PERSONAL,B,3500,10.65,1,0.02,N,8
30,132000,RENT,14,HOMEIMPROVEMENT,B,21500,10.62,0,0.16,N,8
30,53000,RENT,7,PERSONAL,B,15000,10.62,0,0.28,N,8
30,98000,MORTGAGE,6,HOMEIMPROVEMENT,B,35000,10.59,1,0.36,N,8
30,81000,RENT,14,DEBTCONSOLIDATION,B,34000,10.59,1,0.42,N,8
30,145000,MORTGAGE,4,DEBTCONSOLIDATION,B,6000,10.59,0,0.04,N,8
30,45200,RENT,0,MEDICAL,B,4000,10.59,0,0.09,N,8
30,48000,RENT,1,EDUCATION,B,7200,10.39,0,0.15,N,8
30,63600,RENT,7,PERSONAL,B,5000,10.39,1,0.08,N,8
30,65000,RENT,2,DEBTCONSOLIDATION,B,25000,10.38,1,0.38,N,8
30,55000,MORTGAGE,3,DEBTCONSOLIDATION,B,12000,10.38,0,0.22,N,8
30,90000,RENT,0,MEDICAL,B,6000,10.38,0,0.07,N,8
30,110000,MORTGAGE,14,DEBTCONSOLIDATION,B,25000,10.36,0,0.23,N,8
30,10200,OWN,,HOMEIMPROVEMENT,B,5500,10.36,1,0.54,N,8
30,120000,MORTGAGE,1,EDUCATION,B,4800,10.36,0,0.04,N,8
30,50000,MORTGAGE,11,DEBTCONSOLIDATION,B,1400,10.36,0,0.03,N,8
30,70000,MORTGAGE,,VENTURE,B,10000,10.25,0,0.14,N,8
30,64000,MORTGAGE,,DEBTCONSOLIDATION,B,10000,10.25,1,0.16,N,8
30,65000,RENT,3,DEBTCONSOLIDATION,B,8800,10,0,0.14,N,8
30,75600,RENT,0,PERSONAL,B,25000,9.99,1,0.33,N,8
30,60000,MORTGAGE,14,PERSONAL,B,1750,9.99,0,0.03,N,8
30,31200,RENT,5,MEDICAL,B,6000,9.91,0,0.19,N,8
30,42000,RENT,1,PERSONAL,B,12000,9.88,0,0.29,N,8
30,52000,MORTGAGE,4,PERSONAL,B,14675,9.63,0,0.28,N,8
30,52500,MORTGAGE,14,EDUCATION,A,10000,9.63,1,0.19,N,8
30,79000,MORTGAGE,3,HOMEIMPROVEMENT,A,6000,9.63,0,0.08,N,8
30,65004,MORTGAGE,3,DEBTCONSOLIDATION,A,5250,9.63,0,0.08,N,8
30,102000,RENT,2,VENTURE,B,25000,9.62,0,0.25,N,8
30,90000,RENT,1,MEDICAL,B,7000,9.25,0,0.08,N,8
30,40000,RENT,13,EDUCATION,B,12000,9.2,0,0.3,N,8
30,120000,MORTGAGE,15,MEDICAL,B,8275,9.01,0,0.07,N,8
30,250000,MORTGAGE,1,DEBTCONSOLIDATION,B,5000,9.01,0,0.02,N,8
30,90000,RENT,14,MEDICAL,A,18000,8.94,0,0.2,N,8
30,60000,MORTGAGE,0,HOMEIMPROVEMENT,A,6000,8.94,0,0.1,N,8
30,71000,RENT,2,HOMEIMPROVEMENT,A,12000,8.9,0,0.17,N,8
30,70000,MORTGAGE,9,PERSONAL,A,7000,8.9,0,0.1,N,8
30,42000,RENT,0,VENTURE,B,2250,8.88,0,0.05,N,8
30,39000,RENT,1,MEDICAL,A,2300,8.59,0,0.06,N,8
30,79200,MORTGAGE,10,EDUCATION,A,9000,8.49,1,0.11,N,8
30,144000,MORTGAGE,7,MEDICAL,A,6000,8.49,0,0.04,N,8
30,33000,MORTGAGE,2,DEBTCONSOLIDATION,A,6000,8.49,0,0.18,N,8
30,131004,MORTGAGE,14,VENTURE,A,5000,8.49,0,0.04,N,8
30,32004,OWN,4,VENTURE,A,5500,8,0,0.17,N,8
30,54000,MORTGAGE,8,PERSONAL,A,5000,8,0,0.09,N,8
30,57000,MORTGAGE,6,HOMEIMPROVEMENT,A,4000,8,0,0.07,N,8
30,30000,MORTGAGE,3,EDUCATION,A,5100,7.9,0,0.17,N,8
30,31000,MORTGAGE,3,EDUCATION,A,13000,7.88,1,0.42,N,8
30,72000,MORTGAGE,13,VENTURE,A,12000,7.88,0,0.17,N,8
30,46500,MORTGAGE,8,VENTURE,A,6000,7.88,0,0.13,N,8
30,44208,RENT,1,MEDICAL,A,7600,7.74,0,0.17,N,8
30,66000,MORTGAGE,8,EDUCATION,A,6000,7.68,0,0.09,N,8
30,85634,MORTGAGE,4,PERSONAL,A,14000,7.66,0,0.16,N,8
30,102000,MORTGAGE,4,EDUCATION,A,12250,7.66,0,0.12,N,8
30,38126,RENT,1,VENTURE,A,11000,7.51,0,0.29,N,8
30,59000,MORTGAGE,0,MEDICAL,A,10000,7.51,0,0.17,N,8
30,22800,OWN,,VENTURE,A,7000,7.51,0,0.31,N,8
30,25000,MORTGAGE,10,PERSONAL,A,6400,7.51,0,0.26,N,8
30,57000,MORTGAGE,2,VENTURE,A,6000,7.51,0,0.11,N,8
30,48000,MORTGAGE,4,PERSONAL,A,8500,7.49,0,0.18,N,8
30,60000,MORTGAGE,5,HOMEIMPROVEMENT,A,7000,7.49,0,0.12,N,8
30,110000,RENT,2,PERSONAL,A,3200,7.49,0,0.03,N,8
30,120000,RENT,0,HOMEIMPROVEMENT,A,4800,7.4,0,0.04,N,8
30,100000,OWN,0,EDUCATION,A,8000,7.29,0,0.08,N,8
30,45600,MORTGAGE,5,HOMEIMPROVEMENT,A,5000,7.29,0,0.11,N,8
30,44000,RENT,0,MEDICAL,A,2000,7.29,0,0.05,N,8
30,79000,MORTGAGE,14,PERSONAL,A,7500,7.14,0,0.09,N,8
30,155000,RENT,9,MEDICAL,A,6000,7.14,0,0.04,N,8
30,96000,MORTGAGE,7,MEDICAL,A,8000,6.99,0,0.08,N,8
30,46080,RENT,0,PERSONAL,A,2000,6.99,0,0.04,N,8
30,100000,MORTGAGE,11,EDUCATION,A,12800,6.92,0,0.13,N,8
30,110000,MORTGAGE,0,MEDICAL,A,6000,6.92,0,0.05,N,8
30,70000,MORTGAGE,6,HOMEIMPROVEMENT,A,10200,6.91,0,0.15,N,8
30,90722,MORTGAGE,6,VENTURE,A,10000,6.91,0,0.11,N,8
30,82000,MORTGAGE,5,PERSONAL,A,5000,6.76,0,0.06,N,8
30,64000,MORTGAGE,3,HOMEIMPROVEMENT,A,10200,6.62,0,0.16,N,8
30,61200,MORTGAGE,,EDUCATION,A,8000,6.62,0,0.13,N,8
30,180000,MORTGAGE,0,EDUCATION,A,6000,6.62,0,0.03,N,8
30,40000,RENT,14,VENTURE,A,5500,6.62,0,0.14,N,8
30,42000,OWN,7,EDUCATION,A,1200,6.62,0,0.03,N,8
30,156000,RENT,0,EDUCATION,A,20000,6.54,0,0.13,N,8
30,59500,MORTGAGE,15,HOMEIMPROVEMENT,A,15000,6.54,0,0.25,N,8
30,120000,RENT,14,MEDICAL,A,15000,6.17,0,0.13,N,8
30,49200,MORTGAGE,12,EDUCATION,A,15025,6.03,0,0.31,N,8
30,85000,MORTGAGE,2,EDUCATION,A,15000,6.03,0,0.18,N,8
30,83203,RENT,6,MEDICAL,A,14100,6.03,0,0.17,N,8
30,102000,RENT,3,HOMEIMPROVEMENT,A,10000,6.03,0,0.1,N,8
30,114000,MORTGAGE,14,MEDICAL,A,7200,6.03,0,0.06,N,8
30,54996,RENT,2,MEDICAL,A,4800,6.03,0,0.09,N,8
30,105000,MORTGAGE,6,EDUCATION,A,10000,5.99,0,0.1,N,8
30,9600,RENT,,PERSONAL,A,1800,5.99,1,0.19,N,8
30,38000,RENT,0,MEDICAL,A,12800,5.79,1,0.34,N,8
30,50000,OWN,,VENTURE,A,8000,5.79,0,0.16,N,8
30,40000,RENT,8,VENTURE,A,2500,5.79,0,0.06,N,8
30,85000,MORTGAGE,14,MEDICAL,A,6000,5.42,0,0.07,N,8
30,24000,RENT,,PERSONAL,A,6000,5.42,0,0.25,N,8
30,172000,MORTGAGE,13,VENTURE,B,20000,,0,0.12,N,8
30,65000,MORTGAGE,6,PERSONAL,A,17500,,0,0.27,N,8
30,120000,MORTGAGE,13,EDUCATION,B,15000,,0,0.13,N,8
30,43000,RENT,3,VENTURE,A,15000,,1,0.35,N,8
30,42000,RENT,4,MEDICAL,B,14750,,1,0.35,N,8
30,30000,RENT,1,PERSONAL,B,14500,,1,0.48,N,8
30,96000,RENT,4,PERSONAL,B,14400,,0,0.15,N,8
30,38000,OWN,14,MEDICAL,B,12600,,0,0.33,N,8
30,80000,MORTGAGE,6,HOMEIMPROVEMENT,B,12000,,0,0.15,N,8
30,145000,MORTGAGE,4,EDUCATION,B,12000,,0,0.08,N,8
30,50000,MORTGAGE,11,DEBTCONSOLIDATION,B,10000,,0,0.2,N,8
30,54000,MORTGAGE,0,VENTURE,A,9600,,0,0.18,N,8
30,49200,MORTGAGE,13,HOMEIMPROVEMENT,A,9250,,0,0.19,N,8
30,34000,RENT,3,PERSONAL,A,9000,,0,0.26,N,8
30,34000,RENT,1,HOMEIMPROVEMENT,C,7500,,1,0.22,Y,8
30,30000,RENT,3,MEDICAL,A,7000,,0,0.23,N,8
30,29004,OWN,6,HOMEIMPROVEMENT,C,6250,,0,0.22,N,8
30,60000,RENT,8,MEDICAL,A,5000,,0,0.08,N,8
30,60000,RENT,8,MEDICAL,A,5000,,0,0.08,N,8
30,24000,RENT,6,MEDICAL,D,5000,,1,0.21,Y,8
30,130000,MORTGAGE,14,DEBTCONSOLIDATION,B,4000,,0,0.03,N,8
30,62496,MORTGAGE,14,PERSONAL,B,3200,,0,0.05,N,8
30,33000,RENT,2,VENTURE,B,2000,,0,0.06,N,8
30,27996,RENT,9,MEDICAL,C,1500,,0,0.05,Y,8
30,74797,MORTGAGE,14,MEDICAL,E,4800,18.79,1,0.05,Y,7
30,138000,MORTGAGE,3,EDUCATION,E,23975,17.93,1,0.17,N,7
30,29004,RENT,13,MEDICAL,E,2400,17.93,1,0.08,Y,7
30,69000,RENT,2,VENTURE,E,20000,17.14,1,0.29,Y,7
30,240000,MORTGAGE,8,VENTURE,D,28000,16.49,0,0.12,Y,7
30,31200,RENT,0,PERSONAL,E,12000,16.45,1,0.38,Y,7
30,144000,RENT,12,EDUCATION,E,5000,16.32,0,0.03,Y,7
30,95000,MORTGAGE,0,PERSONAL,D,6000,15.99,0,0.06,Y,7
30,75000,RENT,8,PERSONAL,D,5600,15.99,0,0.07,N,7
30,67692,MORTGAGE,,PERSONAL,C,23200,15.96,0,0.34,Y,7
30,24000,RENT,,MEDICAL,C,1000,15.96,0,0.04,Y,7
30,50000,OWN,4,DEBTCONSOLIDATION,D,10000,15.95,0,0.2,Y,7
30,102213,RENT,3,MEDICAL,D,25000,15.7,1,0.21,N,7
30,54383,RENT,5,HOMEIMPROVEMENT,D,25000,15.65,1,0.46,Y,7
30,105000,RENT,4,HOMEIMPROVEMENT,D,24250,15.65,0,0.23,N,7
30,49000,RENT,2,PERSONAL,D,5000,15.31,1,0.1,N,7
30,51600,MORTGAGE,4,EDUCATION,D,12200,15.28,0,0.24,N,7
30,65000,MORTGAGE,2,HOMEIMPROVEMENT,D,4000,15.21,0,0.06,N,7
30,54000,RENT,2,HOMEIMPROVEMENT,E,5000,15.13,1,0.09,N,7
30,265000,MORTGAGE,3,HOMEIMPROVEMENT,D,24000,14.96,0,0.09,Y,7
30,253000,MORTGAGE,3,DEBTCONSOLIDATION,D,24000,14.96,1,0.09,N,7
30,108000,RENT,1,PERSONAL,D,8000,14.96,1,0.07,Y,7
30,116500,MORTGAGE,9,DEBTCONSOLIDATION,C,15000,14.79,0,0.13,Y,7
30,20000,RENT,14,MEDICAL,D,5400,14.61,0,0.27,Y,7
30,115000,MORTGAGE,3,DEBTCONSOLIDATION,D,20000,14.59,1,0.17,N,7
30,69600,RENT,0,PERSONAL,D,15000,14.59,1,0.22,N,7
30,126132,MORTGAGE,1,VENTURE,D,14400,14.54,0,0.11,Y,7
30,48996,MORTGAGE,14,EDUCATION,C,1200,14.35,1,0.02,N,7
30,94104,OWN,15,VENTURE,C,14400,14.27,0,0.15,Y,7
30,65000,RENT,3,EDUCATION,C,10000,14.27,0,0.15,Y,7
30,85332,RENT,3,VENTURE,C,14000,14.22,0,0.16,N,7
30,16500,RENT,0,VENTURE,C,4000,14.22,1,0.24,Y,7
30,23000,RENT,5,VENTURE,D,3250,14.11,0,0.14,Y,7
30,46800,RENT,7,EDUCATION,C,11200,13.98,1,0.24,Y,7
30,60000,RENT,1,HOMEIMPROVEMENT,C,12000,13.84,0,0.2,Y,7
30,72000,RENT,5,EDUCATION,C,20000,13.79,0,0.28,N,7
30,35576,RENT,14,EDUCATION,C,19000,13.72,1,0.53,N,7
30,15000,RENT,2,HOMEIMPROVEMENT,D,4000,13.67,1,0.27,Y,7
30,110000,OWN,14,VENTURE,C,12000,13.57,0,0.11,Y,7
30,40000,RENT,4,VENTURE,C,10800,13.57,1,0.27,N,7
30,96000,MORTGAGE,8,EDUCATION,C,18000,13.49,0,0.19,N,7
30,49000,MORTGAGE,2,PERSONAL,C,16000,13.49,1,0.33,N,7
30,21000,RENT,0,EDUCATION,C,5000,13.49,0,0.24,Y,7
30,72000,MORTGAGE,8,DEBTCONSOLIDATION,C,4800,13.49,0,0.07,Y,7
30,43200,MORTGAGE,5,HOMEIMPROVEMENT,C,4200,13.49,0,0.1,Y,7
30,43992,RENT,2,PERSONAL,D,15000,13.24,1,0.34,N,7
30,50000,RENT,3,PERSONAL,C,10000,13.22,0,0.2,N,7
30,50000,RENT,3,VENTURE,C,4500,13.11,0,0.09,Y,7
30,37600,RENT,2,MEDICAL,C,15000,13.06,1,0.4,Y,7
30,57996,RENT,2,HOMEIMPROVEMENT,C,8400,12.98,0,0.14,N,7
30,40556,RENT,12,EDUCATION,C,8500,12.87,0,0.21,Y,7
30,21300,RENT,1,DEBTCONSOLIDATION,C,4000,12.87,0,0.19,Y,7
30,151800,MORTGAGE,14,HOMEIMPROVEMENT,C,17525,12.72,0,0.12,Y,7
30,151800,MORTGAGE,14,EDUCATION,C,17525,12.72,0,0.12,Y,7
30,84996,MORTGAGE,4,PERSONAL,B,8000,12.69,0,0.09,N,7
30,60000,MORTGAGE,12,DEBTCONSOLIDATION,B,2500,12.69,0,0.04,N,7
30,40000,RENT,0,PERSONAL,C,4200,12.68,0,0.1,N,7
30,65600,OWN,5,VENTURE,C,4000,12.68,0,0.06,Y,7
30,30000,RENT,6,MEDICAL,C,2800,12.68,0,0.09,Y,7
30,36000,RENT,3,DEBTCONSOLIDATION,C,24250,12.61,1,0.67,Y,7
30,12500,RENT,0,PERSONAL,D,2100,12.49,1,0.17,Y,7
30,100800,MORTGAGE,5,VENTURE,B,22000,12.42,0,0.22,N,7
30,91000,MORTGAGE,9,DEBTCONSOLIDATION,B,18500,12.42,0,0.2,N,7
30,91000,MORTGAGE,14,VENTURE,B,13600,12.42,0,0.15,N,7
30,48000,MORTGAGE,3,HOMEIMPROVEMENT,B,9000,12.42,0,0.19,N,7
30,25056,MORTGAGE,3,HOMEIMPROVEMENT,B,2000,12.42,0,0.08,N,7
30,43580,MORTGAGE,5,PERSONAL,B,6000,12.21,1,0.14,N,7
30,102489,MORTGAGE,14,PERSONAL,B,25000,12.18,0,0.24,N,7
30,75000,RENT,7,MEDICAL,B,20000,12.18,0,0.27,N,7
30,101500,RENT,2,HOMEIMPROVEMENT,B,18000,12.18,0,0.18,N,7
30,56000,MORTGAGE,1,MEDICAL,B,14000,12.18,0,0.25,N,7
30,110000,RENT,8,HOMEIMPROVEMENT,B,12000,12.18,0,0.11,N,7
30,137057,MORTGAGE,13,VENTURE,B,4750,12.18,0,0.03,N,7
30,93500,RENT,3,EDUCATION,C,9925,12.09,0,0.11,Y,7
30,30809,RENT,1,EDUCATION,B,11200,11.99,1,0.36,N,7
30,90000,RENT,2,EDUCATION,B,7200,11.99,0,0.08,N,7
30,56030,MORTGAGE,14,PERSONAL,B,13000,11.89,0,0.23,N,7
30,45000,RENT,0,MEDICAL,B,8500,11.89,0,0.19,N,7
30,45000,RENT,3,VENTURE,B,20000,11.86,1,0.44,N,7
30,21600,RENT,4,VENTURE,B,5000,11.71,0,0.23,N,7
30,40000,MORTGAGE,9,DEBTCONSOLIDATION,B,3000,11.71,0,0.07,N,7
30,100000,RENT,1,MEDICAL,B,1000,11.71,0,0.01,N,7
30,38000,OWN,0,EDUCATION,B,6000,11.58,0,0.16,N,7
30,65000,RENT,1,PERSONAL,B,12000,11.49,0,0.18,N,7
30,63552,RENT,,MEDICAL,B,6000,11.49,0,0.09,N,7
30,50000,RENT,6,VENTURE,B,4600,11.49,0,0.09,N,7
30,32796,RENT,8,MEDICAL,B,3000,11.49,0,0.09,N,7
30,200000,MORTGAGE,5,PERSONAL,B,20000,11.48,0,0.1,N,7
30,75000,MORTGAGE,4,VENTURE,B,15000,11.48,0,0.2,N,7
30,48500,RENT,0,MEDICAL,B,4200,11.48,0,0.09,N,7
30,44000,RENT,1,EDUCATION,B,8500,11.36,0,0.19,N,7
30,115000,RENT,3,DEBTCONSOLIDATION,B,20000,11.11,0,0.17,N,7
30,84000,MORTGAGE,13,PERSONAL,B,12000,11.11,0,0.14,N,7
30,91644,MORTGAGE,14,VENTURE,C,5000,11.03,0,0.05,Y,7
30,185000,MORTGAGE,8,VENTURE,B,15000,10.99,0,0.08,N,7
30,60000,RENT,5,PERSONAL,B,12000,10.99,0,0.2,N,7
30,55000,MORTGAGE,1,HOMEIMPROVEMENT,B,6500,10.99,0,0.12,N,7
30,120000,MORTGAGE,3,PERSONAL,B,6000,10.99,0,0.05,N,7
30,39000,RENT,1,DEBTCONSOLIDATION,B,2400,10.99,0,0.06,N,7
30,52000,MORTGAGE,2,PERSONAL,C,18500,10.91,0,0.36,N,7
30,111000,RENT,3,VENTURE,C,15450,10.91,0,0.14,Y,7
30,39760,MORTGAGE,0,DEBTCONSOLIDATION,B,14500,10.75,1,0.36,N,7
30,31800,RENT,2,VENTURE,B,14400,10.75,1,0.45,N,7
30,68000,RENT,7,PERSONAL,B,10000,10.75,0,0.15,N,7
30,68000,MORTGAGE,11,EDUCATION,B,6000,10.59,0,0.09,N,7
30,50000,MORTGAGE,1,PERSONAL,B,16000,10.38,0,0.32,N,7
30,52500,RENT,2,HOMEIMPROVEMENT,B,20000,10.37,1,0.38,N,7
30,50000,RENT,0,HOMEIMPROVEMENT,B,10000,10.36,0,0.2,N,7
30,70000,RENT,4,VENTURE,B,2500,10.36,0,0.04,N,7
30,50400,RENT,2,PERSONAL,B,7500,10.25,0,0.15,N,7
30,53979,MORTGAGE,5,EDUCATION,B,25000,10.08,0,0.46,N,7
30,72000,MORTGAGE,12,MEDICAL,B,10000,10,0,0.14,N,7
30,54000,RENT,1,EDUCATION,B,6300,10,0,0.12,N,7
30,37800,RENT,4,MEDICAL,B,15050,9.99,1,0.4,N,7
30,96000,MORTGAGE,11,MEDICAL,B,12000,9.99,0,0.13,N,7
30,72000,RENT,1,DEBTCONSOLIDATION,B,10000,9.99,0,0.14,N,7
30,73008,RENT,5,VENTURE,B,8000,9.99,0,0.11,N,7
30,60000,RENT,0,DEBTCONSOLIDATION,B,4750,9.99,0,0.08,N,7
30,54600,MORTGAGE,11,VENTURE,B,2500,9.99,0,0.05,N,7
30,10800,OWN,,EDUCATION,B,2400,9.99,1,0.22,N,7
30,10800,OWN,,PERSONAL,B,2400,9.99,1,0.22,N,7
30,25000,RENT,2,HOMEIMPROVEMENT,B,5000,9.91,1,0.2,N,7
30,50650,RENT,5,PERSONAL,B,4200,9.91,1,0.08,N,7
30,156000,RENT,5,MEDICAL,B,25000,9.88,0,0.16,N,7
30,39962,MORTGAGE,5,DEBTCONSOLIDATION,B,3200,9.7,0,0.08,N,7
30,52000,MORTGAGE,4,HOMEIMPROVEMENT,B,14675,9.63,0,0.28,N,7
30,52800,RENT,4,PERSONAL,B,2400,9.62,0,0.05,N,7
30,52800,RENT,4,PERSONAL,B,2400,9.62,0,0.05,N,7
30,37000,RENT,2,EDUCATION,B,2600,9.25,0,0.07,N,7
30,41000,MORTGAGE,14,HOMEIMPROVEMENT,B,18000,9.01,0,0.44,N,7
30,90000,RENT,14,DEBTCONSOLIDATION,A,18000,8.94,0,0.2,N,7
30,114400,MORTGAGE,14,VENTURE,A,8000,8.94,0,0.07,N,7
30,67275,RENT,4,HOMEIMPROVEMENT,A,6500,8.94,0,0.1,N,7
30,45600,MORTGAGE,0,VENTURE,A,6400,8.94,0,0.14,N,7
30,45600,MORTGAGE,0,PERSONAL,A,6400,8.94,0,0.14,N,7
30,24000,MORTGAGE,7,HOMEIMPROVEMENT,A,6000,8.94,0,0.25,N,7
30,59000,RENT,4,PERSONAL,A,4000,8.94,1,0.07,N,7
30,36500,RENT,5,EDUCATION,A,14125,8.9,1,0.39,N,7
30,98000,MORTGAGE,12,VENTURE,B,12000,8.88,0,0.12,N,7
30,84300,RENT,4,PERSONAL,B,12000,8.88,0,0.14,N,7
30,42000,RENT,0,EDUCATION,B,2250,8.88,0,0.05,N,7
30,200000,MORTGAGE,0,HOMEIMPROVEMENT,A,10000,8.59,0,0.05,N,7
30,42000,RENT,0,MEDICAL,A,8450,8.59,0,0.2,N,7
30,90000,MORTGAGE,14,PERSONAL,A,18000,8.49,0,0.2,N,7
30,143000,MORTGAGE,11,PERSONAL,A,18000,8.49,0,0.13,N,7
30,117500,MORTGAGE,0,EDUCATION,A,13500,8.49,0,0.11,N,7
30,144000,MORTGAGE,7,PERSONAL,A,6000,8.49,0,0.04,N,7
30,76200,MORTGAGE,3,HOMEIMPROVEMENT,A,3200,8.49,0,0.04,N,7
30,64000,RENT,1,VENTURE,A,18000,8.38,0,0.28,N,7
30,57000,MORTGAGE,6,PERSONAL,A,4000,8,0,0.07,N,7
30,91000,MORTGAGE,7,EDUCATION,A,33950,7.9,0,0.37,N,7
30,61000,MORTGAGE,2,DEBTCONSOLIDATION,A,4000,7.9,0,0.07,N,7
30,77500,MORTGAGE,2,DEBTCONSOLIDATION,A,9000,7.88,0,0.12,N,7
30,28500,MORTGAGE,9,EDUCATION,A,4000,7.74,0,0.14,N,7
30,175000,MORTGAGE,2,HOMEIMPROVEMENT,A,6000,7.68,0,0.03,N,7
30,65000,MORTGAGE,3,PERSONAL,A,12000,7.66,0,0.18,N,7
30,78111,MORTGAGE,5,PERSONAL,A,25000,7.51,1,0.32,N,7
30,45000,RENT,5,PERSONAL,A,10000,7.51,0,0.22,N,7
30,80256,OWN,11,VENTURE,A,24000,7.49,0,0.3,N,7
30,60000,RENT,2,PERSONAL,A,10000,7.49,0,0.17,N,7
30,42000,MORTGAGE,14,MEDICAL,A,4500,7.49,1,0.11,N,7
30,63000,MORTGAGE,14,DEBTCONSOLIDATION,A,3500,7.49,0,0.06,N,7
30,48000,MORTGAGE,9,EDUCATION,A,3000,7.4,0,0.06,N,7
30,150000,RENT,14,DEBTCONSOLIDATION,A,12000,7.29,0,0.08,N,7
30,118000,RENT,5,HOMEIMPROVEMENT,A,10000,7.14,0,0.08,N,7
30,77000,MORTGAGE,4,DEBTCONSOLIDATION,A,8000,7.14,0,0.1,N,7
30,30000,OWN,14,PERSONAL,A,5000,7.14,0,0.17,N,7
30,50000,OWN,5,EDUCATION,A,5000,7.14,0,0.1,N,7
30,40000,RENT,5,MEDICAL,A,3000,7.14,0,0.07,N,7
30,60000,MORTGAGE,5,VENTURE,A,4000,6.99,0,0.07,N,7
30,54400,MORTGAGE,3,MEDICAL,A,23500,6.91,1,0.37,N,7
30,44000,MORTGAGE,1,EDUCATION,A,6800,6.91,0,0.15,N,7
30,33600,RENT,5,VENTURE,A,6000,6.91,0,0.18,N,7
30,24414,RENT,0,MEDICAL,A,5000,6.91,0,0.2,N,7
30,350000,OWN,3,PERSONAL,A,32000,6.62,0,0.09,N,7
30,50000,MORTGAGE,8,DEBTCONSOLIDATION,A,10000,6.62,0,0.2,N,7
30,90000,RENT,2,EDUCATION,A,6400,6.62,0,0.07,N,7
30,37017,MORTGAGE,3,PERSONAL,A,9000,6.54,0,0.24,N,7
30,51372,RENT,,HOMEIMPROVEMENT,A,4500,6.39,0,0.09,N,7
30,66560,MORTGAGE,10,DEBTCONSOLIDATION,A,2500,6.39,0,0.04,N,7
30,77000,MORTGAGE,5,DEBTCONSOLIDATION,A,1500,6.39,0,0.02,N,7
30,53000,MORTGAGE,3,HOMEIMPROVEMENT,A,12500,6.03,0,0.24,N,7
30,53000,RENT,4,DEBTCONSOLIDATION,A,12000,6.03,0,0.23,N,7
30,60000,RENT,,VENTURE,A,10000,6.03,0,0.17,N,7
30,50000,OWN,3,EDUCATION,A,5000,5.99,0,0.1,N,7
30,95000,MORTGAGE,6,PERSONAL,A,4000,5.99,0,0.04,N,7
30,90000,MORTGAGE,5,PERSONAL,A,10000,5.79,0,0.11,N,7
30,50000,RENT,4,PERSONAL,A,6000,5.79,0,0.12,N,7
30,45000,RENT,14,PERSONAL,A,1900,5.79,0,0.04,N,7
30,57000,RENT,14,DEBTCONSOLIDATION,A,12000,5.42,0,0.21,N,7
30,96000,MORTGAGE,14,VENTURE,A,6000,5.42,0,0.06,N,7
30,70000,MORTGAGE,6,HOMEIMPROVEMENT,B,18000,,0,0.26,N,7
30,79000,RENT,5,EDUCATION,F,15000,,0,0.19,N,7
30,42000,RENT,4,DEBTCONSOLIDATION,B,14750,,1,0.35,N,7
30,70000,MORTGAGE,6,HOMEIMPROVEMENT,B,12800,,0,0.18,N,7
30,55000,MORTGAGE,13,DEBTCONSOLIDATION,B,12000,,0,0.22,N,7
30,70000,MORTGAGE,7,DEBTCONSOLIDATION,A,10000,,0,0.14,N,7
30,67202,RENT,4,DEBTCONSOLIDATION,A,10000,,0,0.15,N,7
30,42000,RENT,2,MEDICAL,A,10000,,0,0.24,N,7
30,30000,RENT,2,VENTURE,C,10000,,1,0.33,N,7
30,48500,MORTGAGE,5,MEDICAL,A,9350,,0,0.19,N,7
30,67000,RENT,2,VENTURE,A,9250,,0,0.14,N,7
30,74400,OWN,8,VENTURE,A,7500,,0,0.1,N,7
30,82060,RENT,1,EDUCATION,A,7200,,0,0.09,N,7
30,125000,MORTGAGE,14,VENTURE,C,7000,,0,0.06,N,7
30,70000,MORTGAGE,14,MEDICAL,A,6000,,0,0.09,N,7
30,50000,MORTGAGE,3,PERSONAL,C,6000,,0,0.12,Y,7
30,63000,RENT,2,HOMEIMPROVEMENT,A,6000,,0,0.1,N,7
30,110000,MORTGAGE,12,HOMEIMPROVEMENT,B,5000,,0,0.05,N,7
30,46044,RENT,4,VENTURE,B,5000,,0,0.11,N,7
30,107000,MORTGAGE,2,PERSONAL,A,5000,,0,0.05,N,7
30,42000,RENT,2,MEDICAL,B,5000,,0,0.12,N,7
30,60000,RENT,1,DEBTCONSOLIDATION,B,5000,,0,0.08,N,7
30,87580,OWN,15,MEDICAL,A,4700,,0,0.05,N,7
30,25000,RENT,0,DEBTCONSOLIDATION,A,3000,,0,0.12,N,7
30,17280,MORTGAGE,0,PERSONAL,C,2000,,0,0.12,N,7
30,56000,MORTGAGE,5,EDUCATION,B,1500,,0,0.03,N,7
30,55536,MORTGAGE,14,MEDICAL,C,1000,,0,0.02,N,7
30,100815,RENT,7,MEDICAL,F,20000,18.3,1,0.17,Y,6
30,38000,MORTGAGE,5,EDUCATION,E,10000,17.99,1,0.26,N,6
30,138000,MORTGAGE,3,EDUCATION,E,23975,17.93,1,0.17,Y,6
30,57000,MORTGAGE,3,MEDICAL,E,9000,17.93,1,0.16,Y,6
30,12996,RENT,1,PERSONAL,E,2000,17.19,1,0.15,N,6
30,110400,RENT,1,VENTURE,D,14000,16.89,1,0.13,N,6
30,100000,MORTGAGE,0,PERSONAL,D,30000,16.77,0,0.3,Y,6
30,65000,MORTGAGE,3,VENTURE,D,20000,16.77,0,0.31,Y,6
30,98000,MORTGAGE,3,DEBTCONSOLIDATION,D,5200,16.49,1,0.05,N,6
30,31200,RENT,7,MEDICAL,D,2400,16.49,0,0.08,Y,6
30,65144,MORTGAGE,9,MEDICAL,E,5000,16.35,1,0.07,Y,6
30,44500,RENT,2,MEDICAL,E,13000,16.32,1,0.29,N,6
30,41998,RENT,0,HOMEIMPROVEMENT,E,5000,16,1,0.12,N,6
30,64600,MORTGAGE,8,MEDICAL,D,8000,15.99,1,0.11,Y,6
30,36000,RENT,7,DEBTCONSOLIDATION,D,8000,15.99,1,0.22,N,6
30,134500,MORTGAGE,9,DEBTCONSOLIDATION,C,24000,15.96,0,0.18,Y,6
30,60000,RENT,7,PERSONAL,C,18950,15.96,1,0.32,Y,6
30,55000,OWN,6,EDUCATION,D,21250,15.7,0,0.39,Y,6
30,30000,RENT,4,HOMEIMPROVEMENT,D,6500,15.65,1,0.22,Y,6
30,90000,RENT,14,PERSONAL,D,10000,15.62,0,0.11,Y,6
30,90000,MORTGAGE,14,VENTURE,D,9000,15.58,0,0.1,Y,6
30,130500,MORTGAGE,1,DEBTCONSOLIDATION,D,25000,15.33,1,0.19,N,6
30,32000,RENT,15,VENTURE,C,11500,15.23,1,0.36,N,6
30,28800,RENT,2,PERSONAL,C,6000,15.23,0,0.21,Y,6
30,135000,RENT,4,PERSONAL,D,25000,15.21,0,0.19,Y,6
30,30000,RENT,4,DEBTCONSOLIDATION,D,12000,15.21,1,0.4,Y,6
30,65000,RENT,11,PERSONAL,D,12800,15.2,0,0.2,N,6
30,45063,RENT,7,MEDICAL,D,7500,15.05,1,0.17,N,6
30,90000,RENT,10,HOMEIMPROVEMENT,D,15000,14.96,0,0.17,N,6
30,34046,RENT,2,MEDICAL,D,12000,14.96,1,0.35,Y,6
30,34000,MORTGAGE,14,VENTURE,D,6000,14.96,1,0.18,Y,6
30,90000,RENT,14,EDUCATION,D,3600,14.91,0,0.04,N,6
30,60000,OWN,7,VENTURE,D,6000,14.84,0,0.1,Y,6
30,50000,RENT,2,DEBTCONSOLIDATION,C,2000,14.79,0,0.04,Y,6
30,45000,MORTGAGE,11,PERSONAL,D,10000,14.74,1,0.22,N,6
30,34000,RENT,14,HOMEIMPROVEMENT,D,10000,14.54,1,0.29,Y,6
30,49777,MORTGAGE,7,MEDICAL,D,6000,14.54,1,0.12,N,6
30,75000,OWN,14,VENTURE,C,10000,14.27,0,0.13,Y,6
30,94000,MORTGAGE,13,EDUCATION,C,10000,14.27,0,0.11,N,6
30,40000,RENT,4,VENTURE,C,4500,14.26,0,0.11,Y,6
30,72000,MORTGAGE,3,MEDICAL,C,9000,14.22,0,0.13,Y,6
30,80000,MORTGAGE,2,VENTURE,C,6000,14.17,0,0.07,Y,6
30,30000,RENT,1,MEDICAL,C,4000,13.99,0,0.13,Y,6
30,72516,RENT,11,PERSONAL,C,5000,13.85,0,0.07,Y,6
30,125000,MORTGAGE,14,HOMEIMPROVEMENT,C,25000,13.8,0,0.2,N,6
30,65000,RENT,14,PERSONAL,C,11475,13.72,0,0.18,N,6
30,70000,RENT,0,DEBTCONSOLIDATION,C,15000,13.61,0,0.21,Y,6
30,45000,MORTGAGE,11,VENTURE,C,10000,13.57,0,0.22,Y,6
30,66120,MORTGAGE,10,PERSONAL,C,2800,13.57,0,0.04,N,6
30,79820,RENT,4,EDUCATION,C,14400,13.49,0,0.18,N,6
30,66000,MORTGAGE,14,DEBTCONSOLIDATION,C,11200,13.49,1,0.17,N,6
30,36000,RENT,6,DEBTCONSOLIDATION,C,4500,13.49,0,0.13,Y,6
30,44449,MORTGAGE,2,VENTURE,C,21250,13.48,0,0.48,Y,6
30,50600,RENT,1,DEBTCONSOLIDATION,C,12000,13.48,0,0.24,N,6
30,139008,MORTGAGE,2,EDUCATION,C,15000,13.47,0,0.11,N,6
30,58000,MORTGAGE,2,HOMEIMPROVEMENT,C,9000,13.23,0,0.16,N,6
30,105400,RENT,1,DEBTCONSOLIDATION,C,24000,13.11,0,0.23,Y,6
30,49641,MORTGAGE,9,PERSONAL,C,8400,13.11,0,0.17,Y,6
30,70000,RENT,2,MEDICAL,C,8000,13.11,0,0.11,Y,6
30,55000,MORTGAGE,0,PERSONAL,C,6000,12.99,0,0.11,Y,6
30,210000,MORTGAGE,2,HOMEIMPROVEMENT,C,24250,12.87,0,0.12,Y,6
30,34000,RENT,0,DEBTCONSOLIDATION,C,12000,12.87,1,0.35,N,6
30,20000,RENT,4,PERSONAL,C,6800,12.84,1,0.34,N,6
30,70000,MORTGAGE,0,HOMEIMPROVEMENT,C,15000,12.73,0,0.21,Y,6
30,75000,RENT,6,MEDICAL,C,12325,12.73,0,0.16,N,6
30,39996,MORTGAGE,8,MEDICAL,C,10000,12.73,0,0.25,N,6
30,65000,RENT,3,PERSONAL,C,10000,12.73,0,0.15,Y,6
30,60000,MORTGAGE,,DEBTCONSOLIDATION,C,6000,12.73,0,0.1,Y,6
30,35004,RENT,3,PERSONAL,C,3600,12.73,0,0.1,Y,6
30,46000,OWN,14,PERSONAL,C,6000,12.68,0,0.13,N,6
30,25000,RENT,6,PERSONAL,C,5475,12.68,0,0.22,N,6
30,71400,RENT,0,HOMEIMPROVEMENT,C,9600,12.61,0,0.13,N,6
30,150000,RENT,5,DEBTCONSOLIDATION,C,25000,12.53,0,0.17,N,6
30,52000,MORTGAGE,9,PERSONAL,D,9000,12.49,0,0.17,Y,6
30,84000,RENT,4,MEDICAL,B,14000,12.42,0,0.17,N,6
30,69000,RENT,3,EDUCATION,B,11200,12.42,1,0.16,N,6
30,70000,MORTGAGE,4,MEDICAL,B,10200,12.42,0,0.15,N,6
30,85000,RENT,3,HOMEIMPROVEMENT,B,25000,12.21,0,0.29,N,6
30,35000,RENT,5,MEDICAL,B,10000,12.21,0,0.29,N,6
30,80004,RENT,2,DEBTCONSOLIDATION,B,10000,12.21,1,0.12,N,6
30,72000,RENT,2,EDUCATION,B,23000,12.18,1,0.32,N,6
30,64000,RENT,4,DEBTCONSOLIDATION,B,10000,11.99,0,0.16,N,6
30,42000,RENT,0,MEDICAL,B,1850,11.99,0,0.04,N,6
30,78000,RENT,14,VENTURE,C,3000,11.97,0,0.04,N,6
30,36933,RENT,2,PERSONAL,C,5000,11.91,0,0.14,Y,6
30,160000,RENT,0,VENTURE,B,8400,11.89,0,0.05,N,6
30,130000,MORTGAGE,8,VENTURE,B,27000,11.71,0,0.21,N,6
30,66000,MORTGAGE,2,HOMEIMPROVEMENT,B,12000,11.71,1,0.18,N,6
30,50000,RENT,2,VENTURE,B,6400,11.71,0,0.13,N,6
30,100000,RENT,1,PERSONAL,B,1000,11.71,0,0.01,N,6
30,100000,MORTGAGE,5,PERSONAL,C,7500,11.59,0,0.07,Y,6
30,67642,MORTGAGE,5,PERSONAL,B,17000,11.58,0,0.25,N,6
30,210000,MORTGAGE,8,DEBTCONSOLIDATION,B,24000,11.49,0,0.11,N,6
30,90000,RENT,3,MEDICAL,B,24000,11.49,0,0.27,N,6
30,105000,RENT,3,DEBTCONSOLIDATION,B,14000,11.49,0,0.13,N,6
30,96000,MORTGAGE,7,PERSONAL,B,6000,11.49,0,0.06,N,6
30,270000,MORTGAGE,14,DEBTCONSOLIDATION,B,21000,11.26,0,0.08,N,6
30,95000,MORTGAGE,14,PERSONAL,B,25000,11.12,0,0.26,N,6
30,58000,MORTGAGE,0,HOMEIMPROVEMENT,B,4000,11.12,0,0.07,N,6
30,83000,MORTGAGE,4,DEBTCONSOLIDATION,B,20000,11.11,0,0.24,N,6
30,25000,RENT,,PERSONAL,B,3500,11.11,0,0.14,N,6
30,120000,MORTGAGE,3,HOMEIMPROVEMENT,B,15000,10.99,0,0.13,N,6
30,42000,RENT,2,MEDICAL,B,7200,10.99,0,0.17,N,6
30,26000,OWN,4,PERSONAL,B,1200,10.99,0,0.05,N,6
30,107000,MORTGAGE,0,DEBTCONSOLIDATION,C,2500,10.78,0,0.02,Y,6
30,42564,RENT,3,MEDICAL,B,15000,10.75,1,0.35,N,6
30,70000,MORTGAGE,15,DEBTCONSOLIDATION,B,10000,10.75,0,0.14,N,6
30,54000,RENT,13,MEDICAL,B,25000,10.74,1,0.46,N,6
30,125000,RENT,3,HOMEIMPROVEMENT,B,10000,10.74,0,0.08,N,6
30,180000,MORTGAGE,13,PERSONAL,B,28000,10.65,0,0.16,N,6
30,35000,OWN,8,MEDICAL,B,10000,10.65,0,0.29,N,6
30,40000,MORTGAGE,8,HOMEIMPROVEMENT,B,8600,10.65,0,0.21,N,6
30,170000,MORTGAGE,2,VENTURE,B,14000,10.62,0,0.08,N,6
30,45000,MORTGAGE,5,EDUCATION,B,3250,10.62,0,0.07,N,6
30,30000,MORTGAGE,1,EDUCATION,C,12000,10.59,0,0.4,Y,6
30,24000,RENT,0,DEBTCONSOLIDATION,B,5000,10.59,0,0.21,N,6
30,45000,RENT,0,MEDICAL,B,4800,10.37,0,0.11,N,6
30,45000,MORTGAGE,4,DEBTCONSOLIDATION,B,4450,10.37,0,0.1,N,6
30,42000,RENT,1,PERSONAL,B,1600,10.37,0,0.04,N,6
30,30000,RENT,7,DEBTCONSOLIDATION,B,7200,10.36,0,0.24,N,6
30,35000,RENT,5,PERSONAL,B,1000,10.36,0,0.03,N,6
30,42000,RENT,2,MEDICAL,B,16200,10.25,1,0.39,N,6
30,63000,MORTGAGE,2,EDUCATION,B,8000,10.25,0,0.13,N,6
30,35000,MORTGAGE,2,HOMEIMPROVEMENT,B,5200,9.88,0,0.15,N,6
30,38168,RENT,5,PERSONAL,B,7500,9.76,0,0.2,N,6
30,95000,MORTGAGE,6,DEBTCONSOLIDATION,A,12000,8.94,0,0.13,N,6
30,36996,RENT,5,EDUCATION,A,10000,8.9,0,0.27,N,6
30,140000,MORTGAGE,6,PERSONAL,A,5000,8.9,0,0.04,N,6
30,42312,RENT,1,EDUCATION,A,5500,8.59,0,0.13,N,6
30,39000,RENT,1,MEDICAL,A,2300,8.59,0,0.06,N,6
30,75000,MORTGAGE,3,VENTURE,A,18750,7.9,0,0.25,N,6
30,145000,MORTGAGE,3,HOMEIMPROVEMENT,A,9600,7.9,0,0.07,N,6
30,120000,MORTGAGE,6,EDUCATION,A,14000,7.88,0,0.12,N,6
30,23000,RENT,5,VENTURE,A,14000,7.88,1,0.61,N,6
30,105000,MORTGAGE,12,EDUCATION,A,12000,7.88,0,0.11,N,6
30,37000,RENT,2,VENTURE,A,10000,7.88,0,0.27,N,6
30,42000,RENT,1,DEBTCONSOLIDATION,A,4000,7.88,0,0.1,N,6
30,40000,RENT,1,PERSONAL,A,5500,7.74,0,0.14,N,6
30,60000,MORTGAGE,5,PERSONAL,A,8000,7.66,0,0.13,N,6
30,60000,RENT,0,HOMEIMPROVEMENT,A,8000,7.66,0,0.13,N,6
30,70000,MORTGAGE,15,PERSONAL,A,12250,7.51,0,0.17,N,6
30,60000,MORTGAGE,13,VENTURE,A,12250,7.51,0,0.2,N,6
30,111996,RENT,1,DEBTCONSOLIDATION,A,12000,7.49,0,0.11,N,6
30,52576,RENT,3,HOMEIMPROVEMENT,A,8400,7.49,1,0.16,N,6
30,48000,RENT,4,MEDICAL,A,7500,7.49,0,0.16,N,6
30,117500,MORTGAGE,3,PERSONAL,A,17500,7.37,0,0.15,N,6
30,50400,MORTGAGE,7,PERSONAL,A,3000,7.29,0,0.06,N,6
30,24000,OWN,0,VENTURE,A,2500,7.29,0,0.1,N,6
30,26400,MORTGAGE,4,MEDICAL,A,5000,7.14,0,0.19,N,6
30,60600,MORTGAGE,1,EDUCATION,A,3000,7.12,0,0.05,N,6
30,67000,MORTGAGE,6,HOMEIMPROVEMENT,A,10000,6.99,0,0.15,N,6
30,33600,MORTGAGE,5,EDUCATION,A,9000,6.91,0,0.27,N,6
30,144000,MORTGAGE,2,VENTURE,A,6000,6.91,0,0.04,N,6
30,11292,RENT,,MEDICAL,A,2100,6.76,1,0.19,N,6
30,100000,MORTGAGE,7,PERSONAL,A,1000,6.76,0,0.01,N,6
30,54000,RENT,1,EDUCATION,A,12000,6.62,1,0.22,N,6
30,85000,RENT,4,MEDICAL,A,10000,6.62,0,0.12,N,6
30,88800,MORTGAGE,14,EDUCATION,A,7000,6.62,0,0.08,N,6
30,114000,MORTGAGE,14,HOMEIMPROVEMENT,A,15000,6.54,1,0.13,N,6
30,51600,RENT,5,DEBTCONSOLIDATION,A,9000,6.54,0,0.17,N,6
30,61000,MORTGAGE,4,PERSONAL,A,4500,6.54,0,0.07,N,6
30,180000,MORTGAGE,2,DEBTCONSOLIDATION,A,12500,6.03,0,0.07,N,6
30,89000,MORTGAGE,14,VENTURE,A,4000,6.03,0,0.04,N,6
30,56004,MORTGAGE,9,HOMEIMPROVEMENT,A,9600,5.99,0,0.17,N,6
30,25800,MORTGAGE,7,DEBTCONSOLIDATION,A,6000,5.99,0,0.23,N,6
30,90000,MORTGAGE,14,DEBTCONSOLIDATION,A,4500,5.99,0,0.05,N,6
30,85000,RENT,5,MEDICAL,A,4200,5.99,0,0.05,N,6
30,93132,MORTGAGE,10,HOMEIMPROVEMENT,A,2500,5.99,0,0.03,N,6
30,15600,MORTGAGE,,DEBTCONSOLIDATION,A,6250,5.79,1,0.4,N,6
30,198171,MORTGAGE,4,DEBTCONSOLIDATION,A,5000,5.79,0,0.03,N,6
30,80000,RENT,13,DEBTCONSOLIDATION,A,3000,5.79,0,0.04,N,6
30,96000,MORTGAGE,14,HOMEIMPROVEMENT,A,6000,5.42,0,0.06,N,6
30,96000,RENT,3,PERSONAL,B,25000,,0,0.26,N,6
30,144600,RENT,14,VENTURE,B,24250,,0,0.17,N,6
30,110000,RENT,9,HOMEIMPROVEMENT,C,16000,,0,0.15,Y,6
30,55000,MORTGAGE,9,HOMEIMPROVEMENT,B,16000,,0,0.29,N,6
30,50000,RENT,3,DEBTCONSOLIDATION,C,14475,,0,0.29,Y,6
30,32040,RENT,,PERSONAL,C,13275,,1,0.41,Y,6
30,37500,RENT,5,EDUCATION,B,12000,,1,0.32,N,6
30,85000,RENT,2,HOMEIMPROVEMENT,C,12000,,0,0.14,N,6
30,80000,MORTGAGE,0,HOMEIMPROVEMENT,A,11000,,0,0.14,N,6
30,50000,MORTGAGE,11,MEDICAL,B,10000,,0,0.2,N,6
30,62900,MORTGAGE,2,MEDICAL,B,10000,,1,0.14,N,6
30,61000,RENT,4,HOMEIMPROVEMENT,C,7600,,0,0.12,Y,6
30,34000,RENT,1,VENTURE,C,7500,,1,0.22,N,6
30,98700,MORTGAGE,12,EDUCATION,B,6000,,0,0.06,N,6
30,36000,MORTGAGE,11,HOMEIMPROVEMENT,B,6000,,0,0.17,N,6
30,84000,MORTGAGE,1,DEBTCONSOLIDATION,B,6000,,0,0.07,N,6
30,92001,RENT,3,VENTURE,A,5000,,0,0.05,N,6
30,36000,OWN,5,VENTURE,A,4800,,0,0.13,N,6
30,52000,MORTGAGE,4,EDUCATION,C,4200,,0,0.08,Y,6
30,130000,MORTGAGE,14,VENTURE,B,4000,,0,0.03,N,6
30,24000,RENT,8,PERSONAL,A,3000,,1,0.13,N,6
30,18000,MORTGAGE,6,MEDICAL,B,2200,,1,0.12,N,6
30,50000,MORTGAGE,14,MEDICAL,C,1000,,0,0.02,N,6
30,23000,RENT,1,MEDICAL,B,950,,0,0.04,N,6
30,63830,MORTGAGE,2,HOMEIMPROVEMENT,E,15000,17.99,0,0.23,N,5
30,150000,RENT,3,PERSONAL,E,25000,17.56,0,0.17,N,5
30,37400,MORTGAGE,6,MEDICAL,D,12700,17.27,1,0.34,N,5
30,120000,RENT,3,HOMEIMPROVEMENT,E,10000,17.04,0,0.08,N,5
30,70000,MORTGAGE,4,HOMEIMPROVEMENT,D,10000,16.89,0,0.14,Y,5
30,38000,RENT,3,PERSONAL,D,8875,16.89,0,0.23,N,5
30,65000,MORTGAGE,3,HOMEIMPROVEMENT,D,20000,16.77,0,0.31,Y,5
30,50000,RENT,4,HOMEIMPROVEMENT,E,16000,16.77,1,0.32,N,5
30,40000,RENT,9,EDUCATION,D,9000,16.77,0,0.23,Y,5
30,43000,RENT,4,VENTURE,D,8000,16.49,0,0.19,N,5
30,140000,MORTGAGE,2,HOMEIMPROVEMENT,E,15000,16.35,0,0.11,N,5
30,97000,MORTGAGE,5,VENTURE,D,25000,16.32,0,0.26,Y,5
30,72000,RENT,5,VENTURE,D,25000,16.32,1,0.35,Y,5
30,64698,RENT,11,MEDICAL,D,9000,16,1,0.12,Y,5
30,78000,MORTGAGE,1,VENTURE,C,26000,15.96,0,0.33,Y,5
30,78000,MORTGAGE,1,MEDICAL,C,26000,15.96,0,0.33,Y,5
30,64000,RENT,8,DEBTCONSOLIDATION,D,16000,15.7,1,0.25,Y,5
30,65000,MORTGAGE,1,PERSONAL,D,25000,15.65,0,0.38,Y,5
30,120000,MORTGAGE,14,VENTURE,D,7500,15.65,0,0.06,N,5
30,96053,MORTGAGE,15,MEDICAL,D,30000,15.62,1,0.27,N,5
30,54000,MORTGAGE,4,DEBTCONSOLIDATION,D,12000,15.58,1,0.22,N,5
30,34000,RENT,0,MEDICAL,D,2400,15.57,1,0.07,Y,5
30,34000,RENT,0,DEBTCONSOLIDATION,D,2400,15.57,1,0.07,N,5
30,48996,RENT,1,HOMEIMPROVEMENT,E,10000,15.45,1,0.2,N,5
30,48996,MORTGAGE,5,MEDICAL,C,5000,15.23,0,0.1,Y,5
30,42000,OWN,,MEDICAL,C,4000,15.23,0,0.1,Y,5
30,170000,RENT,14,HOMEIMPROVEMENT,D,25000,15.21,0,0.15,N,5
30,36432,RENT,1,EDUCATION,D,19000,15.21,1,0.52,Y,5
30,75000,RENT,9,PERSONAL,D,25000,15.2,1,0.33,N,5
30,80000,OWN,0,PERSONAL,D,8000,15.05,0,0.1,N,5
30,180000,MORTGAGE,11,VENTURE,D,28000,14.91,0,0.16,Y,5
30,60000,OWN,7,DEBTCONSOLIDATION,D,6000,14.84,0,0.1,Y,5
30,58000,RENT,3,PERSONAL,C,20000,14.72,1,0.34,N,5
30,34000,RENT,2,DEBTCONSOLIDATION,D,1500,14.61,1,0.04,Y,5
30,42000,RENT,1,MEDICAL,D,6000,14.46,1,0.14,N,5
30,31000,MORTGAGE,3,VENTURE,D,12000,14.42,1,0.39,N,5
30,75000,MORTGAGE,2,HOMEIMPROVEMENT,C,21000,14.35,0,0.28,Y,5
30,12000,RENT,,MEDICAL,C,1800,14.35,0,0.15,Y,5
30,57000,RENT,4,VENTURE,C,7500,14.27,0,0.13,N,5
30,62000,RENT,1,MEDICAL,C,7000,14.27,0,0.11,Y,5
30,36000,RENT,2,EDUCATION,C,4200,14.27,0,0.12,Y,5
30,73000,RENT,4,VENTURE,C,12000,14.26,1,0.16,Y,5
30,72000,MORTGAGE,7,EDUCATION,C,9600,14.17,0,0.13,N,5
30,110000,RENT,5,VENTURE,D,20000,14.11,0,0.18,Y,5
30,69000,RENT,6,EDUCATION,D,25000,14.09,1,0.36,Y,5
30,68000,RENT,5,EDUCATION,D,16000,14.09,0,0.24,N,5
30,160000,MORTGAGE,4,EDUCATION,C,7000,13.98,0,0.04,N,5
30,31500,RENT,0,MEDICAL,C,12250,13.85,1,0.39,N,5
30,36000,MORTGAGE,4,VENTURE,C,5000,13.85,0,0.14,N,5
30,68000,MORTGAGE,2,EDUCATION,C,6000,13.72,0,0.09,N,5
30,132640,RENT,6,VENTURE,C,8000,13.57,0,0.06,N,5
30,55000,MORTGAGE,0,EDUCATION,D,12000,13.55,0,0.22,N,5
30,34000,RENT,6,DEBTCONSOLIDATION,C,4000,13.49,1,0.12,N,5
30,48000,OWN,3,HOMEIMPROVEMENT,C,1500,13.48,0,0.03,Y,5
30,31000,RENT,1,MEDICAL,C,4800,13.43,0,0.15,Y,5
30,48000,RENT,7,VENTURE,C,8000,13.23,0,0.17,Y,5
30,106000,RENT,9,DEBTCONSOLIDATION,C,20000,13.22,0,0.19,Y,5
30,75000,RENT,6,MEDICAL,C,11200,13.16,0,0.15,Y,5
30,89004,RENT,6,MEDICAL,C,6000,13.16,0,0.07,Y,5
30,60000,MORTGAGE,8,PERSONAL,C,7400,13.11,0,0.12,Y,5
30,130000,MORTGAGE,3,EDUCATION,C,33250,13.06,0,0.26,Y,5
30,85000,MORTGAGE,0,HOMEIMPROVEMENT,C,18000,13.06,0,0.21,N,5
30,50000,MORTGAGE,12,DEBTCONSOLIDATION,C,8000,13.06,0,0.16,Y,5
30,60000,RENT,14,MEDICAL,C,18500,12.99,1,0.31,N,5
30,130000,MORTGAGE,1,HOMEIMPROVEMENT,C,8500,12.84,0,0.07,Y,5
30,51000,MORTGAGE,6,DEBTCONSOLIDATION,C,15000,12.73,0,0.29,Y,5
30,11440,OWN,3,MEDICAL,C,1750,12.73,0,0.15,Y,5
30,60000,MORTGAGE,2,PERSONAL,B,10000,12.69,0,0.17,N,5
30,40000,RENT,3,VENTURE,B,7500,12.69,0,0.19,N,5
30,15000,RENT,6,EDUCATION,B,2700,12.69,1,0.18,N,5
30,75000,RENT,2,DEBTCONSOLIDATION,C,6000,12.68,0,0.08,Y,5
30,40000,RENT,3,EDUCATION,C,4800,12.68,0,0.12,N,5
30,32000,RENT,1,DEBTCONSOLIDATION,B,15000,12.42,1,0.47,N,5
30,65000,RENT,3,EDUCATION,B,9000,12.42,0,0.14,N,5
30,90000,RENT,3,MEDICAL,C,12000,12.29,0,0.13,N,5
30,28000,OWN,14,MEDICAL,B,14400,12.18,0,0.51,N,5
30,95000,MORTGAGE,6,HOMEIMPROVEMENT,B,21000,11.99,0,0.22,N,5
30,92700,RENT,1,VENTURE,B,15000,11.99,0,0.16,N,5
30,30000,MORTGAGE,3,HOMEIMPROVEMENT,B,4400,11.99,1,0.15,N,5
30,42000,RENT,0,VENTURE,B,1850,11.99,0,0.04,N,5
30,83000,RENT,7,PERSONAL,C,16775,11.97,0,0.2,N,5
30,144997,MORTGAGE,14,PERSONAL,B,25000,11.83,0,0.17,N,5
30,150000,OWN,14,PERSONAL,B,24000,11.83,0,0.16,N,5
30,105000,MORTGAGE,5,EDUCATION,B,20000,11.83,0,0.19,N,5
30,36000,MORTGAGE,7,MEDICAL,B,15000,11.83,0,0.42,N,5
30,200000,MORTGAGE,4,MEDICAL,B,6000,11.83,0,0.03,N,5
30,72000,RENT,2,HOMEIMPROVEMENT,B,3000,11.83,0,0.04,N,5
30,70000,RENT,6,PERSONAL,B,5000,11.71,0,0.07,N,5
30,44760,RENT,1,MEDICAL,B,3300,11.71,0,0.07,N,5
30,49000,RENT,14,MEDICAL,B,1800,11.71,0,0.04,N,5
30,95000,MORTGAGE,4,MEDICAL,B,5600,11.63,0,0.06,N,5
30,98000,MORTGAGE,14,EDUCATION,B,9000,11.49,1,0.09,N,5
30,61000,RENT,1,PERSONAL,B,9000,11.49,0,0.15,N,5
30,22800,RENT,5,PERSONAL,B,1000,11.49,0,0.04,N,5
30,38400,RENT,2,PERSONAL,B,9800,11.48,0,0.26,N,5
30,43200,RENT,6,VENTURE,B,8600,11.36,0,0.2,N,5
30,78411,OTHER,15,VENTURE,B,15850,11.14,0,0.2,N,5
30,66000,MORTGAGE,15,DEBTCONSOLIDATION,B,15000,11.14,0,0.23,N,5
30,76080,MORTGAGE,8,HOMEIMPROVEMENT,B,12000,11.14,0,0.16,N,5
30,32004,RENT,1,PERSONAL,B,24250,11.12,1,0.76,N,5
30,78000,MORTGAGE,2,EDUCATION,B,20000,11.11,0,0.26,N,5
30,25000,RENT,,PERSONAL,B,3500,11.11,0,0.14,N,5
30,108000,MORTGAGE,14,HOMEIMPROVEMENT,B,5000,10.99,0,0.05,N,5
30,372000,OWN,,HOMEIMPROVEMENT,B,2400,10.99,0,0.01,N,5
30,72000,MORTGAGE,3,PERSONAL,B,12000,10.95,0,0.17,N,5
30,81120,OWN,3,PERSONAL,B,18000,10.75,0,0.22,N,5
30,36000,RENT,2,VENTURE,B,5000,10.75,0,0.14,N,5
30,96000,RENT,1,VENTURE,B,4000,10.75,0,0.04,N,5
30,60000,MORTGAGE,13,DEBTCONSOLIDATION,B,15000,10.74,0,0.25,N,5
30,90000,MORTGAGE,5,PERSONAL,B,7500,10.71,0,0.08,N,5
30,40000,RENT,11,DEBTCONSOLIDATION,B,10000,10.65,0,0.25,N,5
30,108000,RENT,2,PERSONAL,B,10000,10.65,0,0.09,N,5
30,36000,MORTGAGE,14,HOMEIMPROVEMENT,B,7000,10.65,0,0.19,N,5
30,31000,MORTGAGE,14,HOMEIMPROVEMENT,B,2400,10.65,1,0.08,N,5
30,96600,RENT,3,VENTURE,B,16750,10.62,0,0.17,N,5
30,75000,RENT,0,PERSONAL,B,5000,10.62,0,0.07,N,5
30,300000,OWN,14,VENTURE,B,35000,10.59,0,0.12,N,5
30,50000,MORTGAGE,2,HOMEIMPROVEMENT,B,3000,10.59,0,0.06,N,5
30,72000,MORTGAGE,5,MEDICAL,B,20000,10.38,0,0.28,N,5
30,57120,RENT,3,DEBTCONSOLIDATION,B,2750,10.37,0,0.05,N,5
30,39750,MORTGAGE,3,HOMEIMPROVEMENT,B,1425,10.37,0,0.04,N,5
30,55840,RENT,6,MEDICAL,B,6000,10.25,0,0.11,N,5
30,42000,RENT,5,MEDICAL,B,8000,10,0,0.19,N,5
30,73000,RENT,15,PERSONAL,B,5500,9.99,0,0.08,N,5
30,20520,RENT,0,DEBTCONSOLIDATION,B,5000,9.99,0,0.24,N,5
30,37000,RENT,0,MEDICAL,B,2750,9.99,0,0.07,N,5
30,51600,RENT,12,DEBTCONSOLIDATION,B,2000,9.99,0,0.04,N,5
30,36000,MORTGAGE,2,DEBTCONSOLIDATION,B,13500,9.91,0,0.38,N,5
30,70000,MORTGAGE,14,EDUCATION,B,8000,9.91,0,0.11,N,5
30,47000,RENT,2,DEBTCONSOLIDATION,B,13000,9.63,0,0.28,N,5
30,95000,MORTGAGE,6,HOMEIMPROVEMENT,A,12000,8.94,0,0.13,N,5
30,168000,MORTGAGE,8,EDUCATION,A,10000,8.94,1,0.06,N,5
30,48000,RENT,0,PERSONAL,A,7725,8.94,0,0.16,N,5
30,85000,RENT,4,HOMEIMPROVEMENT,A,7000,8.9,0,0.08,N,5
30,90000,MORTGAGE,7,DEBTCONSOLIDATION,A,4800,8.9,1,0.05,N,5
30,82500,RENT,5,VENTURE,A,2400,8.9,0,0.03,N,5
30,36000,MORTGAGE,8,PERSONAL,B,5000,8.88,0,0.14,N,5
30,90000,MORTGAGE,7,EDUCATION,A,10000,8.63,0,0.11,N,5
30,35004,RENT,0,MEDICAL,A,7500,8.63,0,0.21,N,5
30,20000,RENT,2,PERSONAL,A,5000,8.59,0,0.25,N,5
30,69000,RENT,0,HOMEIMPROVEMENT,A,1000,8.59,1,0.01,N,5
30,44000,MORTGAGE,14,HOMEIMPROVEMENT,A,11000,8,0,0.25,N,5
30,43000,RENT,1,MEDICAL,A,3200,8,0,0.07,N,5
30,65000,RENT,4,HOMEIMPROVEMENT,A,24000,7.9,1,0.37,N,5
30,60000,OWN,3,HOMEIMPROVEMENT,A,21000,7.9,0,0.35,N,5
30,34000,RENT,1,MEDICAL,A,8000,7.9,1,0.24,N,5
30,45000,MORTGAGE,6,HOMEIMPROVEMENT,A,7500,7.9,0,0.17,N,5
30,30000,MORTGAGE,3,DEBTCONSOLIDATION,A,5100,7.9,0,0.17,N,5
30,102540,MORTGAGE,6,HOMEIMPROVEMENT,A,1500,7.9,0,0.01,N,5
30,38400,MORTGAGE,14,DEBTCONSOLIDATION,A,16750,7.88,0,0.44,N,5
30,75000,OWN,0,EDUCATION,A,10000,7.88,0,0.13,N,5
30,50000,MORTGAGE,14,VENTURE,A,5000,7.88,0,0.1,N,5
30,54000,MORTGAGE,5,EDUCATION,A,5000,7.88,0,0.09,N,5
30,77270,MORTGAGE,9,HOMEIMPROVEMENT,A,3000,7.74,0,0.04,N,5
30,60000,RENT,0,MEDICAL,A,8000,7.66,0,0.13,N,5
30,53196,RENT,14,PERSONAL,A,3000,7.66,0,0.06,N,5
30,65000,RENT,2,MEDICAL,A,8000,7.51,0,0.12,N,5
30,45000,RENT,1,EDUCATION,A,6000,7.51,0,0.13,N,5
30,39600,MORTGAGE,11,EDUCATION,A,15000,7.49,1,0.38,N,5
30,41000,RENT,0,PERSONAL,A,7200,7.49,0,0.18,N,5
30,125000,MORTGAGE,14,HOMEIMPROVEMENT,A,5750,7.43,0,0.05,N,5
30,33300,MORTGAGE,2,MEDICAL,A,1600,7.4,0,0.05,N,5
30,22452,RENT,2,VENTURE,A,12000,7.29,1,0.53,N,5
30,46000,RENT,5,VENTURE,A,9000,7.29,0,0.2,N,5
30,15000,RENT,,HOMEIMPROVEMENT,A,2700,7.29,1,0.18,N,5
30,98000,MORTGAGE,2,HOMEIMPROVEMENT,A,5000,7.14,0,0.05,N,5
30,40000,RENT,5,MEDICAL,A,3000,7.14,0,0.07,N,5
30,19200,OWN,,PERSONAL,A,2100,7.14,0,0.11,N,5
30,60600,MORTGAGE,1,MEDICAL,A,3000,7.12,0,0.05,N,5
30,30000,MORTGAGE,1,VENTURE,A,10000,6.99,0,0.33,N,5
30,46000,RENT,5,MEDICAL,A,6000,6.99,0,0.13,N,5
30,20000,OWN,14,HOMEIMPROVEMENT,A,3800,6.99,0,0.19,N,5
30,49000,OWN,3,MEDICAL,A,3500,6.99,0,0.07,N,5
30,51996,MORTGAGE,5,PERSONAL,A,3200,6.99,0,0.06,N,5
30,24414,RENT,0,MEDICAL,A,5000,6.91,0,0.2,N,5
30,14500,RENT,15,DEBTCONSOLIDATION,A,7000,6.76,1,0.48,N,5
30,90000,MORTGAGE,10,PERSONAL,A,5000,6.76,0,0.06,N,5
30,58239,MORTGAGE,3,VENTURE,A,10500,6.62,0,0.18,N,5
30,64000,MORTGAGE,3,EDUCATION,A,10200,6.62,0,0.16,N,5
30,182004,MORTGAGE,2,PERSONAL,A,7200,6.62,0,0.04,N,5
30,38000,MORTGAGE,14,PERSONAL,A,6000,6.62,0,0.16,N,5
30,180000,MORTGAGE,0,DEBTCONSOLIDATION,A,6000,6.62,0,0.03,N,5
30,44000,RENT,4,DEBTCONSOLIDATION,A,15000,6.54,1,0.34,N,5
30,76404,MORTGAGE,14,MEDICAL,A,12000,6.54,0,0.16,N,5
30,78000,RENT,12,PERSONAL,A,7000,6.54,0,0.09,N,5
30,60000,OWN,11,MEDICAL,A,20000,6.17,0,0.33,N,5
30,80000,MORTGAGE,4,DEBTCONSOLIDATION,A,10750,6.17,0,0.13,N,5
30,53000,RENT,4,DEBTCONSOLIDATION,A,12000,6.03,0,0.23,N,5
30,120000,MORTGAGE,15,EDUCATION,A,11000,6.03,0,0.09,N,5
30,54000,MORTGAGE,1,HOMEIMPROVEMENT,A,4000,6.03,0,0.07,N,5
30,52800,MORTGAGE,14,VENTURE,A,15000,5.99,0,0.28,N,5
30,110000,MORTGAGE,8,MEDICAL,A,4800,5.99,0,0.04,N,5
30,60000,MORTGAGE,3,DEBTCONSOLIDATION,A,4125,5.99,0,0.07,N,5
30,58000,OWN,7,PERSONAL,A,6000,5.79,0,0.1,N,5
30,70000,RENT,0,MEDICAL,A,5850,5.79,0,0.08,N,5
30,65000,RENT,15,HOMEIMPROVEMENT,B,25000,,1,0.38,N,5
30,200000,OWN,14,VENTURE,A,16000,,0,0.08,N,5
30,32040,RENT,,EDUCATION,C,13275,,1,0.41,N,5
30,58000,MORTGAGE,2,HOMEIMPROVEMENT,A,13200,,0,0.23,N,5
30,72000,RENT,12,EDUCATION,A,12400,,0,0.17,N,5
30,50000,RENT,6,MEDICAL,C,10000,,0,0.2,N,5
30,50000,MORTGAGE,0,EDUCATION,C,10000,,0,0.2,N,5
30,88000,RENT,3,HOMEIMPROVEMENT,D,9700,,0,0.11,N,5
30,26000,RENT,3,EDUCATION,B,9250,,1,0.36,N,5
30,57600,RENT,5,PERSONAL,A,8500,,0,0.15,N,5
30,53208,MORTGAGE,5,EDUCATION,C,8500,,0,0.16,Y,5
30,69000,MORTGAGE,3,HOMEIMPROVEMENT,C,8500,,1,0.12,N,5
30,74000,MORTGAGE,0,PERSONAL,A,7625,,0,0.1,N,5
30,70000,RENT,3,HOMEIMPROVEMENT,C,7200,,0,0.1,Y,5
30,30475,RENT,2,HOMEIMPROVEMENT,B,7000,,1,0.23,N,5
30,32400,MORTGAGE,13,VENTURE,B,6500,,0,0.2,N,5
30,65000,MORTGAGE,14,PERSONAL,A,6200,,0,0.1,N,5
30,134000,MORTGAGE,14,DEBTCONSOLIDATION,A,5600,,0,0.04,N,5
30,150000,OWN,5,PERSONAL,D,5425,,0,0.04,Y,5
30,54000,MORTGAGE,6,MEDICAL,A,5375,,0,0.1,N,5
30,50000,MORTGAGE,3,PERSONAL,B,5000,,0,0.1,N,5
30,27396,RENT,0,MEDICAL,C,5000,,0,0.18,N,5
30,60000,MORTGAGE,7,HOMEIMPROVEMENT,A,4200,,0,0.07,N,5
30,48000,RENT,7,PERSONAL,A,4000,,0,0.08,N,5
30,100000,MORTGAGE,4,HOMEIMPROVEMENT,A,2000,,0,0.02,N,5
29,60000,MORTGAGE,13,MEDICAL,G,25000,20.16,1,0.42,N,10
29,27840,RENT,0,EDUCATION,E,8575,19.42,1,0.31,Y,10
29,62000,MORTGAGE,14,EDUCATION,E,9600,18.39,0,0.15,N,10
29,30000,RENT,,VENTURE,E,10200,17.99,1,0.34,Y,10
29,108800,MORTGAGE,1,MEDICAL,F,18500,17.8,1,0.14,N,10
29,112260,RENT,5,EDUCATION,D,30000,17.49,0,0.27,N,10
29,173000,MORTGAGE,7,DEBTCONSOLIDATION,D,28000,17.49,1,0.16,Y,10
29,74000,RENT,0,VENTURE,E,18000,17.04,1,0.24,Y,10
29,76000,OWN,13,MEDICAL,D,28000,16.77,0,0.37,N,10
29,34000,RENT,6,DEBTCONSOLIDATION,D,8000,16.77,1,0.24,Y,10
29,40000,OTHER,2,DEBTCONSOLIDATION,E,15000,16.63,1,0.38,Y,10
29,115000,MORTGAGE,7,EDUCATION,D,8100,16.49,0,0.07,Y,10
29,45200,MORTGAGE,7,MEDICAL,D,6000,16.49,1,0.13,Y,10
29,30000,RENT,1,DEBTCONSOLIDATION,E,15000,16.4,1,0.5,N,10
29,76000,MORTGAGE,9,DEBTCONSOLIDATION,D,4400,16.29,1,0.06,Y,10
29,15000,RENT,,DEBTCONSOLIDATION,D,2600,16.29,1,0.17,N,10
29,68872,RENT,2,PERSONAL,D,25000,15.95,1,0.36,Y,10
29,54996,RENT,6,PERSONAL,E,4200,15.95,0,0.08,Y,10
29,52000,RENT,2,HOMEIMPROVEMENT,D,11000,15.62,1,0.21,Y,10
29,75000,OWN,,EDUCATION,D,5000,15.62,0,0.07,N,10
29,56100,RENT,0,MEDICAL,D,3150,15.62,1,0.05,N,10
29,74797,MORTGAGE,2,MEDICAL,D,15000,15.33,1,0.17,Y,10
29,54000,MORTGAGE,8,MEDICAL,D,14800,15.31,1,0.27,Y,10
29,174996,MORTGAGE,8,EDUCATION,D,25000,15.28,0,0.14,Y,10
29,64000,RENT,3,DEBTCONSOLIDATION,C,15000,15.27,1,0.23,N,10
29,60000,MORTGAGE,11,VENTURE,C,6000,15.27,1,0.1,Y,10
29,50000,RENT,9,MEDICAL,C,3600,15.27,0,0.07,Y,10
29,79894,MORTGAGE,7,VENTURE,D,20000,14.96,0,0.25,Y,10
29,61000,RENT,2,VENTURE,D,15000,14.96,1,0.25,N,10
29,16800,RENT,9,HOMEIMPROVEMENT,D,2750,14.84,1,0.16,Y,10
29,54000,RENT,13,PERSONAL,D,12000,14.74,0,0.22,Y,10
29,32000,RENT,2,EDUCATION,C,7000,14.65,1,0.22,Y,10
29,100000,MORTGAGE,2,HOMEIMPROVEMENT,D,20000,14.61,0,0.2,Y,10
29,45324,MORTGAGE,4,PERSONAL,D,15150,14.54,0,0.33,N,10
29,88000,RENT,9,PERSONAL,D,25000,14.46,1,0.28,Y,10
29,38004,RENT,3,MEDICAL,C,1500,14.35,0,0.04,Y,10
29,48000,MORTGAGE,3,VENTURE,C,17375,14.27,0,0.36,Y,10
29,140000,MORTGAGE,4,EDUCATION,C,16775,14.27,0,0.12,Y,10
29,36100,MORTGAGE,2,PERSONAL,C,14000,14.27,0,0.39,N,10
29,60000,RENT,2,VENTURE,C,11200,14.22,0,0.19,Y,10
29,40800,MORTGAGE,11,HOMEIMPROVEMENT,C,3200,14.22,0,0.08,Y,10
29,48000,MORTGAGE,6,DEBTCONSOLIDATION,C,15000,13.98,0,0.31,N,10
29,89849,MORTGAGE,13,PERSONAL,C,6000,13.98,0,0.07,Y,10
29,33600,RENT,0,DEBTCONSOLIDATION,C,5000,13.92,0,0.15,Y,10
29,28800,RENT,1,VENTURE,C,4000,13.92,1,0.14,N,10
29,90000,RENT,5,MEDICAL,C,15000,13.85,0,0.17,Y,10
29,48000,RENT,6,MEDICAL,C,10000,13.8,0,0.21,N,10
29,145000,RENT,0,EDUCATION,C,6000,13.8,0,0.04,Y,10
29,173088,MORTGAGE,13,VENTURE,C,8000,13.79,0,0.05,Y,10
29,92000,RENT,2,DEBTCONSOLIDATION,C,20000,13.72,0,0.22,N,10
29,80496,MORTGAGE,2,HOMEIMPROVEMENT,C,10000,13.72,0,0.12,N,10
29,21000,RENT,7,MEDICAL,C,7000,13.72,1,0.33,N,10
29,59354,MORTGAGE,5,MEDICAL,D,9600,13.67,1,0.14,Y,10
29,44500,RENT,3,VENTURE,C,14400,13.61,1,0.32,Y,10
29,150000,MORTGAGE,1,MEDICAL,C,10000,13.49,0,0.07,N,10
29,53500,MORTGAGE,3,DEBTCONSOLIDATION,C,5000,13.49,0,0.09,N,10
29,43200,RENT,4,EDUCATION,C,1600,13.49,0,0.04,N,10
29,37920,RENT,2,PERSONAL,C,12000,13.48,1,0.32,Y,10
29,115000,MORTGAGE,3,DEBTCONSOLIDATION,C,4000,13.48,0,0.03,N,10
29,15000,RENT,,PERSONAL,C,2200,13.48,1,0.15,N,10
29,109900,MORTGAGE,9,EDUCATION,C,15000,13.47,1,0.14,Y,10
29,70553,RENT,8,MEDICAL,C,15000,13.47,1,0.18,Y,10
29,83500,RENT,1,HOMEIMPROVEMENT,C,15000,13.43,0,0.18,Y,10
29,30000,RENT,8,MEDICAL,C,7000,13.35,0,0.23,Y,10
29,112500,MORTGAGE,11,EDUCATION,C,3000,13.35,0,0.03,N,10
29,89520,OWN,13,MEDICAL,C,8000,13.23,0,0.09,N,10
29,76596,MORTGAGE,14,MEDICAL,C,17600,13.16,0,0.23,N,10
29,119500,MORTGAGE,6,HOMEIMPROVEMENT,C,6800,13.16,0,0.06,Y,10
29,17676,RENT,3,EDUCATION,C,5000,13.11,1,0.28,Y,10
29,138000,MORTGAGE,0,EDUCATION,C,25000,13.06,0,0.18,Y,10
29,72000,RENT,13,DEBTCONSOLIDATION,C,15900,13.04,0,0.22,N,10
29,75000,MORTGAGE,2,MEDICAL,C,8000,12.99,0,0.11,N,10
29,42000,MORTGAGE,2,HOMEIMPROVEMENT,C,1200,12.98,1,0.03,N,10
29,65000,MORTGAGE,13,PERSONAL,C,16000,12.87,0,0.25,Y,10
29,29780,RENT,2,PERSONAL,D,1500,12.86,1,0.05,Y,10
29,57996,MORTGAGE,6,EDUCATION,C,20475,12.72,0,0.35,N,10
29,115000,MORTGAGE,4,VENTURE,B,22000,12.69,0,0.19,N,10
29,65000,RENT,5,EDUCATION,B,7500,12.69,0,0.12,N,10
29,80000,RENT,2,DEBTCONSOLIDATION,C,35000,12.68,1,0.44,Y,10
29,76320,RENT,8,EDUCATION,C,2500,12.61,0,0.03,Y,10
29,40000,RENT,7,PERSONAL,C,4000,12.53,0,0.1,N,10
29,162480,MORTGAGE,2,PERSONAL,B,25000,12.42,0,0.15,N,10
29,50000,MORTGAGE,4,MEDICAL,B,21850,12.42,0,0.44,N,10
29,93000,RENT,13,EDUCATION,B,21000,12.42,1,0.23,N,10
29,60000,MORTGAGE,1,PERSONAL,B,5600,12.42,0,0.09,N,10
29,60000,MORTGAGE,1,VENTURE,B,5600,12.42,0,0.09,N,10
29,75000,RENT,1,VENTURE,C,10250,12.23,0,0.14,Y,10
29,60000,OWN,9,PERSONAL,C,9000,12.23,0,0.15,N,10
29,36000,RENT,1,VENTURE,B,12000,12.21,1,0.33,N,10
29,90000,MORTGAGE,13,VENTURE,B,10000,12.21,0,0.11,N,10
29,45000,OWN,8,MEDICAL,B,8000,12.21,0,0.18,N,10
29,84000,OWN,11,EDUCATION,B,15000,12.18,0,0.18,N,10
29,32000,RENT,13,EDUCATION,B,6000,12.18,0,0.19,N,10
29,12000,RENT,0,PERSONAL,B,5600,12.18,1,0.47,N,10
29,100000,RENT,3,HOMEIMPROVEMENT,C,15000,12.04,0,0.15,N,10
29,90000,MORTGAGE,13,DEBTCONSOLIDATION,B,21000,11.99,0,0.23,N,10
29,52884,RENT,3,PERSONAL,B,5600,11.99,0,0.11,N,10
29,26004,RENT,0,EDUCATION,C,6500,11.91,0,0.25,N,10
29,57000,OWN,5,MEDICAL,B,5000,11.86,0,0.09,N,10
29,201000,MORTGAGE,0,VENTURE,B,18000,11.83,0,0.09,N,10
29,54000,RENT,2,HOMEIMPROVEMENT,B,13575,11.71,1,0.25,N,10
29,74000,RENT,13,HOMEIMPROVEMENT,B,11500,11.71,0,0.16,N,10
29,33000,RENT,2,EDUCATION,B,7200,11.71,1,0.22,N,10
29,34999,RENT,2,MEDICAL,B,12000,11.58,1,0.34,N,10
29,51000,MORTGAGE,8,PERSONAL,B,25000,11.49,0,0.49,N,10
29,120000,OWN,10,PERSONAL,B,18000,11.49,0,0.15,N,10
29,59000,RENT,6,EDUCATION,B,13000,11.49,0,0.22,N,10
29,85000,MORTGAGE,14,VENTURE,B,7500,11.49,0,0.09,N,10
29,83004,MORTGAGE,3,PERSONAL,B,4500,11.49,0,0.05,N,10
29,66000,RENT,4,EDUCATION,B,25000,11.48,1,0.38,N,10
29,75000,MORTGAGE,9,DEBTCONSOLIDATION,B,10000,11.48,0,0.13,N,10
29,68000,RENT,4,EDUCATION,B,1600,11.48,0,0.02,N,10
29,31200,RENT,2,PERSONAL,B,6000,11.46,1,0.19,N,10
29,127000,MORTGAGE,1,MEDICAL,B,24250,11.36,0,0.19,N,10
29,48000,MORTGAGE,13,HOMEIMPROVEMENT,B,20000,11.36,0,0.42,N,10
29,265000,MORTGAGE,2,PERSONAL,B,25000,11.26,0,0.09,N,10
29,70000,MORTGAGE,9,DEBTCONSOLIDATION,B,8500,11.14,0,0.12,N,10
29,65000,RENT,2,VENTURE,B,6000,11.14,0,0.09,N,10
29,18000,RENT,3,MEDICAL,B,1700,11.12,0,0.09,N,10
29,120000,OWN,5,MEDICAL,B,8000,11.11,0,0.07,N,10
29,99000,RENT,1,VENTURE,B,7000,11.11,0,0.07,N,10
29,69000,RENT,13,MEDICAL,B,4800,11.11,0,0.07,N,10
29,60000,OWN,1,PERSONAL,B,10000,10.99,0,0.17,N,10
29,63000,MORTGAGE,5,MEDICAL,B,7400,10.99,0,0.12,N,10
29,36000,RENT,7,DEBTCONSOLIDATION,B,3000,10.99,0,0.08,N,10
29,25000,RENT,3,MEDICAL,B,5000,10.95,0,0.2,N,10
29,54380,RENT,4,VENTURE,B,6300,10.75,0,0.12,N,10
29,90000,RENT,4,VENTURE,B,12000,10.74,0,0.13,N,10
29,46000,RENT,4,MEDICAL,B,12000,10.74,0,0.26,N,10
29,75996,OWN,3,VENTURE,B,8000,10.74,0,0.11,N,10
29,24000,RENT,6,PERSONAL,B,5000,10.74,0,0.21,N,10
29,65500,RENT,1,DEBTCONSOLIDATION,B,8800,10.71,0,0.13,N,10
29,45500,MORTGAGE,6,HOMEIMPROVEMENT,B,10000,10.65,0,0.22,N,10
29,115000,RENT,0,MEDICAL,B,6500,10.65,0,0.06,N,10
29,20000,RENT,0,PERSONAL,B,1000,10.65,0,0.05,N,10
29,48000,RENT,4,MEDICAL,B,10000,10.62,0,0.21,N,10
29,48000,RENT,4,VENTURE,B,10000,10.62,0,0.21,N,10
29,80000,MORTGAGE,5,MEDICAL,B,22000,10.59,0,0.28,N,10
29,144000,MORTGAGE,11,MEDICAL,B,7000,10.59,0,0.05,N,10
29,55200,RENT,13,HOMEIMPROVEMENT,B,4000,10.59,0,0.07,N,10
29,28550,RENT,6,DEBTCONSOLIDATION,B,4000,10.59,0,0.14,N,10
29,24000,MORTGAGE,0,EDUCATION,B,4000,10.59,0,0.17,N,10
29,42000,RENT,0,MEDICAL,B,11000,10.38,0,0.26,N,10
29,26400,RENT,2,VENTURE,B,6500,10.38,0,0.25,N,10
29,92004,RENT,8,EDUCATION,B,6000,10.38,0,0.07,N,10
29,61848,OWN,13,VENTURE,B,5000,10.38,0,0.08,N,10
29,97000,RENT,4,PERSONAL,B,25000,10.37,0,0.26,N,10
29,97000,RENT,4,VENTURE,B,25000,10.37,0,0.26,N,10
29,75000,MORTGAGE,3,EDUCATION,B,16950,10.37,0,0.23,N,10
29,110000,MORTGAGE,11,VENTURE,B,12000,10.37,0,0.11,N,10
29,30000,MORTGAGE,13,PERSONAL,B,9000,10.36,1,0.3,N,10
29,105000,MORTGAGE,13,DEBTCONSOLIDATION,B,17000,10.25,0,0.16,N,10
29,120000,MORTGAGE,5,MEDICAL,B,9000,10.25,0,0.07,N,10
29,60000,RENT,1,HOMEIMPROVEMENT,B,6000,10.01,0,0.1,N,10
29,68004,RENT,3,MEDICAL,B,18000,10,0,0.26,N,10
29,28114,RENT,0,DEBTCONSOLIDATION,B,8800,10,1,0.31,N,10
29,34900,RENT,2,MEDICAL,B,11200,9.99,1,0.32,N,10
29,54996,RENT,1,VENTURE,B,10000,9.99,0,0.18,N,10
29,58000,RENT,0,EDUCATION,B,20000,9.91,1,0.34,N,10
29,82600,MORTGAGE,6,VENTURE,B,19450,9.91,0,0.24,N,10
29,66000,MORTGAGE,10,DEBTCONSOLIDATION,B,7000,9.91,0,0.11,N,10
29,57600,RENT,1,MEDICAL,B,6000,9.91,0,0.1,N,10
29,52000,RENT,11,PERSONAL,B,4500,9.91,0,0.09,N,10
29,70000,MORTGAGE,1,EDUCATION,B,20000,9.88,0,0.29,N,10
29,100000,MORTGAGE,8,HOMEIMPROVEMENT,B,7000,9.88,0,0.07,N,10
29,47000,MORTGAGE,1,DEBTCONSOLIDATION,B,5000,9.76,0,0.11,N,10
29,80004,RENT,12,PERSONAL,B,2000,9.76,0,0.02,N,10
29,53004,MORTGAGE,2,HOMEIMPROVEMENT,A,15000,9.63,0,0.28,N,10
29,71500,MORTGAGE,3,DEBTCONSOLIDATION,B,6000,9.63,0,0.08,N,10
29,76800,OWN,,VENTURE,B,2400,9.62,0,0.03,N,10
29,65000,RENT,1,EDUCATION,B,12800,9.45,0,0.2,N,10
29,75000,MORTGAGE,0,PERSONAL,B,3000,9.45,0,0.04,N,10
29,81000,MORTGAGE,1,DEBTCONSOLIDATION,A,7750,9.32,0,0.1,N,10
29,92000,RENT,5,VENTURE,A,7000,9.32,0,0.08,N,10
29,85000,MORTGAGE,12,PERSONAL,B,25000,9.25,0,0.29,N,10
29,120000,MORTGAGE,13,HOMEIMPROVEMENT,A,7000,8.94,0,0.06,N,10
29,35000,RENT,2,EDUCATION,A,3600,8.94,0,0.1,N,10
29,63440,OWN,7,EDUCATION,A,20000,8.9,0,0.32,N,10
29,65000,RENT,3,HOMEIMPROVEMENT,A,20000,8.9,1,0.31,N,10
29,30000,RENT,7,PERSONAL,A,6000,8.9,0,0.2,N,10
29,40320,RENT,6,MEDICAL,B,7800,8.88,0,0.19,N,10
29,8500,RENT,7,VENTURE,A,4500,8.63,1,0.53,N,10
29,60000,RENT,6,MEDICAL,A,4200,8.63,0,0.07,N,10
29,35000,RENT,4,MEDICAL,A,11000,8.59,1,0.31,N,10
29,40000,MORTGAGE,8,EDUCATION,A,8000,8.59,0,0.2,N,10
29,30000,MORTGAGE,2,MEDICAL,A,6500,8.59,0,0.22,N,10
29,40404,RENT,4,VENTURE,A,14000,8.49,1,0.35,N,10
29,65000,MORTGAGE,5,EDUCATION,A,10000,8.49,0,0.15,N,10
29,71400,MORTGAGE,1,MEDICAL,A,8000,8.49,1,0.1,N,10
29,40000,OTHER,1,MEDICAL,A,10000,8,0,0.25,N,10
29,40000,MORTGAGE,3,MEDICAL,A,6600,8,0,0.17,N,10
29,35000,RENT,1,VENTURE,A,15000,7.9,1,0.43,N,10
29,75000,RENT,2,DEBTCONSOLIDATION,A,7200,7.9,0,0.1,N,10
29,29500,RENT,3,VENTURE,A,6550,7.9,0,0.22,N,10
29,105000,MORTGAGE,13,MEDICAL,A,12000,7.88,0,0.11,N,10
29,45000,OWN,13,PERSONAL,A,10000,7.88,0,0.22,N,10
29,85000,MORTGAGE,2,HOMEIMPROVEMENT,A,10000,7.88,0,0.12,N,10
29,45600,MORTGAGE,9,PERSONAL,A,2000,7.88,0,0.04,N,10
29,81900,MORTGAGE,13,VENTURE,A,8000,7.66,0,0.1,N,10
29,70000,MORTGAGE,12,HOMEIMPROVEMENT,A,7000,7.66,0,0.1,N,10
29,42000,MORTGAGE,6,EDUCATION,A,5500,7.66,1,0.13,N,10
29,60000,MORTGAGE,7,VENTURE,A,5000,7.66,0,0.08,N,10
29,60000,MORTGAGE,4,EDUCATION,A,5000,7.66,0,0.08,N,10
29,60096,MORTGAGE,3,EDUCATION,A,3000,7.66,0,0.05,N,10
29,46400,MORTGAGE,0,EDUCATION,A,12000,7.51,0,0.26,N,10
29,65000,MORTGAGE,9,HOMEIMPROVEMENT,A,11500,7.51,0,0.18,N,10
29,28800,RENT,4,DEBTCONSOLIDATION,A,10750,7.51,1,0.37,N,10
29,48000,RENT,13,VENTURE,A,10000,7.51,0,0.21,N,10
29,74000,MORTGAGE,0,HOMEIMPROVEMENT,A,9000,7.51,0,0.12,N,10
29,110000,MORTGAGE,0,EDUCATION,A,8500,7.51,0,0.08,N,10
29,250000,MORTGAGE,12,VENTURE,A,8000,7.51,0,0.03,N,10
29,21424,MORTGAGE,1,EDUCATION,A,7750,7.51,1,0.36,N,10
29,67027,RENT,,MEDICAL,A,5000,7.51,1,0.06,N,10
29,67000,OWN,14,MEDICAL,A,3600,7.51,0,0.05,N,10
29,130000,MORTGAGE,5,EDUCATION,A,24800,7.49,0,0.19,N,10
29,36000,RENT,13,MEDICAL,A,12000,7.49,1,0.33,N,10
29,250000,MORTGAGE,5,PERSONAL,A,10000,7.49,0,0.04,N,10
29,230000,MORTGAGE,,MEDICAL,A,8500,7.49,0,0.04,N,10
29,26400,RENT,4,MEDICAL,A,7200,7.49,0,0.27,N,10
29,200000,RENT,4,PERSONAL,A,5000,7.43,0,0.03,N,10
29,34500,OWN,7,VENTURE,A,20000,7.29,0,0.58,N,10
29,73000,MORTGAGE,7,HOMEIMPROVEMENT,A,12000,7.29,0,0.16,N,10
29,51000,RENT,2,MEDICAL,A,6000,7.29,0,0.12,N,10
29,50000,RENT,6,EDUCATION,A,3000,7.29,0,0.06,N,10
29,80400,MORTGAGE,13,VENTURE,A,8000,7.14,0,0.1,N,10
29,70000,MORTGAGE,13,MEDICAL,A,10000,6.99,0,0.14,N,10
29,30156,OWN,,VENTURE,A,7000,6.99,0,0.23,N,10
29,65000,MORTGAGE,9,PERSONAL,A,6000,6.99,0,0.09,N,10
29,80000,RENT,3,PERSONAL,A,6000,6.99,0,0.07,N,10
29,16800,RENT,4,HOMEIMPROVEMENT,A,5000,6.92,1,0.3,N,10
29,24000,RENT,1,MEDICAL,A,5000,6.92,0,0.21,N,10
29,55000,MORTGAGE,4,PERSONAL,A,3600,6.92,0,0.07,N,10
29,61656,RENT,4,VENTURE,A,15000,6.91,0,0.24,N,10
29,100000,MORTGAGE,1,DEBTCONSOLIDATION,A,12000,6.91,0,0.12,N,10
29,96000,MORTGAGE,4,VENTURE,A,4500,6.76,0,0.05,N,10
29,80000,MORTGAGE,2,HOMEIMPROVEMENT,A,4500,6.76,0,0.06,N,10
29,50000,MORTGAGE,0,PERSONAL,A,6300,6.62,0,0.13,N,10
29,28000,RENT,9,MEDICAL,A,13200,6.17,1,0.47,N,10
29,72000,MORTGAGE,5,PERSONAL,A,10000,6.17,0,0.14,N,10
29,61200,MORTGAGE,,HOMEIMPROVEMENT,A,17000,6.03,0,0.28,N,10
29,37200,RENT,1,MEDICAL,A,15000,6.03,1,0.4,N,10
29,165000,MORTGAGE,13,VENTURE,A,10000,6.03,0,0.06,N,10
29,60000,MORTGAGE,0,PERSONAL,A,5000,6.03,0,0.08,N,10
29,135000,MORTGAGE,14,MEDICAL,A,24000,5.99,0,0.18,N,10
29,14400,RENT,4,DEBTCONSOLIDATION,A,2200,5.99,0,0.15,N,10
29,125000,MORTGAGE,13,EDUCATION,A,14400,5.79,0,0.12,N,10
29,125000,MORTGAGE,0,HOMEIMPROVEMENT,A,10000,5.79,0,0.08,N,10
29,41779,RENT,5,EDUCATION,A,7000,5.79,0,0.17,N,10
29,45000,RENT,1,HOMEIMPROVEMENT,A,6000,5.79,1,0.13,N,10
29,21000,RENT,1,MEDICAL,A,4000,5.79,0,0.19,N,10
29,74000,RENT,2,HOMEIMPROVEMENT,A,6000,5.42,0,0.08,N,10
29,40000,OWN,0,MEDICAL,A,5000,5.42,0,0.13,N,10
29,24960,RENT,13,DEBTCONSOLIDATION,A,4000,5.42,0,0.16,N,10
29,62000,MORTGAGE,4,HOMEIMPROVEMENT,C,20000,,0,0.32,Y,10
29,180000,MORTGAGE,2,MEDICAL,A,20000,,0,0.11,N,10
29,83700,RENT,3,PERSONAL,C,19000,,0,0.23,N,10
29,98850,RENT,6,DEBTCONSOLIDATION,A,12500,,0,0.13,N,10
29,107220,MORTGAGE,9,HOMEIMPROVEMENT,B,10000,,0,0.09,N,10
29,66901,MORTGAGE,13,MEDICAL,C,9475,,0,0.14,N,10
29,86000,MORTGAGE,9,DEBTCONSOLIDATION,A,8400,,0,0.1,N,10
29,93924,MORTGAGE,7,DEBTCONSOLIDATION,D,8400,,1,0.09,N,10
29,77000,RENT,0,EDUCATION,A,8225,,0,0.11,N,10
29,83000,MORTGAGE,5,VENTURE,A,7500,,0,0.09,N,10
29,34000,RENT,4,MEDICAL,A,7500,,0,0.22,N,10
29,89000,RENT,2,PERSONAL,A,7200,,0,0.08,N,10
29,65000,MORTGAGE,11,HOMEIMPROVEMENT,A,7000,,0,0.11,N,10
29,65000,MORTGAGE,7,PERSONAL,B,7000,,0,0.11,N,10
29,123000,RENT,0,EDUCATION,A,6500,,0,0.05,N,10
29,55000,MORTGAGE,9,HOMEIMPROVEMENT,A,5000,,0,0.09,N,10
29,55992,MORTGAGE,2,PERSONAL,B,5000,,0,0.09,N,10
29,32000,RENT,1,HOMEIMPROVEMENT,D,5000,,1,0.16,N,10
29,27919,RENT,,VENTURE,B,5000,,0,0.18,N,10
29,64000,RENT,13,PERSONAL,C,4900,,0,0.08,Y,10
29,70000,RENT,2,EDUCATION,A,4350,,0,0.06,N,10
29,63755,MORTGAGE,14,MEDICAL,C,3000,,0,0.05,Y,10
29,162350,RENT,12,MEDICAL,G,25000,21.64,1,0.13,Y,9
29,60000,MORTGAGE,13,DEBTCONSOLIDATION,G,25000,20.16,1,0.42,Y,9
29,218000,MORTGAGE,1,DEBTCONSOLIDATION,F,25000,19.04,1,0.11,Y,9
29,48000,OWN,1,PERSONAL,E,15000,18.64,0,0.31,N,9
29,20000,RENT,,HOMEIMPROVEMENT,F,2000,18.3,1,0.1,N,9
29,78300,MORTGAGE,1,VENTURE,F,10000,18.09,0,0.13,Y,9
29,61455,MORTGAGE,1,MEDICAL,F,10000,18.09,1,0.14,N,9
29,62050,MORTGAGE,13,MEDICAL,E,3600,17.99,1,0.05,N,9
29,61628,RENT,2,MEDICAL,E,6000,16.95,1,0.08,Y,9
29,148410,MORTGAGE,5,MEDICAL,D,11200,16.89,1,0.06,Y,9
29,13200,RENT,3,VENTURE,D,4475,16.89,1,0.34,N,9
29,86028,MORTGAGE,4,HOMEIMPROVEMENT,E,25000,16.82,0,0.29,N,9
29,59000,RENT,4,DEBTCONSOLIDATION,D,12000,16.49,1,0.2,Y,9
29,32800,RENT,13,MEDICAL,E,12000,16.45,1,0.37,N,9
29,150000,RENT,9,PERSONAL,E,15000,16.32,0,0.1,N,9
29,61000,RENT,12,VENTURE,D,10000,16.07,0,0.16,N,9
29,32000,RENT,1,MEDICAL,D,6525,16.07,1,0.2,Y,9
29,32000,RENT,1,PERSONAL,D,6525,16.07,1,0.2,Y,9
29,108000,RENT,0,PERSONAL,D,24250,16,1,0.22,N,9
29,44000,RENT,2,VENTURE,D,5400,16,1,0.12,Y,9
29,42996,RENT,5,VENTURE,C,6000,15.96,1,0.14,N,9
29,34999,MORTGAGE,8,DEBTCONSOLIDATION,D,6250,15.95,1,0.18,Y,9
29,91080,MORTGAGE,4,HOMEIMPROVEMENT,D,15600,15.7,0,0.17,N,9
29,32004,RENT,1,HOMEIMPROVEMENT,D,6000,15.7,1,0.19,N,9
29,97000,OWN,3,MEDICAL,D,14600,15.65,0,0.15,N,9
29,52000,MORTGAGE,6,HOMEIMPROVEMENT,D,12000,15.65,0,0.23,Y,9
29,70000,OWN,13,PERSONAL,D,25000,15.62,0,0.36,Y,9
29,72000,MORTGAGE,6,VENTURE,D,16800,15.62,0,0.23,N,9
29,72000,MORTGAGE,12,DEBTCONSOLIDATION,D,12000,15.62,1,0.17,Y,9
29,45000,MORTGAGE,5,HOMEIMPROVEMENT,D,8000,15.58,0,0.18,N,9
29,63000,RENT,5,PERSONAL,D,10000,15.33,0,0.16,N,9
29,30000,RENT,,PERSONAL,C,7200,15.27,0,0.24,Y,9
29,35000,RENT,6,EDUCATION,C,4000,15.23,0,0.11,Y,9
29,33000,RENT,2,PERSONAL,C,1700,15.23,0,0.05,Y,9
29,38000,MORTGAGE,3,EDUCATION,D,6000,15.21,0,0.16,Y,9
29,12000,RENT,1,EDUCATION,D,4500,15.05,1,0.38,N,9
29,12000,RENT,1,EDUCATION,D,4500,15.05,1,0.38,N,9
29,54000,RENT,0,PERSONAL,D,10000,14.96,1,0.19,N,9
29,42000,RENT,0,HOMEIMPROVEMENT,D,5000,14.96,1,0.12,N,9
29,40000,RENT,2,DEBTCONSOLIDATION,D,7000,14.91,1,0.17,Y,9
29,105996,RENT,13,HOMEIMPROVEMENT,D,25000,14.83,0,0.24,N,9
29,60000,RENT,1,HOMEIMPROVEMENT,C,6000,14.79,0,0.1,N,9
29,52800,MORTGAGE,1,PERSONAL,C,4800,14.79,0,0.09,N,9
29,26004,MORTGAGE,13,DEBTCONSOLIDATION,D,4000,14.74,1,0.15,Y,9
29,130000,OWN,7,VENTURE,C,7000,14.65,0,0.05,N,9
29,56000,MORTGAGE,4,EDUCATION,D,18000,14.61,0,0.32,Y,9
29,82450,MORTGAGE,11,MEDICAL,E,7500,14.5,1,0.08,N,9
29,46000,RENT,1,DEBTCONSOLIDATION,D,22750,14.46,1,0.49,N,9
29,125000,MORTGAGE,0,HOMEIMPROVEMENT,C,10000,14.35,0,0.08,Y,9
29,73000,RENT,7,DEBTCONSOLIDATION,C,2500,14.35,0,0.03,Y,9
29,86000,MORTGAGE,5,PERSONAL,C,14000,14.27,0,0.16,N,9
29,42000,RENT,0,PERSONAL,E,15000,14.25,1,0.36,N,9
29,150000,MORTGAGE,0,HOMEIMPROVEMENT,C,10700,14.22,0,0.07,N,9
29,60000,RENT,0,MEDICAL,C,5000,14.22,1,0.08,N,9
29,75000,MORTGAGE,4,DEBTCONSOLIDATION,C,14400,13.92,0,0.19,N,9
29,46500,RENT,5,VENTURE,C,2500,13.92,0,0.05,Y,9
29,55000,MORTGAGE,13,MEDICAL,C,8000,13.72,0,0.15,N,9
29,95000,MORTGAGE,4,DEBTCONSOLIDATION,C,2400,13.72,0,0.03,N,9
29,60000,RENT,7,EDUCATION,C,9000,13.61,0,0.15,N,9
29,60500,RENT,13,VENTURE,C,3000,13.61,0,0.05,N,9
29,34000,MORTGAGE,0,VENTURE,C,3000,13.61,0,0.09,N,9
29,100000,MORTGAGE,4,VENTURE,C,20000,13.57,0,0.2,Y,9
29,67000,RENT,1,EDUCATION,C,15000,13.57,0,0.22,N,9
29,72000,RENT,0,MEDICAL,C,8000,13.57,0,0.11,Y,9
29,100000,MORTGAGE,0,EDUCATION,C,12025,13.49,0,0.12,N,9
29,54000,RENT,5,HOMEIMPROVEMENT,C,10000,13.49,1,0.19,Y,9
29,62532,RENT,6,PERSONAL,C,9000,13.49,0,0.14,N,9
29,48000,OWN,6,HOMEIMPROVEMENT,C,8000,13.49,0,0.17,Y,9
29,82710,RENT,2,PERSONAL,C,8000,13.49,0,0.1,Y,9
29,25000,OWN,8,MEDICAL,C,6500,13.49,0,0.26,N,9
29,54000,MORTGAGE,2,EDUCATION,C,2500,13.49,0,0.05,Y,9
29,90050,RENT,3,HOMEIMPROVEMENT,C,2400,13.49,0,0.03,Y,9
29,148716,RENT,4,PERSONAL,C,24250,13.23,0,0.16,Y,9
29,52000,RENT,4,MEDICAL,C,10000,13.23,0,0.19,Y,9
29,113000,MORTGAGE,5,HOMEIMPROVEMENT,C,25000,13.16,1,0.22,N,9
29,71000,RENT,1,DEBTCONSOLIDATION,C,12000,13.16,0,0.17,Y,9
29,42000,MORTGAGE,8,PERSONAL,C,7800,13.11,0,0.19,N,9
29,72000,RENT,13,MEDICAL,C,15900,13.04,0,0.22,N,9
29,130000,MORTGAGE,13,DEBTCONSOLIDATION,C,6000,13.04,0,0.05,Y,9
29,68000,MORTGAGE,2,MEDICAL,C,5000,12.99,0,0.07,N,9
29,68004,RENT,2,EDUCATION,C,2500,12.99,0,0.04,Y,9
29,80000,OWN,0,VENTURE,C,24000,12.87,0,0.3,N,9
29,125000,MORTGAGE,6,HOMEIMPROVEMENT,C,6400,12.87,0,0.05,Y,9
29,38000,RENT,3,MEDICAL,C,2000,12.87,0,0.05,Y,9
29,60000,RENT,3,EDUCATION,C,1500,12.87,0,0.03,N,9
29,28000,RENT,0,MEDICAL,C,10000,12.84,1,0.36,N,9
29,77040,RENT,1,EDUCATION,C,9500,12.84,0,0.12,Y,9
29,40000,RENT,7,MEDICAL,C,7500,12.73,0,0.19,Y,9
29,68000,MORTGAGE,9,MEDICAL,C,3000,12.73,0,0.04,N,9
29,39000,OWN,10,PERSONAL,C,9000,12.72,0,0.23,Y,9
29,180396,MORTGAGE,8,PERSONAL,B,18000,12.69,0,0.1,N,9
29,200000,MORTGAGE,13,VENTURE,B,10000,12.69,0,0.05,N,9
29,18000,RENT,5,HOMEIMPROVEMENT,B,5375,12.69,1,0.3,N,9
29,35000,MORTGAGE,14,EDUCATION,C,8000,12.68,0,0.23,Y,9
29,35000,RENT,7,MEDICAL,C,7000,12.68,0,0.2,Y,9
29,108000,MORTGAGE,2,PERSONAL,D,24500,12.61,1,0.23,N,9
29,69000,MORTGAGE,6,PERSONAL,D,18000,12.61,0,0.26,N,9
29,55000,RENT,2,DEBTCONSOLIDATION,B,10000,12.53,0,0.18,N,9
29,120000,MORTGAGE,3,DEBTCONSOLIDATION,C,6250,12.53,0,0.05,N,9
29,105000,MORTGAGE,13,PERSONAL,C,5000,12.53,0,0.05,N,9
29,80000,RENT,2,MEDICAL,B,30000,12.42,1,0.38,N,9
29,50000,MORTGAGE,4,PERSONAL,B,21850,12.42,0,0.44,N,9
29,75000,OWN,1,VENTURE,B,18000,12.42,0,0.24,N,9
29,120000,MORTGAGE,11,VENTURE,B,16000,12.42,0,0.13,N,9
29,47000,MORTGAGE,8,EDUCATION,B,8000,12.42,0,0.17,N,9
29,80000,RENT,0,PERSONAL,B,1500,12.42,0,0.02,N,9
29,62000,MORTGAGE,0,PERSONAL,C,10000,12.41,0,0.16,Y,9
29,36000,RENT,1,DEBTCONSOLIDATION,B,12000,12.21,1,0.33,N,9
29,68004,MORTGAGE,13,PERSONAL,B,3500,12.21,0,0.05,N,9
29,200000,OWN,13,EDUCATION,B,23000,12.18,0,0.12,N,9
29,30000,RENT,4,VENTURE,B,7000,12.18,0,0.23,N,9
29,40800,RENT,2,DEBTCONSOLIDATION,C,3500,11.97,0,0.09,Y,9
29,51504,RENT,0,MEDICAL,B,5500,11.89,0,0.11,N,9
29,44000,RENT,0,PERSONAL,B,15000,11.86,1,0.34,N,9
29,46000,MORTGAGE,13,HOMEIMPROVEMENT,B,4800,11.86,1,0.1,N,9
29,35500,RENT,3,MEDICAL,B,3000,11.86,0,0.08,N,9
29,73000,RENT,1,HOMEIMPROVEMENT,B,20000,11.83,1,0.27,N,9
29,65000,RENT,5,VENTURE,B,15000,11.83,0,0.23,N,9
29,22500,RENT,1,EDUCATION,B,6000,11.83,0,0.27,N,9
29,50000,RENT,9,VENTURE,B,8000,11.71,0,0.16,N,9
29,35000,RENT,6,MEDICAL,B,7300,11.71,0,0.21,N,9
29,75000,RENT,2,HOMEIMPROVEMENT,B,7000,11.71,0,0.09,N,9
29,130900,MORTGAGE,11,VENTURE,B,4800,11.71,0,0.04,N,9
29,33600,RENT,7,VENTURE,B,2000,11.71,0,0.06,N,9
29,30992,MORTGAGE,3,EDUCATION,B,8000,11.58,1,0.26,N,9
29,42000,MORTGAGE,6,PERSONAL,B,6000,11.49,1,0.14,N,9
29,41000,RENT,3,PERSONAL,B,5000,11.49,0,0.12,N,9
29,30000,RENT,3,MEDICAL,B,5000,11.49,0,0.17,N,9
29,33000,MORTGAGE,5,VENTURE,B,4200,11.36,0,0.13,N,9
29,92000,MORTGAGE,8,PERSONAL,B,10000,11.26,0,0.11,N,9
29,67222,MORTGAGE,4,DEBTCONSOLIDATION,B,10000,11.14,0,0.15,N,9
29,63000,MORTGAGE,5,HOMEIMPROVEMENT,B,5000,11.14,0,0.08,N,9
29,10000,OWN,0,PERSONAL,B,3250,11.12,1,0.33,N,9
29,77625,RENT,1,DEBTCONSOLIDATION,B,20000,11.11,0,0.26,N,9
29,90000,MORTGAGE,14,HOMEIMPROVEMENT,B,15000,11.11,0,0.17,N,9
29,105000,RENT,1,MEDICAL,C,7500,11.03,0,0.07,Y,9
29,42000,RENT,5,PERSONAL,B,15000,10.99,1,0.36,N,9
29,50000,MORTGAGE,13,MEDICAL,B,13650,10.99,0,0.27,N,9
29,92250,RENT,2,MEDICAL,B,13000,10.99,0,0.14,N,9
29,58800,MORTGAGE,,VENTURE,B,11400,10.99,0,0.19,N,9
29,68004,MORTGAGE,9,PERSONAL,B,10000,10.99,0,0.15,N,9
29,56000,MORTGAGE,8,MEDICAL,B,6000,10.99,0,0.11,N,9
29,52100,RENT,13,PERSONAL,B,5000,10.99,0,0.1,N,9
29,70000,MORTGAGE,6,DEBTCONSOLIDATION,B,4200,10.99,0,0.06,N,9
29,82438,RENT,14,PERSONAL,B,3600,10.99,1,0.04,N,9
29,75000,MORTGAGE,3,PERSONAL,B,4000,10.75,0,0.05,N,9
29,75000,MORTGAGE,3,MEDICAL,B,4000,10.75,0,0.05,N,9
29,60000,MORTGAGE,0,EDUCATION,B,2400,10.75,0,0.04,N,9
29,75000,RENT,6,HOMEIMPROVEMENT,B,6500,10.74,0,0.09,N,9
29,117000,RENT,6,PERSONAL,B,21000,10.65,0,0.18,N,9
29,85000,MORTGAGE,9,MEDICAL,B,15000,10.65,0,0.18,N,9
29,48880,RENT,3,PERSONAL,B,14000,10.65,0,0.29,N,9
29,120000,MORTGAGE,12,VENTURE,B,12000,10.65,0,0.1,N,9
29,48000,RENT,6,MEDICAL,B,6025,10.65,0,0.13,N,9
29,35000,MORTGAGE,11,VENTURE,B,5000,10.65,0,0.14,N,9
29,150000,MORTGAGE,9,HOMEIMPROVEMENT,B,12000,10.62,0,0.08,N,9
29,47000,RENT,2,MEDICAL,B,5000,10.62,0,0.11,N,9
29,72396,MORTGAGE,9,PERSONAL,B,9000,10.59,0,0.12,N,9
29,98000,MORTGAGE,2,HOMEIMPROVEMENT,B,7925,10.59,1,0.08,N,9
29,115500,RENT,1,EDUCATION,B,20000,10.46,0,0.17,N,9
29,85000,MORTGAGE,9,VENTURE,B,20000,10.38,0,0.24,N,9
29,260000,MORTGAGE,0,HOMEIMPROVEMENT,B,20000,10.37,0,0.08,N,9
29,50400,OWN,4,EDUCATION,B,9000,10.37,0,0.18,N,9
29,52000,MORTGAGE,6,MEDICAL,B,7800,10.36,0,0.15,N,9
29,52000,MORTGAGE,6,HOMEIMPROVEMENT,B,7800,10.36,0,0.15,N,9
29,121000,RENT,3,VENTURE,B,3000,10.25,0,0.02,N,9
29,30000,MORTGAGE,2,DEBTCONSOLIDATION,B,1600,10.25,0,0.05,N,9
29,140000,RENT,3,PERSONAL,B,20000,10,0,0.14,N,9
29,68004,RENT,3,MEDICAL,B,18000,10,0,0.26,N,9
29,46000,RENT,6,VENTURE,B,4000,9.99,0,0.09,N,9
29,55000,RENT,3,DEBTCONSOLIDATION,B,1200,9.99,0,0.02,N,9
29,110000,MORTGAGE,6,MEDICAL,B,5000,9.91,0,0.05,N,9
29,7200,RENT,,VENTURE,B,2200,9.91,1,0.31,N,9
29,61000,MORTGAGE,9,HOMEIMPROVEMENT,B,15000,9.88,1,0.25,N,9
29,100000,RENT,1,MEDICAL,B,15000,9.88,0,0.15,N,9
29,190000,RENT,1,HOMEIMPROVEMENT,B,7000,9.88,0,0.04,N,9
29,128000,RENT,0,EDUCATION,A,15000,9.63,1,0.12,N,9
29,45000,MORTGAGE,13,EDUCATION,A,13000,9.63,0,0.29,N,9
29,92004,MORTGAGE,12,MEDICAL,B,10000,9.63,0,0.11,N,9
29,100000,RENT,4,VENTURE,A,10000,9.63,0,0.1,N,9
29,70004,RENT,0,MEDICAL,A,8000,9.63,0,0.11,N,9
29,70000,MORTGAGE,5,DEBTCONSOLIDATION,B,3000,9.63,0,0.04,N,9
29,130000,MORTGAGE,13,VENTURE,A,17500,8.94,0,0.13,N,9
29,76500,MORTGAGE,13,EDUCATION,A,13475,8.94,0,0.18,N,9
29,65000,MORTGAGE,0,HOMEIMPROVEMENT,A,10000,8.94,0,0.15,N,9
29,148616,RENT,2,EDUCATION,A,29550,8.9,0,0.2,N,9
29,47500,MORTGAGE,14,VENTURE,A,3500,8.9,0,0.07,N,9
29,30108,MORTGAGE,,EDUCATION,A,1400,8.9,1,0.05,N,9
29,12480,RENT,,EDUCATION,A,1000,8.9,0,0.08,N,9
29,98080,MORTGAGE,8,VENTURE,B,20000,8.88,0,0.2,N,9
29,40000,MORTGAGE,8,DEBTCONSOLIDATION,A,8000,8.59,0,0.2,N,9
29,22080,OWN,3,EDUCATION,A,8000,8.59,0,0.36,N,9
29,6000,RENT,0,HOMEIMPROVEMENT,A,3250,8.59,1,0.54,N,9
29,20688,RENT,,PERSONAL,A,10400,8.49,1,0.5,N,9
29,48000,RENT,1,MEDICAL,A,8800,8.49,0,0.18,N,9
29,48000,MORTGAGE,13,VENTURE,A,7000,8.49,0,0.15,N,9
29,48000,MORTGAGE,13,PERSONAL,A,6625,8.49,0,0.14,N,9
29,43000,MORTGAGE,13,MEDICAL,A,10000,8,0,0.23,N,9
29,35000,MORTGAGE,1,PERSONAL,A,3600,8,0,0.1,N,9
29,90000,MORTGAGE,8,DEBTCONSOLIDATION,A,14000,7.9,0,0.16,N,9
29,80000,MORTGAGE,13,EDUCATION,A,10000,7.9,0,0.13,N,9
29,20400,RENT,4,HOMEIMPROVEMENT,A,2000,7.9,1,0.1,N,9
29,72000,MORTGAGE,7,MEDICAL,A,24000,7.88,0,0.33,N,9
29,74872,RENT,4,PERSONAL,A,15000,7.88,0,0.2,N,9
29,53360,MORTGAGE,11,EDUCATION,A,10475,7.88,0,0.2,N,9
29,45000,RENT,4,EDUCATION,A,8700,7.88,0,0.19,N,9
29,70000,MORTGAGE,13,DEBTCONSOLIDATION,A,6500,7.88,0,0.09,N,9
29,55000,MORTGAGE,3,VENTURE,A,6400,7.88,0,0.12,N,9
29,102000,MORTGAGE,13,MEDICAL,A,6000,7.88,0,0.06,N,9
29,59000,RENT,3,EDUCATION,A,6000,7.88,0,0.1,N,9
29,38000,RENT,5,EDUCATION,A,1000,7.88,0,0.03,N,9
29,80000,MORTGAGE,2,PERSONAL,A,5000,7.74,0,0.06,N,9
29,57504,RENT,2,VENTURE,A,3200,7.68,0,0.06,N,9
29,81000,MORTGAGE,5,PERSONAL,A,14000,7.66,0,0.17,N,9
29,30996,MORTGAGE,8,MEDICAL,A,8875,7.66,0,0.29,N,9
29,84000,MORTGAGE,9,HOMEIMPROVEMENT,A,5900,7.66,0,0.07,N,9
29,26400,MORTGAGE,7,MEDICAL,A,4800,7.66,0,0.18,N,9
29,41000,MORTGAGE,0,MEDICAL,A,3800,7.51,1,0.09,N,9
29,54000,MORTGAGE,8,DEBTCONSOLIDATION,A,7500,7.49,1,0.14,N,9
29,77367,OWN,12,EDUCATION,A,1000,7.37,0,0.01,N,9
29,45000,RENT,14,PERSONAL,A,14400,7.29,1,0.32,N,9
29,28140,RENT,0,MEDICAL,A,5000,7.29,0,0.18,N,9
29,54548,MORTGAGE,8,VENTURE,A,6000,7.14,0,0.11,N,9
29,120000,MORTGAGE,10,HOMEIMPROVEMENT,A,4700,7.14,0,0.04,N,9
29,71000,MORTGAGE,4,DEBTCONSOLIDATION,A,4000,7.14,0,0.06,N,9
29,62000,MORTGAGE,10,EDUCATION,A,3600,7.14,0,0.06,N,9
29,38000,MORTGAGE,8,EDUCATION,A,3600,7.14,0,0.09,N,9
29,65000,MORTGAGE,4,HOMEIMPROVEMENT,A,10000,6.99,0,0.15,N,9
29,141000,MORTGAGE,1,VENTURE,A,8000,6.99,0,0.06,N,9
29,40000,MORTGAGE,9,VENTURE,A,5000,6.99,0,0.13,N,9
29,61656,RENT,4,PERSONAL,A,15000,6.91,0,0.24,N,9
29,27000,RENT,8,PERSONAL,A,5000,6.76,0,0.19,N,9
29,46000,MORTGAGE,9,PERSONAL,A,4000,6.76,0,0.09,N,9
29,249999,MORTGAGE,2,EDUCATION,A,25000,6.62,0,0.1,N,9
29,144000,MORTGAGE,13,VENTURE,A,16000,6.62,0,0.11,N,9
29,62400,RENT,3,HOMEIMPROVEMENT,A,8000,6.62,0,0.13,N,9
29,27600,RENT,2,EDUCATION,A,7500,6.62,0,0.27,N,9
29,70000,RENT,4,VENTURE,A,4500,6.62,0,0.06,N,9
29,49000,OWN,,PERSONAL,A,4400,6.62,0,0.09,N,9
29,15889,RENT,,HOMEIMPROVEMENT,A,2500,6.62,1,0.16,N,9
29,95000,MORTGAGE,4,DEBTCONSOLIDATION,A,20000,6.54,0,0.21,N,9
29,75000,RENT,1,VENTURE,A,20000,6.54,0,0.27,N,9
29,71000,RENT,0,PERSONAL,A,19000,6.54,0,0.27,N,9
29,29000,RENT,1,HOMEIMPROVEMENT,A,9000,6.54,1,0.31,N,9
29,117500,OWN,1,VENTURE,A,20000,6.17,0,0.17,N,9
29,106369,MORTGAGE,14,DEBTCONSOLIDATION,A,18000,6.17,0,0.17,N,9
29,143000,MORTGAGE,2,HOMEIMPROVEMENT,A,16800,6.17,0,0.12,N,9
29,120000,MORTGAGE,5,DEBTCONSOLIDATION,A,14000,6.17,1,0.12,N,9
29,45000,MORTGAGE,7,PERSONAL,A,4000,6.17,0,0.09,N,9
29,240000,MORTGAGE,13,DEBTCONSOLIDATION,A,12000,6.03,0,0.05,N,9
29,56000,OWN,5,EDUCATION,A,9200,6.03,0,0.16,N,9
29,64320,MORTGAGE,13,MEDICAL,A,8000,6.03,0,0.12,N,9
29,115000,MORTGAGE,13,DEBTCONSOLIDATION,A,5000,6.03,0,0.04,N,9
29,60000,MORTGAGE,2,HOMEIMPROVEMENT,A,1500,6.03,0,0.03,N,9
29,60000,MORTGAGE,13,MEDICAL,A,8000,5.99,0,0.13,N,9
29,40000,MORTGAGE,13,VENTURE,A,1400,5.99,0,0.04,N,9
29,150000,MORTGAGE,,DEBTCONSOLIDATION,A,14000,5.79,0,0.09,N,9
29,90000,MORTGAGE,1,MEDICAL,A,12000,5.79,0,0.13,N,9
29,125000,MORTGAGE,0,VENTURE,A,10000,5.79,0,0.08,N,9
29,100000,MORTGAGE,3,DEBTCONSOLIDATION,A,4800,5.79,0,0.05,N,9
29,33600,RENT,3,EDUCATION,A,4800,5.79,0,0.14,N,9
29,150000,MORTGAGE,14,VENTURE,A,12000,5.42,0,0.08,N,9
29,96000,MORTGAGE,1,DEBTCONSOLIDATION,A,11200,5.42,0,0.12,N,9
29,48712,MORTGAGE,13,VENTURE,A,11050,5.42,0,0.23,N,9
29,75000,MORTGAGE,11,MEDICAL,A,10000,5.42,0,0.13,N,9
29,59520,RENT,13,HOMEIMPROVEMENT,A,9000,5.42,0,0.15,N,9
29,79200,MORTGAGE,,VENTURE,A,8000,5.42,0,0.1,N,9
29,480000,MORTGAGE,6,DEBTCONSOLIDATION,A,6500,5.42,0,0.01,N,9
29,120000,MORTGAGE,8,DEBTCONSOLIDATION,A,5000,5.42,0,0.04,N,9
29,99000,MORTGAGE,13,PERSONAL,A,4500,5.42,0,0.05,N,9
29,70000,RENT,2,PERSONAL,A,4500,5.42,0,0.06,N,9
29,75000,MORTGAGE,8,MEDICAL,A,4200,5.42,0,0.06,N,9
29,48000,MORTGAGE,13,PERSONAL,B,20000,,0,0.42,N,9
29,44000,RENT,14,DEBTCONSOLIDATION,B,16000,,1,0.36,N,9
29,98850,RENT,6,HOMEIMPROVEMENT,A,12500,,0,0.13,N,9
29,76663,RENT,9,EDUCATION,A,12000,,0,0.16,N,9
29,81000,MORTGAGE,5,DEBTCONSOLIDATION,E,12000,,1,0.15,Y,9
29,74000,MORTGAGE,4,DEBTCONSOLIDATION,B,12000,,0,0.16,N,9
29,32000,RENT,3,PERSONAL,A,12000,,1,0.38,N,9
29,108000,RENT,1,EDUCATION,D,12000,,1,0.11,N,9
29,60000,MORTGAGE,3,MEDICAL,A,10000,,0,0.17,N,9
29,175000,MORTGAGE,2,HOMEIMPROVEMENT,A,10000,,0,0.06,N,9
29,85500,MORTGAGE,3,EDUCATION,A,9500,,0,0.11,N,9
29,85500,MORTGAGE,3,HOMEIMPROVEMENT,A,9500,,0,0.11,N,9
29,62000,RENT,13,EDUCATION,C,9000,,0,0.15,N,9
29,63000,OWN,0,MEDICAL,B,9000,,0,0.14,N,9
29,33996,OTHER,0,DEBTCONSOLIDATION,E,9000,,1,0.26,Y,9
29,70000,MORTGAGE,0,EDUCATION,A,8000,,0,0.11,N,9
29,42000,MORTGAGE,0,VENTURE,A,7500,,0,0.18,N,9
29,56500,RENT,3,EDUCATION,B,7000,,1,0.12,N,9
29,103089,MORTGAGE,2,EDUCATION,A,7000,,0,0.07,N,9
29,79000,MORTGAGE,1,DEBTCONSOLIDATION,A,7000,,0,0.09,N,9
29,26280,RENT,0,EDUCATION,B,7000,,0,0.27,N,9
29,92052,MORTGAGE,6,HOMEIMPROVEMENT,A,6500,,0,0.07,N,9
29,55000,RENT,13,DEBTCONSOLIDATION,B,6000,,0,0.11,N,9
29,35000,RENT,1,MEDICAL,A,5000,,0,0.14,N,9
29,45600,MORTGAGE,3,EDUCATION,C,4750,,0,0.1,N,9
29,55044,RENT,6,HOMEIMPROVEMENT,C,4200,,0,0.08,Y,9
29,39996,RENT,0,PERSONAL,C,4000,,0,0.1,N,9
29,68500,RENT,4,DEBTCONSOLIDATION,A,2000,,0,0.03,N,9
29,54000,MORTGAGE,1,PERSONAL,G,25000,20.16,1,0.46,Y,8
29,180000,MORTGAGE,2,PERSONAL,E,31000,19.42,0,0.17,Y,8
29,92000,MORTGAGE,2,EDUCATION,E,25000,19.42,0,0.27,N,8
29,27840,RENT,0,PERSONAL,E,8575,19.42,1,0.31,N,8
29,129996,MORTGAGE,0,EDUCATION,E,30000,18.79,0,0.23,N,8
29,54000,MORTGAGE,7,MEDICAL,F,14800,18.53,1,0.27,Y,8
29,110000,RENT,4,HOMEIMPROVEMENT,E,24000,18.39,0,0.22,Y,8
29,338000,RENT,3,HOMEIMPROVEMENT,F,24000,17.8,1,0.07,N,8
29,80000,RENT,3,EDUCATION,D,10000,17.27,0,0.13,N,8
29,99855,RENT,2,VENTURE,E,20000,17.06,1,0.2,N,8
29,93000,MORTGAGE,9,PERSONAL,E,20000,16.82,0,0.22,N,8
29,125800,RENT,11,MEDICAL,D,9000,16.77,1,0.06,N,8
29,32000,RENT,5,PERSONAL,D,9000,16.77,0,0.28,N,8
29,59000,MORTGAGE,5,VENTURE,D,8000,16.77,1,0.14,Y,8
29,85000,MORTGAGE,0,VENTURE,E,10000,16.63,0,0.12,N,8
29,88000,MORTGAGE,6,DEBTCONSOLIDATION,E,16000,16.45,1,0.18,N,8
29,14400,RENT,3,EDUCATION,D,1000,16.32,1,0.07,Y,8
29,55000,RENT,0,PERSONAL,D,8500,16.29,1,0.15,Y,8
29,28000,RENT,2,MEDICAL,D,5000,16.07,1,0.18,N,8
29,28000,RENT,2,PERSONAL,D,5000,16.07,1,0.18,N,8
29,60000,OWN,0,HOMEIMPROVEMENT,D,16000,16,0,0.27,Y,8
29,65000,RENT,4,EDUCATION,D,15000,16,0,0.23,N,8
29,44000,RENT,2,PERSONAL,D,5400,16,1,0.12,Y,8
29,26568,RENT,2,HOMEIMPROVEMENT,D,4000,16,1,0.15,N,8
29,33600,RENT,2,VENTURE,D,3000,15.99,1,0.09,N,8
29,100000,MORTGAGE,2,PERSONAL,C,5000,15.96,0,0.05,N,8
29,62050,RENT,3,MEDICAL,E,15000,15.95,1,0.21,Y,8
29,59000,MORTGAGE,9,DEBTCONSOLIDATION,D,18000,15.65,1,0.31,Y,8
29,52000,MORTGAGE,6,VENTURE,D,12000,15.65,0,0.23,N,8
29,55000,RENT,6,HOMEIMPROVEMENT,D,7450,15.62,0,0.14,N,8
29,66000,RENT,0,DEBTCONSOLIDATION,D,3150,15.62,1,0.05,Y,8
29,44004,RENT,7,PERSONAL,D,10000,15.33,1,0.23,Y,8
29,55476,MORTGAGE,1,MEDICAL,D,10000,15.33,1,0.18,Y,8
29,30000,RENT,2,MEDICAL,D,6600,15.33,1,0.22,Y,8
29,30000,RENT,,VENTURE,C,7200,15.27,0,0.24,Y,8
29,60000,RENT,13,HOMEIMPROVEMENT,D,17000,14.96,0,0.28,N,8
29,61000,RENT,2,PERSONAL,D,15000,14.96,1,0.25,Y,8
29,30796,RENT,13,MEDICAL,D,5000,14.96,0,0.16,Y,8
29,228000,MORTGAGE,11,DEBTCONSOLIDATION,D,35000,14.91,1,0.15,N,8
29,40777,MORTGAGE,4,PERSONAL,D,8000,14.91,0,0.2,Y,8
29,40000,RENT,2,VENTURE,D,7000,14.91,1,0.17,Y,8
29,32000,RENT,1,PERSONAL,D,5000,14.84,1,0.16,N,8
29,15600,RENT,4,PERSONAL,C,5275,14.72,1,0.34,Y,8
29,44991,MORTGAGE,13,MEDICAL,C,5000,14.72,0,0.11,Y,8
29,42000,RENT,6,VENTURE,C,18000,14.65,1,0.43,Y,8
29,97000,MORTGAGE,13,VENTURE,C,10000,14.65,0,0.1,N,8
29,135000,MORTGAGE,0,HOMEIMPROVEMENT,D,18000,14.61,0,0.13,N,8
29,72000,RENT,13,DEBTCONSOLIDATION,D,2000,14.59,1,0.03,Y,8
29,43680,OWN,0,DEBTCONSOLIDATION,D,10000,14.46,0,0.23,N,8
29,30288,RENT,13,PERSONAL,C,13000,14.35,1,0.43,N,8
29,73000,RENT,7,DEBTCONSOLIDATION,C,2500,14.35,0,0.03,Y,8
29,160000,RENT,4,VENTURE,C,35000,14.27,0,0.22,Y,8
29,75000,RENT,0,PERSONAL,C,17200,14.27,0,0.23,Y,8
29,38400,MORTGAGE,0,MEDICAL,C,14000,14.27,0,0.36,Y,8
29,71400,MORTGAGE,14,PERSONAL,C,10000,14.27,1,0.14,N,8
29,68000,RENT,2,PERSONAL,C,10000,14.27,0,0.15,N,8
29,89004,MORTGAGE,2,EDUCATION,D,4800,14.11,0,0.05,Y,8
29,50000,OWN,3,PERSONAL,C,6000,13.99,0,0.12,N,8
29,125000,MORTGAGE,2,MEDICAL,C,3500,13.98,0,0.03,N,8
29,42000,MORTGAGE,5,MEDICAL,C,2500,13.98,0,0.06,N,8
29,24000,RENT,,VENTURE,C,7750,13.85,1,0.32,N,8
29,30000,MORTGAGE,0,VENTURE,C,6600,13.85,0,0.22,N,8
29,250000,MORTGAGE,13,EDUCATION,C,20000,13.79,0,0.08,N,8
29,74000,RENT,0,HOMEIMPROVEMENT,C,16000,13.79,1,0.22,Y,8
29,72500,MORTGAGE,2,MEDICAL,C,7000,13.79,0,0.1,Y,8
29,72500,MORTGAGE,2,MEDICAL,C,7000,13.79,0,0.1,Y,8
29,92000,RENT,2,PERSONAL,C,20000,13.72,0,0.22,Y,8
29,95000,MORTGAGE,4,HOMEIMPROVEMENT,C,2400,13.72,0,0.03,N,8
29,48000,RENT,9,HOMEIMPROVEMENT,C,25000,13.61,1,0.52,Y,8
29,74100,RENT,3,VENTURE,C,4500,13.61,0,0.06,Y,8
29,140000,RENT,5,DEBTCONSOLIDATION,C,20000,13.49,0,0.14,Y,8
29,45516,MORTGAGE,13,DEBTCONSOLIDATION,C,6000,13.49,0,0.13,N,8
29,60000,MORTGAGE,2,HOMEIMPROVEMENT,C,6000,13.49,0,0.1,Y,8
29,20400,RENT,2,MEDICAL,C,2000,13.49,0,0.1,N,8
29,77000,RENT,3,MEDICAL,C,17600,13.48,0,0.23,N,8
29,37920,RENT,2,MEDICAL,C,12000,13.48,1,0.32,N,8
29,115000,MORTGAGE,10,VENTURE,C,5600,13.43,0,0.05,Y,8
29,138000,MORTGAGE,3,HOMEIMPROVEMENT,D,7500,13.24,0,0.05,Y,8
29,100000,MORTGAGE,9,VENTURE,C,25000,13.23,0,0.25,Y,8
29,52000,OWN,13,VENTURE,C,1000,13.23,0,0.02,N,8
29,130000,MORTGAGE,7,DEBTCONSOLIDATION,C,18000,13.22,0,0.14,Y,8
29,30000,MORTGAGE,7,DEBTCONSOLIDATION,C,1500,13.16,0,0.05,N,8
29,21996,RENT,4,DEBTCONSOLIDATION,C,2500,13.11,1,0.11,Y,8
29,50004,MORTGAGE,1,MEDICAL,C,1500,13.11,0,0.03,N,8
29,45000,RENT,0,MEDICAL,C,12000,12.99,0,0.27,N,8
29,86400,MORTGAGE,12,PERSONAL,C,8000,12.99,0,0.09,N,8
29,99000,RENT,3,HOMEIMPROVEMENT,C,8000,12.99,0,0.08,Y,8
29,99000,RENT,3,PERSONAL,C,8000,12.99,0,0.08,Y,8
29,35000,OWN,11,MEDICAL,C,4200,12.99,0,0.12,N,8
29,120000,RENT,1,VENTURE,C,17500,12.87,0,0.15,Y,8
29,35000,OWN,0,VENTURE,C,10000,12.87,0,0.29,Y,8
29,42000,RENT,0,EDUCATION,C,7500,12.87,0,0.18,Y,8
29,30000,MORTGAGE,2,HOMEIMPROVEMENT,C,8000,12.84,0,0.27,N,8
29,34000,RENT,0,VENTURE,B,3500,12.69,0,0.1,N,8
29,18000,RENT,2,HOMEIMPROVEMENT,B,3000,12.69,1,0.17,N,8
29,68000,RENT,9,VENTURE,C,14000,12.61,0,0.21,Y,8
29,120000,MORTGAGE,3,MEDICAL,C,6250,12.53,0,0.05,Y,8
29,54912,MORTGAGE,11,DEBTCONSOLIDATION,C,5500,12.53,0,0.1,Y,8
29,33048,RENT,2,MEDICAL,C,1800,12.53,0,0.05,N,8
29,38004,RENT,2,EDUCATION,C,1500,12.53,1,0.04,N,8
29,88055,MORTGAGE,6,DEBTCONSOLIDATION,B,21600,12.42,0,0.25,N,8
29,63600,RENT,5,DEBTCONSOLIDATION,B,12000,12.42,1,0.19,N,8
29,44000,RENT,1,EDUCATION,D,4000,12.36,1,0.09,Y,8
29,48000,OWN,3,PERSONAL,C,9600,12.23,0,0.2,Y,8
29,100000,RENT,0,EDUCATION,C,5000,12.23,0,0.05,N,8
29,101000,OWN,6,HOMEIMPROVEMENT,B,12000,12.18,0,0.12,N,8
29,85000,RENT,1,PERSONAL,B,35000,11.99,1,0.41,N,8
29,54000,MORTGAGE,13,MEDICAL,B,12000,11.99,0,0.22,N,8
29,75000,MORTGAGE,9,PERSONAL,B,8000,11.99,0,0.11,N,8
29,60000,MORTGAGE,13,DEBTCONSOLIDATION,B,6400,11.89,0,0.11,N,8
29,67704,RENT,3,PERSONAL,B,15000,11.86,0,0.22,N,8
29,74004,MORTGAGE,2,DEBTCONSOLIDATION,B,10000,11.86,0,0.14,N,8
29,30000,RENT,1,PERSONAL,B,3500,11.86,0,0.12,N,8
29,58000,OTHER,0,HOMEIMPROVEMENT,B,14000,11.83,0,0.24,N,8
29,47000,RENT,7,MEDICAL,B,16000,11.71,1,0.34,N,8
29,52000,RENT,4,PERSONAL,B,3600,11.71,0,0.07,N,8
29,52000,RENT,2,EDUCATION,C,2725,11.66,0,0.05,N,8
29,300000,RENT,1,HOMEIMPROVEMENT,B,16000,11.58,0,0.05,N,8
29,45000,OWN,13,VENTURE,B,15000,11.49,0,0.33,N,8
29,67422,MORTGAGE,13,EDUCATION,B,12800,11.49,0,0.19,N,8
29,87600,MORTGAGE,4,PERSONAL,B,12000,11.49,0,0.14,N,8
29,83500,RENT,1,MEDICAL,B,8000,11.49,0,0.1,N,8
29,96000,RENT,3,HOMEIMPROVEMENT,B,6400,11.49,0,0.07,N,8
29,46000,MORTGAGE,3,PERSONAL,B,6000,11.49,0,0.13,N,8
29,91200,MORTGAGE,13,PERSONAL,B,2000,11.49,0,0.02,N,8
29,51000,MORTGAGE,12,PERSONAL,B,1800,11.49,0,0.04,N,8
29,30000,RENT,12,DEBTCONSOLIDATION,B,1500,11.49,1,0.05,N,8
29,63000,MORTGAGE,6,HOMEIMPROVEMENT,B,25000,11.48,0,0.4,N,8
29,142000,OWN,14,PERSONAL,B,24250,11.48,0,0.17,N,8
29,57300,OWN,13,MEDICAL,B,12000,11.48,0,0.21,N,8
29,127000,MORTGAGE,1,PERSONAL,B,24250,11.36,0,0.19,N,8
29,78200,RENT,5,MEDICAL,B,23500,11.36,0,0.3,N,8
29,48000,RENT,2,PERSONAL,B,15000,11.36,1,0.31,N,8
29,42000,RENT,0,PERSONAL,B,13750,11.36,1,0.33,N,8
29,55000,OWN,4,VENTURE,B,10000,11.36,0,0.18,N,8
29,46344,RENT,0,EDUCATION,B,3500,11.36,0,0.08,N,8
29,92000,MORTGAGE,8,EDUCATION,B,10000,11.26,0,0.11,N,8
29,93000,RENT,1,HOMEIMPROVEMENT,B,10000,11.14,0,0.11,N,8
29,99780,MORTGAGE,14,HOMEIMPROVEMENT,B,6000,11.14,0,0.06,N,8
29,400000,MORTGAGE,10,EDUCATION,B,25000,11.12,0,0.06,N,8
29,140000,MORTGAGE,12,MEDICAL,B,24250,11.12,0,0.17,N,8
29,40000,RENT,2,DEBTCONSOLIDATION,B,23500,11.12,1,0.59,N,8
29,65000,RENT,1,MEDICAL,B,7200,11.12,0,0.11,N,8
29,69000,OWN,11,MEDICAL,B,6000,11.12,0,0.09,N,8
29,18000,RENT,3,VENTURE,B,1700,11.12,0,0.09,N,8
29,31000,RENT,1,PERSONAL,C,7200,11.03,1,0.23,N,8
29,44400,MORTGAGE,13,HOMEIMPROVEMENT,B,21000,10.99,0,0.47,N,8
29,52000,OWN,0,VENTURE,B,16000,10.99,0,0.31,N,8
29,55000,MORTGAGE,11,PERSONAL,B,4000,10.99,0,0.07,N,8
29,28080,RENT,1,MEDICAL,B,2500,10.99,0,0.09,N,8
29,75000,RENT,3,HOMEIMPROVEMENT,B,5200,10.75,0,0.07,N,8
29,153000,OWN,13,VENTURE,B,3000,10.74,0,0.02,N,8
29,39600,MORTGAGE,0,EDUCATION,B,5600,10.65,0,0.14,N,8
29,125000,MORTGAGE,12,PERSONAL,B,25000,10.62,0,0.2,N,8
29,85000,RENT,12,PERSONAL,B,8000,10.62,0,0.09,N,8
29,28550,RENT,6,EDUCATION,B,4000,10.59,0,0.14,N,8
29,60000,MORTGAGE,8,PERSONAL,B,8000,10.51,0,0.13,N,8
29,242400,OWN,12,MEDICAL,B,35000,10.37,0,0.14,N,8
29,80000,RENT,13,MEDICAL,B,15000,10.37,0,0.19,N,8
29,37500,RENT,7,EDUCATION,B,3300,10.37,0,0.09,N,8
29,76000,RENT,2,VENTURE,B,13000,10.25,0,0.17,N,8
29,44000,RENT,0,EDUCATION,B,10200,10.2,0,0.23,N,8
29,145000,MORTGAGE,0,VENTURE,B,25000,10.08,0,0.17,N,8
29,40560,RENT,4,EDUCATION,B,2700,10,0,0.07,N,8
29,59000,RENT,3,HOMEIMPROVEMENT,B,7500,9.99,1,0.13,N,8
29,50700,RENT,2,HOMEIMPROVEMENT,B,5000,9.88,0,0.1,N,8
29,59000,MORTGAGE,7,DEBTCONSOLIDATION,B,15000,9.76,1,0.25,N,8
29,30000,MORTGAGE,0,DEBTCONSOLIDATION,A,15000,9.63,0,0.5,N,8
29,31100,RENT,2,DEBTCONSOLIDATION,B,5000,9.63,0,0.16,N,8
29,35000,RENT,2,DEBTCONSOLIDATION,B,2000,9.63,0,0.06,N,8
29,87204,MORTGAGE,7,MEDICAL,A,10000,9.32,0,0.11,N,8
29,135000,MORTGAGE,0,EDUCATION,A,11000,8.94,0,0.08,N,8
29,117000,MORTGAGE,14,VENTURE,A,7800,8.9,0,0.07,N,8
29,33000,RENT,6,VENTURE,A,5000,8.9,0,0.15,N,8
29,32400,RENT,,MEDICAL,A,5000,8.9,0,0.15,N,8
29,96500,RENT,13,PERSONAL,B,10000,8.88,0,0.1,N,8
29,153000,RENT,1,VENTURE,B,17600,8.7,0,0.12,N,8
29,40000,RENT,1,EDUCATION,A,3600,8.59,0,0.09,N,8
29,175000,MORTGAGE,1,DEBTCONSOLIDATION,A,15000,8.49,0,0.09,N,8
29,70000,RENT,3,PERSONAL,A,12300,8.49,0,0.18,N,8
29,72072,MORTGAGE,4,DEBTCONSOLIDATION,A,12000,8.49,0,0.17,N,8
29,27852,OWN,7,EDUCATION,A,11000,8.49,0,0.39,N,8
29,240000,MORTGAGE,5,VENTURE,A,10000,8.49,0,0.04,N,8
29,29000,RENT,0,MEDICAL,A,6000,8.49,1,0.21,N,8
29,40500,MORTGAGE,0,EDUCATION,A,6000,8.38,0,0.15,N,8
29,44875,RENT,0,MEDICAL,A,7500,8.32,0,0.17,N,8
29,52000,RENT,9,PERSONAL,A,10000,8,0,0.19,N,8
29,53000,MORTGAGE,3,EDUCATION,A,6000,8,0,0.11,N,8
29,118400,MORTGAGE,11,EDUCATION,A,35000,7.9,0,0.3,N,8
29,95000,MORTGAGE,6,VENTURE,A,35000,7.9,0,0.37,N,8
29,120000,MORTGAGE,8,MEDICAL,A,28000,7.9,0,0.23,N,8
29,35000,RENT,1,DEBTCONSOLIDATION,A,10625,7.9,0,0.3,N,8
29,16000,OWN,3,VENTURE,A,3000,7.9,1,0.19,N,8
29,28800,RENT,1,PERSONAL,A,1400,7.9,0,0.05,N,8
29,57500,MORTGAGE,7,PERSONAL,A,19600,7.88,0,0.34,N,8
29,126000,MORTGAGE,11,HOMEIMPROVEMENT,A,15000,7.88,0,0.12,N,8
29,55500,RENT,13,DEBTCONSOLIDATION,A,12000,7.88,0,0.22,N,8
29,50000,MORTGAGE,9,MEDICAL,A,10000,7.88,0,0.2,N,8
29,60000,RENT,5,MEDICAL,A,10000,7.88,0,0.17,N,8
29,59000,RENT,3,EDUCATION,A,6000,7.88,0,0.1,N,8
29,240000,MORTGAGE,10,EDUCATION,A,5000,7.88,0,0.02,N,8
29,45600,MORTGAGE,9,MEDICAL,A,2000,7.88,0,0.04,N,8
29,120000,OWN,3,EDUCATION,A,7500,7.74,0,0.06,N,8
29,39500,MORTGAGE,8,VENTURE,A,5000,7.74,0,0.13,N,8
29,40800,MORTGAGE,0,HOMEIMPROVEMENT,A,2000,7.74,0,0.05,N,8
29,84996,MORTGAGE,13,DEBTCONSOLIDATION,A,6000,7.68,0,0.07,N,8
29,60000,RENT,2,MEDICAL,A,14000,7.51,0,0.23,N,8
29,62000,MORTGAGE,6,VENTURE,A,12000,7.51,0,0.19,N,8
29,75000,OWN,3,HOMEIMPROVEMENT,A,12000,7.51,0,0.16,N,8
29,30000,MORTGAGE,,HOMEIMPROVEMENT,A,5000,7.51,0,0.17,N,8
29,104000,MORTGAGE,7,DEBTCONSOLIDATION,A,35000,7.49,0,0.34,N,8
29,51000,OWN,6,MEDICAL,A,19750,7.49,0,0.39,N,8
29,64402,RENT,1,DEBTCONSOLIDATION,A,13500,7.49,0,0.21,N,8
29,55000,MORTGAGE,5,DEBTCONSOLIDATION,A,12000,7.49,0,0.22,N,8
29,63000,RENT,13,MEDICAL,A,10000,7.49,0,0.16,N,8
29,112992,MORTGAGE,13,DEBTCONSOLIDATION,A,8000,7.49,0,0.07,N,8
29,75000,RENT,5,VENTURE,A,6400,7.49,0,0.09,N,8
29,70000,RENT,2,VENTURE,A,6125,7.49,0,0.09,N,8
29,73000,MORTGAGE,7,EDUCATION,A,12000,7.29,0,0.16,N,8
29,47256,RENT,5,VENTURE,A,12000,7.29,0,0.25,N,8
29,90444,RENT,13,MEDICAL,A,12000,7.14,0,0.13,N,8
29,67000,MORTGAGE,13,VENTURE,A,10000,7.14,0,0.15,N,8
29,79800,MORTGAGE,2,DEBTCONSOLIDATION,A,6000,7.14,0,0.08,N,8
29,90000,MORTGAGE,3,EDUCATION,A,15000,6.99,0,0.17,N,8
29,66500,OWN,4,VENTURE,A,12000,6.99,0,0.18,N,8
29,72000,MORTGAGE,6,EDUCATION,A,10800,6.99,0,0.15,N,8
29,130000,MORTGAGE,9,DEBTCONSOLIDATION,A,4200,6.99,0,0.03,N,8
29,100000,OWN,13,PERSONAL,A,10000,6.92,0,0.1,N,8
29,85000,RENT,3,EDUCATION,A,7000,6.92,0,0.08,N,8
29,44000,MORTGAGE,13,MEDICAL,A,24000,6.91,0,0.55,N,8
29,92700,MORTGAGE,2,VENTURE,A,24000,6.91,0,0.26,N,8
29,91560,MORTGAGE,8,DEBTCONSOLIDATION,A,22000,6.91,0,0.24,N,8
29,105000,MORTGAGE,3,VENTURE,A,20000,6.91,0,0.19,N,8
29,38000,RENT,13,DEBTCONSOLIDATION,A,15000,6.91,1,0.39,N,8
29,70000,OWN,13,VENTURE,A,13000,6.91,0,0.19,N,8
29,30000,RENT,7,HOMEIMPROVEMENT,A,9000,6.91,1,0.3,N,8
29,27000,RENT,8,MEDICAL,A,5000,6.76,0,0.19,N,8
29,58000,MORTGAGE,8,DEBTCONSOLIDATION,A,1800,6.76,0,0.03,N,8
29,60000,OWN,13,VENTURE,A,1000,6.76,0,0.02,N,8
29,92000,MORTGAGE,8,HOMEIMPROVEMENT,A,12000,6.62,0,0.13,N,8
29,32400,RENT,5,VENTURE,A,10275,6.62,1,0.32,N,8
29,62400,RENT,3,HOMEIMPROVEMENT,A,8000,6.62,0,0.13,N,8
29,115742,MORTGAGE,13,PERSONAL,A,7000,6.62,0,0.06,N,8
29,50000,MORTGAGE,0,PERSONAL,A,6300,6.62,0,0.13,N,8
29,36000,MORTGAGE,6,PERSONAL,A,8000,6.54,1,0.22,N,8
29,120000,MORTGAGE,13,VENTURE,A,10000,6.17,0,0.08,N,8
29,50400,RENT,6,DEBTCONSOLIDATION,A,7000,6.17,0,0.14,N,8
29,92000,MORTGAGE,4,HOMEIMPROVEMENT,A,14000,6.03,0,0.15,N,8
29,34000,RENT,2,DEBTCONSOLIDATION,B,6400,6,0,0.19,N,8
29,105000,RENT,6,HOMEIMPROVEMENT,A,30000,5.99,0,0.29,N,8
29,39000,MORTGAGE,12,PERSONAL,A,16000,5.99,0,0.41,N,8
29,39000,MORTGAGE,12,EDUCATION,A,16000,5.99,0,0.41,N,8
29,62000,MORTGAGE,5,DEBTCONSOLIDATION,A,10000,5.99,0,0.16,N,8
29,115000,RENT,5,HOMEIMPROVEMENT,A,7500,5.99,0,0.07,N,8
29,134000,MORTGAGE,9,DEBTCONSOLIDATION,A,6000,5.99,0,0.04,N,8
29,48000,MORTGAGE,4,HOMEIMPROVEMENT,A,5000,5.99,0,0.1,N,8
29,30720,RENT,2,MEDICAL,A,3500,5.99,0,0.11,N,8
29,33000,RENT,5,HOMEIMPROVEMENT,A,8000,5.79,1,0.24,N,8
29,41000,MORTGAGE,7,VENTURE,A,6000,5.79,0,0.15,N,8
29,29496,RENT,5,VENTURE,A,6000,5.79,0,0.2,N,8
29,30000,MORTGAGE,3,VENTURE,A,6000,5.79,0,0.2,N,8
29,72000,MORTGAGE,13,MEDICAL,A,7400,5.42,0,0.1,N,8
29,50000,OWN,6,MEDICAL,A,4000,5.42,0,0.08,N,8
29,37440,RENT,2,MEDICAL,A,3000,5.42,0,0.08,N,8
29,76000,MORTGAGE,4,HOMEIMPROVEMENT,E,20000,,1,0.26,Y,8
29,70000,MORTGAGE,3,DEBTCONSOLIDATION,B,20000,,0,0.29,N,8
29,56964,RENT,12,DEBTCONSOLIDATION,A,18000,,1,0.32,N,8
29,44000,RENT,14,EDUCATION,B,16000,,1,0.36,N,8
29,56500,MORTGAGE,13,MEDICAL,A,14750,,0,0.26,N,8
29,53000,RENT,6,DEBTCONSOLIDATION,C,12000,,0,0.23,N,8
29,87500,RENT,2,EDUCATION,B,11200,,0,0.13,N,8
29,32400,MORTGAGE,2,DEBTCONSOLIDATION,B,10625,,0,0.33,N,8
29,81400,MORTGAGE,13,EDUCATION,A,10000,,0,0.12,N,8
29,84000,MORTGAGE,8,VENTURE,A,10000,,0,0.12,N,8
29,38400,OWN,4,VENTURE,B,10000,,0,0.26,N,8
29,70000,RENT,1,HOMEIMPROVEMENT,A,10000,,0,0.14,N,8
29,72000,RENT,4,DEBTCONSOLIDATION,C,7800,,0,0.11,Y,8
29,76000,RENT,2,MEDICAL,B,7200,,0,0.09,N,8
29,160000,MORTGAGE,8,EDUCATION,A,7000,,0,0.04,N,8
29,56500,RENT,3,MEDICAL,B,7000,,1,0.12,N,8
29,43958,MORTGAGE,3,VENTURE,A,7000,,0,0.16,N,8
29,120000,MORTGAGE,2,PERSONAL,D,7000,,0,0.06,N,8
29,37000,RENT,1,MEDICAL,B,6500,,0,0.18,N,8
29,75000,MORTGAGE,7,EDUCATION,A,6125,,0,0.08,N,8
29,200000,MORTGAGE,9,MEDICAL,B,6000,,0,0.03,N,8
29,55000,MORTGAGE,9,HOMEIMPROVEMENT,A,5000,,0,0.09,N,8
29,70000,RENT,2,PERSONAL,A,4350,,0,0.06,N,8
29,39996,RENT,0,PERSONAL,C,4000,,0,0.1,Y,8
29,113000,MORTGAGE,5,PERSONAL,G,25000,18.84,1,0.22,Y,7
29,30000,RENT,1,HOMEIMPROVEMENT,E,6000,17.99,1,0.2,N,7
29,27911,RENT,1,MEDICAL,E,5000,17.51,1,0.18,N,7
29,47000,RENT,8,EDUCATION,D,6000,17.49,1,0.13,N,7
29,66000,MORTGAGE,4,DEBTCONSOLIDATION,E,8200,17.04,1,0.12,Y,7
29,30000,RENT,3,EDUCATION,E,10000,16.82,1,0.33,N,7
29,37100,MORTGAGE,9,PERSONAL,E,3000,16.82,0,0.08,N,7
29,103000,RENT,0,PERSONAL,D,7500,16.77,1,0.07,Y,7
29,33000,MORTGAGE,1,VENTURE,D,7100,16.77,0,0.22,N,7
29,126000,RENT,10,HOMEIMPROVEMENT,E,24250,16.7,0,0.19,Y,7
29,39000,RENT,2,PERSONAL,E,3000,16.7,1,0.08,Y,7
29,65000,RENT,4,PERSONAL,D,12000,16.49,0,0.18,N,7
29,52800,MORTGAGE,7,EDUCATION,D,25475,16.29,0,0.48,Y,7
29,42000,RENT,6,DEBTCONSOLIDATION,D,10800,16.29,1,0.26,Y,7
29,34000,OWN,2,VENTURE,E,14400,16,0,0.42,Y,7
29,33600,RENT,0,PERSONAL,D,9600,15.99,1,0.29,Y,7
29,44000,RENT,4,DEBTCONSOLIDATION,C,12000,15.96,1,0.27,Y,7
29,50000,RENT,1,MEDICAL,C,6500,15.96,0,0.13,N,7
29,60000,RENT,0,EDUCATION,C,6000,15.96,0,0.1,Y,7
29,48000,RENT,9,DEBTCONSOLIDATION,C,5600,15.96,0,0.12,Y,7
29,78996,RENT,0,HOMEIMPROVEMENT,D,15000,15.7,1,0.19,Y,7
29,32000,RENT,10,HOMEIMPROVEMENT,D,9250,15.65,1,0.29,N,7
29,450000,MORTGAGE,4,EDUCATION,D,25000,15.37,0,0.06,N,7
29,49000,RENT,2,DEBTCONSOLIDATION,D,12000,15.37,1,0.24,N,7
29,63000,RENT,5,PERSONAL,D,10000,15.33,0,0.16,Y,7
29,115000,MORTGAGE,3,MEDICAL,C,22000,15.23,0,0.19,Y,7
29,29000,RENT,3,VENTURE,C,5000,15.23,0,0.17,Y,7
29,60000,RENT,13,PERSONAL,C,2075,15.23,0,0.03,N,7
29,42000,RENT,2,HOMEIMPROVEMENT,D,10000,15.21,1,0.24,Y,7
29,51500,RENT,2,EDUCATION,D,3200,14.96,1,0.06,Y,7
29,26880,RENT,0,HOMEIMPROVEMENT,D,6000,14.84,1,0.22,N,7
29,62000,MORTGAGE,4,PERSONAL,D,3000,14.84,0,0.05,N,7
29,34000,RENT,13,MEDICAL,C,2000,14.72,0,0.06,Y,7
29,42000,RENT,6,PERSONAL,C,18000,14.65,1,0.43,N,7
29,40000,RENT,0,VENTURE,C,9250,14.65,0,0.23,N,7
29,46296,RENT,14,EDUCATION,D,8800,14.42,0,0.19,N,7
29,34500,MORTGAGE,4,MEDICAL,D,4500,14.42,1,0.13,N,7
29,26400,RENT,5,MEDICAL,C,7750,14.27,1,0.29,N,7
29,70000,MORTGAGE,11,EDUCATION,C,6000,14.27,0,0.09,Y,7
29,48000,OWN,0,VENTURE,C,6000,14.27,0,0.13,N,7
29,195000,MORTGAGE,5,VENTURE,C,3600,14.26,1,0.02,N,7
29,32000,RENT,3,MEDICAL,C,11500,14.22,1,0.36,N,7
29,134000,MORTGAGE,2,PERSONAL,C,8000,14.22,0,0.06,N,7
29,39000,RENT,1,HOMEIMPROVEMENT,D,10000,14.11,1,0.26,Y,7
29,21996,RENT,6,DEBTCONSOLIDATION,D,8500,14.11,1,0.39,Y,7
29,33996,RENT,13,EDUCATION,D,6000,14.09,0,0.18,N,7
29,20064,RENT,3,MEDICAL,C,4400,13.92,0,0.22,Y,7
29,77248,MORTGAGE,13,HOMEIMPROVEMENT,C,21600,13.85,0,0.28,Y,7
29,70000,MORTGAGE,5,DEBTCONSOLIDATION,C,10000,13.85,0,0.14,N,7
29,27000,RENT,4,VENTURE,C,7000,13.72,0,0.26,N,7
29,14500,RENT,1,EDUCATION,C,3600,13.61,1,0.25,Y,7
29,125000,MORTGAGE,4,MEDICAL,C,24000,13.49,0,0.19,N,7
29,50000,RENT,5,DEBTCONSOLIDATION,C,6000,13.49,0,0.12,Y,7
29,34444,RENT,5,EDUCATION,C,5600,13.49,0,0.16,Y,7
29,120000,MORTGAGE,7,VENTURE,C,12000,13.48,0,0.1,N,7
29,33996,RENT,11,EDUCATION,C,4000,13.47,1,0.12,N,7
29,73000,MORTGAGE,6,EDUCATION,D,21000,13.36,1,0.29,Y,7
29,56000,MORTGAGE,0,VENTURE,C,6000,13.23,0,0.11,Y,7
29,76596,MORTGAGE,14,HOMEIMPROVEMENT,C,17600,13.16,0,0.23,N,7
29,75000,MORTGAGE,8,PERSONAL,C,12000,13.16,1,0.16,Y,7
29,40000,RENT,1,HOMEIMPROVEMENT,C,10000,13.16,1,0.25,N,7
29,53000,MORTGAGE,13,DEBTCONSOLIDATION,C,10750,13.11,0,0.2,N,7
29,144000,MORTGAGE,4,DEBTCONSOLIDATION,C,5000,13.06,0,0.03,N,7
29,280000,MORTGAGE,6,VENTURE,C,15000,12.99,0,0.05,N,7
29,45000,RENT,0,MEDICAL,C,12000,12.99,0,0.27,Y,7
29,35000,OWN,11,MEDICAL,C,4200,12.99,0,0.12,Y,7
29,80000,MORTGAGE,13,HOMEIMPROVEMENT,C,16000,12.84,0,0.2,Y,7
29,28000,RENT,0,MEDICAL,C,10000,12.84,1,0.36,Y,7
29,38600,OWN,9,VENTURE,C,1600,12.84,0,0.04,Y,7
29,78000,MORTGAGE,13,VENTURE,C,10000,12.73,0,0.13,N,7
29,48000,MORTGAGE,5,EDUCATION,C,10000,12.73,0,0.21,Y,7
29,50000,RENT,4,VENTURE,C,5050,12.73,0,0.1,Y,7
29,55000,MORTGAGE,0,VENTURE,C,5000,12.73,1,0.09,Y,7
29,200000,RENT,14,EDUCATION,B,16000,12.69,0,0.08,N,7
29,200000,RENT,14,PERSONAL,B,16000,12.69,0,0.08,N,7
29,40000,RENT,3,MEDICAL,B,14150,12.69,1,0.35,N,7
29,45000,RENT,0,DEBTCONSOLIDATION,B,9000,12.69,0,0.2,N,7
29,75000,OWN,5,VENTURE,B,6000,12.69,0,0.08,N,7
29,9600,RENT,1,DEBTCONSOLIDATION,B,2600,12.69,1,0.27,N,7
29,60000,MORTGAGE,0,HOMEIMPROVEMENT,B,20000,12.53,0,0.33,N,7
29,84000,RENT,9,DEBTCONSOLIDATION,C,13000,12.53,0,0.15,Y,7
29,68500,RENT,4,VENTURE,B,10000,12.53,0,0.15,N,7
29,38004,RENT,2,PERSONAL,C,1500,12.53,1,0.04,Y,7
29,45000,RENT,4,VENTURE,B,10000,12.42,0,0.22,N,7
29,60000,RENT,3,DEBTCONSOLIDATION,B,8000,12.42,0,0.13,N,7
29,21864,RENT,1,PERSONAL,B,4000,12.42,0,0.18,N,7
29,40000,RENT,0,DEBTCONSOLIDATION,C,3600,12.23,0,0.09,Y,7
29,90000,MORTGAGE,13,DEBTCONSOLIDATION,B,10000,12.21,0,0.11,N,7
29,50000,OWN,8,VENTURE,B,9725,12.12,0,0.19,N,7
29,41200,RENT,3,EDUCATION,B,8000,11.99,0,0.19,N,7
29,27048,RENT,5,DEBTCONSOLIDATION,B,3500,11.99,0,0.13,N,7
29,68000,OTHER,0,VENTURE,B,16000,11.89,0,0.24,N,7
29,40000,MORTGAGE,13,PERSONAL,B,25000,11.86,0,0.63,N,7
29,159996,OWN,1,HOMEIMPROVEMENT,B,10000,11.86,0,0.06,N,7
29,47133,RENT,5,DEBTCONSOLIDATION,B,5100,11.86,0,0.11,N,7
29,47133,RENT,5,MEDICAL,B,5100,11.86,0,0.11,N,7
29,200004,MORTGAGE,0,DEBTCONSOLIDATION,B,19000,11.83,0,0.09,N,7
29,97000,OWN,3,MEDICAL,B,12000,11.83,0,0.12,N,7
29,135000,MORTGAGE,10,VENTURE,B,11000,11.83,0,0.08,N,7
29,80000,RENT,5,MEDICAL,B,12500,11.71,0,0.16,N,7
29,54000,RENT,12,PERSONAL,B,10000,11.71,1,0.19,N,7
29,21000,RENT,2,EDUCATION,B,8000,11.71,1,0.38,N,7
29,40800,RENT,,VENTURE,B,2700,11.71,0,0.07,N,7
29,20000,RENT,3,DEBTCONSOLIDATION,B,1200,11.71,1,0.06,N,7
29,50004,MORTGAGE,3,DEBTCONSOLIDATION,B,20000,11.58,0,0.4,N,7
29,92000,MORTGAGE,3,VENTURE,B,24000,11.49,0,0.26,N,7
29,72000,RENT,8,HOMEIMPROVEMENT,B,20400,11.49,0,0.28,N,7
29,95000,RENT,0,VENTURE,B,6000,11.49,0,0.06,N,7
29,59004,RENT,0,DEBTCONSOLIDATION,B,4800,11.49,1,0.08,N,7
29,50000,MORTGAGE,0,PERSONAL,B,3575,11.49,0,0.07,N,7
29,38400,RENT,4,VENTURE,B,3550,11.49,0,0.09,N,7
29,142000,OWN,14,EDUCATION,B,24250,11.48,0,0.17,N,7
29,55000,RENT,3,EDUCATION,B,14000,11.48,0,0.25,N,7
29,45204,RENT,8,MEDICAL,B,4000,11.48,0,0.09,N,7
29,96339,MORTGAGE,7,MEDICAL,B,15000,11.36,0,0.16,N,7
29,62500,MORTGAGE,13,DEBTCONSOLIDATION,B,5000,11.36,0,0.08,N,7
29,72000,RENT,3,MEDICAL,B,9500,11.26,0,0.13,N,7
29,150000,MORTGAGE,2,HOMEIMPROVEMENT,B,16000,11.14,0,0.11,N,7
29,200000,MORTGAGE,7,PERSONAL,B,14400,11.14,0,0.07,N,7
29,53590,MORTGAGE,2,HOMEIMPROVEMENT,B,11225,11.14,0,0.21,N,7
29,43000,RENT,1,MEDICAL,B,6000,11.14,0,0.14,N,7
29,33600,MORTGAGE,0,HOMEIMPROVEMENT,B,6000,11.12,0,0.18,N,7
29,62004,MORTGAGE,0,MEDICAL,B,12000,11.11,0,0.19,N,7
29,82000,MORTGAGE,5,MEDICAL,B,20000,10.99,0,0.24,N,7
29,290000,MORTGAGE,13,PERSONAL,B,13175,10.99,0,0.05,N,7
29,44000,MORTGAGE,3,EDUCATION,B,5500,10.99,0,0.13,N,7
29,35568,MORTGAGE,5,DEBTCONSOLIDATION,B,3975,10.99,0,0.11,N,7
29,36000,OWN,2,VENTURE,B,2500,10.99,0,0.07,N,7
29,30996,RENT,0,DEBTCONSOLIDATION,B,18000,10.75,1,0.58,N,7
29,22000,OWN,,PERSONAL,B,2400,10.75,0,0.11,N,7
29,30000,RENT,0,DEBTCONSOLIDATION,B,2000,10.75,0,0.07,N,7
29,48000,OWN,1,PERSONAL,B,1850,10.74,0,0.04,N,7
29,31400,RENT,3,MEDICAL,B,10400,10.71,1,0.33,N,7
29,215000,RENT,2,MEDICAL,B,8000,10.71,0,0.04,N,7
29,72000,MORTGAGE,3,MEDICAL,B,14000,10.65,0,0.19,N,7
29,165000,RENT,2,EDUCATION,B,7500,10.62,0,0.05,N,7
29,47000,RENT,2,PERSONAL,B,5000,10.62,0,0.11,N,7
29,108000,MORTGAGE,0,HOMEIMPROVEMENT,C,20000,10.59,0,0.19,Y,7
29,50000,MORTGAGE,5,PERSONAL,B,8000,10.37,0,0.16,N,7
29,126000,MORTGAGE,2,EDUCATION,B,6450,10.37,0,0.05,N,7
29,59000,RENT,3,DEBTCONSOLIDATION,B,6000,10.37,0,0.1,N,7
29,56000,RENT,7,DEBTCONSOLIDATION,B,3500,10.37,0,0.06,N,7
29,30000,RENT,0,PERSONAL,B,12000,10.36,1,0.4,N,7
29,47000,RENT,2,EDUCATION,B,7000,10.36,0,0.15,N,7
29,65000,MORTGAGE,5,MEDICAL,B,6000,10.36,0,0.09,N,7
29,37000,MORTGAGE,5,HOMEIMPROVEMENT,B,4800,10.36,0,0.13,N,7
29,47000,RENT,0,MEDICAL,B,3000,10.25,0,0.06,N,7
29,54000,RENT,1,HOMEIMPROVEMENT,B,2000,10.01,0,0.04,N,7
29,41004,RENT,6,PERSONAL,B,12000,10,0,0.29,N,7
29,45756,RENT,7,EDUCATION,B,7500,10,0,0.16,N,7
29,26004,RENT,5,EDUCATION,B,4000,10,1,0.15,N,7
29,24996,OWN,2,VENTURE,B,8000,9.99,0,0.32,N,7
29,50000,RENT,13,HOMEIMPROVEMENT,B,6000,9.99,0,0.12,N,7
29,60000,RENT,0,DEBTCONSOLIDATION,B,5600,9.99,0,0.09,N,7
29,24000,RENT,0,MEDICAL,B,1000,9.99,0,0.04,N,7
29,140000,OWN,5,VENTURE,B,27000,9.91,0,0.19,N,7
29,60000,RENT,7,MEDICAL,B,12000,9.91,0,0.2,N,7
29,120000,MORTGAGE,1,VENTURE,B,5000,9.91,0,0.04,N,7
29,125000,MORTGAGE,6,VENTURE,B,3400,9.91,0,0.03,N,7
29,45996,RENT,6,EDUCATION,B,3000,9.76,0,0.07,N,7
29,37000,RENT,4,HOMEIMPROVEMENT,A,12000,9.63,1,0.32,N,7
29,102000,OWN,10,MEDICAL,B,18000,9.33,0,0.18,N,7
29,54000,MORTGAGE,9,DEBTCONSOLIDATION,A,12000,9.32,0,0.22,N,7
29,54996,RENT,8,MEDICAL,A,9300,9.32,0,0.17,N,7
29,110000,MORTGAGE,0,VENTURE,A,15000,8.94,0,0.14,N,7
29,64500,RENT,5,MEDICAL,A,10000,8.94,0,0.16,N,7
29,66996,MORTGAGE,1,PERSONAL,A,9000,8.94,0,0.13,N,7
29,120000,MORTGAGE,2,EDUCATION,A,35000,8.9,0,0.29,N,7
29,55530,MORTGAGE,13,EDUCATION,A,18825,8.9,0,0.34,N,7
29,218000,MORTGAGE,12,EDUCATION,A,14400,8.9,0,0.07,N,7
29,33000,RENT,6,MEDICAL,A,5000,8.9,0,0.15,N,7
29,67171,RENT,13,MEDICAL,A,1600,8.9,0,0.02,N,7
29,70004,RENT,0,EDUCATION,B,12500,8.88,0,0.18,N,7
29,28000,RENT,8,PERSONAL,B,7800,8.88,0,0.28,N,7
29,50000,RENT,0,VENTURE,B,6000,8.88,0,0.12,N,7
29,102400,RENT,2,HOMEIMPROVEMENT,B,2000,8.88,0,0.02,N,7
29,153000,RENT,1,DEBTCONSOLIDATION,B,17600,8.7,0,0.12,N,7
29,33000,MORTGAGE,2,PERSONAL,A,16000,8.63,0,0.48,N,7
29,158000,OWN,13,VENTURE,A,11000,8.49,0,0.07,N,7
29,120000,OWN,4,VENTURE,A,7000,8.49,0,0.06,N,7
29,118400,MORTGAGE,11,EDUCATION,A,35000,7.9,0,0.3,N,7
29,52000,RENT,2,EDUCATION,A,12000,7.9,0,0.23,N,7
29,52044,MORTGAGE,12,EDUCATION,A,8875,7.9,1,0.17,N,7
29,35000,OWN,,HOMEIMPROVEMENT,A,8300,7.9,0,0.24,N,7
29,54000,RENT,2,DEBTCONSOLIDATION,A,6000,7.9,0,0.11,N,7
29,40000,RENT,4,VENTURE,A,5400,7.9,0,0.14,N,7
29,42500,RENT,9,VENTURE,A,15000,7.88,1,0.35,N,7
29,105000,MORTGAGE,13,HOMEIMPROVEMENT,A,12000,7.88,0,0.11,N,7
29,200000,MORTGAGE,4,MEDICAL,A,12000,7.88,0,0.06,N,7
29,61000,MORTGAGE,9,PERSONAL,A,9000,7.88,0,0.15,N,7
29,60000,MORTGAGE,3,PERSONAL,A,7200,7.88,0,0.12,N,7
29,68000,MORTGAGE,13,EDUCATION,A,10000,7.74,0,0.15,N,7
29,42000,MORTGAGE,9,HOMEIMPROVEMENT,A,2500,7.74,0,0.06,N,7
29,104000,MORTGAGE,6,HOMEIMPROVEMENT,A,18000,7.66,0,0.17,N,7
29,63533,RENT,0,PERSONAL,A,5400,7.66,0,0.08,N,7
29,66000,MORTGAGE,,PERSONAL,A,3000,7.66,0,0.05,N,7
29,58000,MORTGAGE,13,HOMEIMPROVEMENT,A,14000,7.51,0,0.24,N,7
29,60000,MORTGAGE,13,PERSONAL,A,13500,7.51,0,0.23,N,7
29,350000,MORTGAGE,13,DEBTCONSOLIDATION,A,12000,7.51,0,0.03,N,7
29,48000,RENT,13,PERSONAL,A,10000,7.51,0,0.21,N,7
29,94000,MORTGAGE,9,PERSONAL,A,10000,7.51,0,0.11,N,7
29,124000,MORTGAGE,13,MEDICAL,A,8100,7.51,0,0.07,N,7
29,63000,RENT,4,PERSONAL,A,6000,7.51,0,0.1,N,7
29,15000,OWN,5,PERSONAL,A,5000,7.51,1,0.33,N,7
29,72500,MORTGAGE,0,PERSONAL,A,30000,7.49,0,0.41,N,7
29,80000,MORTGAGE,14,HOMEIMPROVEMENT,A,25000,7.49,0,0.31,N,7
29,36000,RENT,6,VENTURE,A,12000,7.49,1,0.33,N,7
29,38400,RENT,14,EDUCATION,A,11000,7.49,0,0.29,N,7
29,59000,MORTGAGE,7,VENTURE,A,10000,7.49,0,0.17,N,7
29,105500,RENT,4,PERSONAL,A,8000,7.49,0,0.08,N,7
29,54000,MORTGAGE,8,MEDICAL,A,7500,7.49,1,0.14,N,7
29,8472,RENT,2,PERSONAL,A,3000,7.49,1,0.35,N,7
29,67992,MORTGAGE,0,HOMEIMPROVEMENT,A,2000,7.43,0,0.03,N,7
29,67992,MORTGAGE,0,VENTURE,A,2000,7.43,0,0.03,N,7
29,73000,RENT,2,HOMEIMPROVEMENT,A,8000,7.4,0,0.11,N,7
29,60000,MORTGAGE,4,DEBTCONSOLIDATION,A,12000,7.29,0,0.2,N,7
29,150000,MORTGAGE,4,MEDICAL,A,7200,7.29,0,0.05,N,7
29,80400,MORTGAGE,13,MEDICAL,A,8000,7.14,0,0.1,N,7
29,77000,MORTGAGE,3,PERSONAL,A,5000,7.14,0,0.06,N,7
29,43800,OWN,13,HOMEIMPROVEMENT,A,4800,7.05,0,0.11,N,7
29,60000,MORTGAGE,14,PERSONAL,A,20000,6.99,0,0.33,N,7
29,84000,MORTGAGE,11,MEDICAL,A,15000,6.99,0,0.18,N,7
29,40000,MORTGAGE,9,PERSONAL,A,5000,6.99,0,0.13,N,7
29,76176,MORTGAGE,12,MEDICAL,A,4800,6.99,0,0.06,N,7
29,100000,OWN,13,HOMEIMPROVEMENT,A,10000,6.92,0,0.1,N,7
29,60000,MORTGAGE,7,MEDICAL,A,8500,6.92,0,0.14,N,7
29,28800,RENT,2,EDUCATION,A,7225,6.92,0,0.25,N,7
29,99400,MORTGAGE,3,VENTURE,A,6000,6.92,0,0.06,N,7
29,16800,RENT,4,PERSONAL,A,5000,6.92,1,0.3,N,7
29,27996,RENT,4,MEDICAL,A,4000,6.92,0,0.14,N,7
29,76200,MORTGAGE,13,EDUCATION,A,20000,6.91,0,0.26,N,7
29,120000,RENT,3,EDUCATION,A,15000,6.91,0,0.13,N,7
29,126000,MORTGAGE,0,HOMEIMPROVEMENT,A,11000,6.91,0,0.09,N,7
29,48000,MORTGAGE,3,VENTURE,A,3250,6.76,0,0.07,N,7
29,57000,MORTGAGE,4,MEDICAL,A,2500,6.76,0,0.04,N,7
29,94000,MORTGAGE,13,PERSONAL,A,30000,6.62,0,0.32,N,7
29,105000,MORTGAGE,4,VENTURE,A,12000,6.62,0,0.11,N,7
29,62000,MORTGAGE,9,HOMEIMPROVEMENT,A,9000,6.62,0,0.15,N,7
29,36538,MORTGAGE,2,PERSONAL,A,2500,6.62,0,0.07,N,7
29,91440,RENT,13,HOMEIMPROVEMENT,A,23000,6.54,0,0.25,N,7
29,65004,MORTGAGE,7,EDUCATION,A,5000,6.17,0,0.08,N,7
29,62000,OWN,4,EDUCATION,A,15000,6.03,0,0.24,N,7
29,43108,RENT,7,VENTURE,A,7200,6.03,0,0.17,N,7
29,65000,MORTGAGE,,DEBTCONSOLIDATION,A,3000,6.03,0,0.05,N,7
29,74360,OWN,7,MEDICAL,A,8725,5.99,0,0.12,N,7
29,32000,MORTGAGE,13,HOMEIMPROVEMENT,A,8000,5.99,0,0.25,N,7
29,19200,RENT,1,PERSONAL,A,2000,5.99,1,0.1,N,7
29,125000,MORTGAGE,5,PERSONAL,A,12000,5.79,0,0.1,N,7
29,24000,OWN,11,VENTURE,A,10000,5.79,0,0.42,N,7
29,32997,RENT,7,DEBTCONSOLIDATION,A,10000,5.79,0,0.3,N,7
29,20000,OWN,1,EDUCATION,A,5000,5.79,0,0.25,N,7
29,48000,MORTGAGE,13,MEDICAL,A,4975,5.79,0,0.1,N,7
29,51540,MORTGAGE,3,DEBTCONSOLIDATION,A,4000,5.79,0,0.08,N,7
29,21996,OWN,7,PERSONAL,A,8300,5.42,0,0.38,N,7
29,52000,MORTGAGE,12,MEDICAL,A,5000,5.42,0,0.1,N,7
29,48000,MORTGAGE,8,MEDICAL,A,4500,5.42,0,0.09,N,7
29,66000,MORTGAGE,4,VENTURE,A,3000,5.42,0,0.05,N,7
29,124000,MORTGAGE,11,HOMEIMPROVEMENT,A,2000,5.42,0,0.02,N,7
29,35000,RENT,12,DEBTCONSOLIDATION,A,1800,5.42,0,0.05,N,7
29,225000,OWN,11,PERSONAL,B,24250,,0,0.11,N,7
29,53313,RENT,13,MEDICAL,B,19850,,1,0.37,N,7
29,108000,RENT,11,EDUCATION,B,16000,,1,0.15,N,7
29,63000,OWN,13,HOMEIMPROVEMENT,A,15000,,0,0.24,N,7
29,64548,MORTGAGE,3,MEDICAL,B,15000,,0,0.23,N,7
29,78000,OWN,13,VENTURE,A,14400,,0,0.18,N,7
29,68000,RENT,7,HOMEIMPROVEMENT,A,13000,,0,0.19,N,7
29,175000,MORTGAGE,2,MEDICAL,A,10000,,0,0.06,N,7
29,40000,RENT,7,VENTURE,A,9500,,0,0.24,N,7
29,62000,RENT,13,DEBTCONSOLIDATION,C,9000,,0,0.15,N,7
29,36000,RENT,0,VENTURE,A,8000,,0,0.22,N,7
29,22000,RENT,0,EDUCATION,B,8000,,1,0.36,N,7
29,121722,MORTGAGE,8,DEBTCONSOLIDATION,A,7200,,0,0.06,N,7
29,61240,MORTGAGE,4,VENTURE,D,7000,,0,0.11,Y,7
29,106300,MORTGAGE,9,PERSONAL,A,6000,,0,0.06,N,7
29,23000,RENT,2,MEDICAL,B,5000,,0,0.22,N,7
29,44400,MORTGAGE,,PERSONAL,A,5000,,0,0.11,N,7
29,100000,RENT,7,HOMEIMPROVEMENT,B,4000,,0,0.04,N,7
29,30000,MORTGAGE,3,MEDICAL,B,4000,,0,0.13,N,7
29,56000,RENT,0,PERSONAL,B,3200,,0,0.06,N,7
29,75840,OWN,5,HOMEIMPROVEMENT,G,25000,21.27,1,0.33,N,6
29,220000,OWN,1,PERSONAL,F,14725,19.41,0,0.07,N,6
29,114500,MORTGAGE,13,DEBTCONSOLIDATION,E,30000,19.29,1,0.26,N,6
29,33000,RENT,4,HOMEIMPROVEMENT,E,7650,19.29,1,0.23,Y,6
29,42000,RENT,4,VENTURE,G,1600,19.16,0,0.04,Y,6
29,62200,RENT,3,PERSONAL,E,12000,19.03,0,0.19,N,6
29,72000,RENT,3,HOMEIMPROVEMENT,E,4000,18.79,0,0.06,N,6
29,57000,RENT,5,EDUCATION,E,10000,18.64,0,0.18,Y,6
29,45000,MORTGAGE,4,PERSONAL,D,15000,18.49,0,0.33,N,6
29,45000,OWN,0,MEDICAL,D,10000,17.58,0,0.22,Y,6
29,45000,OWN,0,MEDICAL,D,10000,17.58,0,0.22,Y,6
29,65000,RENT,13,PERSONAL,D,16000,17.27,0,0.25,N,6
29,46000,RENT,11,MEDICAL,D,13250,17.27,1,0.29,Y,6
29,58650,MORTGAGE,5,MEDICAL,E,3000,17.19,1,0.04,N,6
29,83300,MORTGAGE,5,MEDICAL,E,5000,16.95,1,0.05,Y,6
29,110000,MORTGAGE,1,EDUCATION,E,12800,16.82,0,0.12,N,6
29,39960,MORTGAGE,13,EDUCATION,D,11000,16.49,0,0.28,N,6
29,138000,MORTGAGE,2,PERSONAL,E,24000,16.35,1,0.17,N,6
29,74000,MORTGAGE,3,EDUCATION,D,3000,16.32,1,0.04,N,6
29,163000,RENT,,VENTURE,D,4000,16.29,1,0.02,N,6
29,76000,MORTGAGE,13,HOMEIMPROVEMENT,F,20000,16.08,1,0.26,Y,6
29,42000,RENT,3,MEDICAL,D,5000,15.99,0,0.12,Y,6
29,78132,MORTGAGE,11,DEBTCONSOLIDATION,D,25000,15.33,1,0.32,Y,6
29,100000,MORTGAGE,3,PERSONAL,D,13000,15.33,0,0.13,N,6
29,65000,MORTGAGE,13,EDUCATION,D,10000,15.33,0,0.15,Y,6
29,113000,RENT,1,EDUCATION,D,25000,15.31,1,0.22,N,6
29,64000,RENT,3,EDUCATION,C,15000,15.27,1,0.23,N,6
29,18000,RENT,2,EDUCATION,C,3600,15.27,1,0.2,N,6
29,33000,RENT,0,EDUCATION,C,6000,15.23,0,0.18,N,6
29,80000,MORTGAGE,14,HOMEIMPROVEMENT,D,5000,15.21,0,0.06,N,6
29,60000,MORTGAGE,8,HOMEIMPROVEMENT,D,16000,14.96,0,0.27,Y,6
29,240000,MORTGAGE,11,PERSONAL,D,35000,14.91,0,0.15,N,6
29,33864,RENT,2,VENTURE,D,6000,14.91,1,0.18,Y,6
29,16800,RENT,9,HOMEIMPROVEMENT,D,2750,14.84,1,0.16,Y,6
29,70000,RENT,3,PERSONAL,D,25000,14.83,1,0.36,N,6
29,100000,MORTGAGE,1,PERSONAL,C,10000,14.79,0,0.1,N,6
29,46140,MORTGAGE,2,HOMEIMPROVEMENT,C,4800,14.72,0,0.1,Y,6
29,56033,MORTGAGE,7,VENTURE,C,16000,14.65,0,0.29,N,6
29,85155,RENT,13,HOMEIMPROVEMENT,D,20000,14.61,0,0.23,N,6
29,70000,RENT,13,PERSONAL,D,16000,14.42,0,0.23,Y,6
29,60000,OWN,13,MEDICAL,C,9600,14.35,0,0.16,Y,6
29,40000,MORTGAGE,5,DEBTCONSOLIDATION,C,4000,14.35,0,0.1,Y,6
29,45000,RENT,8,MEDICAL,C,18250,14.27,1,0.41,N,6
29,192000,MORTGAGE,6,VENTURE,C,15000,14.27,0,0.08,Y,6
29,70000,RENT,3,HOMEIMPROVEMENT,C,5600,14.27,0,0.08,Y,6
29,111740,MORTGAGE,4,PERSONAL,C,5000,14.27,0,0.04,Y,6
29,98000,MORTGAGE,11,DEBTCONSOLIDATION,C,1825,14.27,0,0.02,N,6
29,88000,RENT,8,DEBTCONSOLIDATION,C,17600,14.26,0,0.2,Y,6
29,60000,RENT,2,PERSONAL,C,12000,14.22,0,0.2,Y,6
29,120000,RENT,5,DEBTCONSOLIDATION,C,2500,14.22,0,0.02,Y,6
29,120000,OWN,11,DEBTCONSOLIDATION,D,5000,14.09,0,0.04,Y,6
29,49000,RENT,3,PERSONAL,C,6000,13.99,1,0.12,N,6
29,100000,RENT,0,PERSONAL,C,20000,13.98,0,0.2,Y,6
29,120000,MORTGAGE,2,PERSONAL,C,20000,13.92,0,0.17,N,6
29,88000,MORTGAGE,3,DEBTCONSOLIDATION,C,15000,13.85,0,0.17,Y,6
29,115000,MORTGAGE,11,EDUCATION,C,20000,13.79,0,0.17,Y,6
29,56200,RENT,0,EDUCATION,E,7725,13.75,1,0.14,N,6
29,51996,RENT,2,DEBTCONSOLIDATION,C,2000,13.72,0,0.04,Y,6
29,58500,RENT,1,MEDICAL,D,22000,13.67,1,0.38,N,6
29,74100,RENT,3,HOMEIMPROVEMENT,C,4500,13.61,0,0.06,Y,6
29,32000,RENT,6,DEBTCONSOLIDATION,C,10800,13.57,1,0.34,N,6
29,71500,RENT,2,MEDICAL,C,10000,13.57,0,0.14,N,6
29,60000,MORTGAGE,,HOMEIMPROVEMENT,C,14125,13.49,0,0.24,N,6
29,25000,OWN,5,VENTURE,C,10000,13.49,0,0.4,Y,6
29,62532,RENT,6,VENTURE,C,9000,13.49,0,0.14,N,6
29,118374,MORTGAGE,13,VENTURE,C,3500,13.49,0,0.03,Y,6
29,53200,MORTGAGE,7,HOMEIMPROVEMENT,C,1000,13.49,0,0.02,Y,6
29,31000,RENT,1,MEDICAL,C,6000,13.47,0,0.19,Y,6
29,71000,MORTGAGE,4,HOMEIMPROVEMENT,C,11000,13.43,0,0.15,Y,6
29,62000,RENT,4,DEBTCONSOLIDATION,C,2300,13.43,1,0.04,Y,6
29,27000,RENT,1,DEBTCONSOLIDATION,D,12000,13.24,1,0.44,Y,6
29,74000,RENT,3,EDUCATION,C,16000,13.11,1,0.22,Y,6
29,50004,MORTGAGE,1,HOMEIMPROVEMENT,C,1500,13.11,0,0.03,Y,6
29,280000,MORTGAGE,6,MEDICAL,C,15000,12.99,0,0.05,Y,6
29,117600,MORTGAGE,13,DEBTCONSOLIDATION,C,14400,12.99,0,0.12,Y,6
29,46500,MORTGAGE,1,EDUCATION,D,11000,12.99,1,0.24,Y,6
29,26000,RENT,2,VENTURE,C,1500,12.99,0,0.06,Y,6
29,32400,MORTGAGE,0,DEBTCONSOLIDATION,C,4000,12.98,0,0.12,Y,6
29,68000,MORTGAGE,14,PERSONAL,C,15000,12.73,0,0.22,Y,6
29,30000,RENT,5,HOMEIMPROVEMENT,B,8000,12.69,1,0.27,N,6
29,48000,MORTGAGE,1,VENTURE,C,7000,12.68,0,0.15,Y,6
29,49362,RENT,3,HOMEIMPROVEMENT,C,4500,12.61,1,0.09,N,6
29,34000,RENT,0,DEBTCONSOLIDATION,B,10000,12.53,1,0.29,N,6
29,120000,MORTGAGE,7,DEBTCONSOLIDATION,B,20000,12.42,0,0.17,N,6
29,170000,MORTGAGE,13,DEBTCONSOLIDATION,B,18000,12.42,0,0.11,N,6
29,210000,MORTGAGE,2,MEDICAL,B,14000,12.42,0,0.07,N,6
29,50700,RENT,5,HOMEIMPROVEMENT,B,12000,12.42,0,0.24,N,6
29,77800,RENT,2,HOMEIMPROVEMENT,B,9000,12.42,0,0.12,N,6
29,77800,RENT,2,VENTURE,B,9000,12.42,0,0.12,N,6
29,21000,RENT,7,EDUCATION,B,6000,12.42,0,0.29,N,6
29,38000,RENT,3,PERSONAL,C,15500,12.41,1,0.41,N,6
29,50000,OWN,8,HOMEIMPROVEMENT,B,9725,12.12,0,0.19,N,6
29,83000,RENT,13,EDUCATION,B,10000,11.99,0,0.12,N,6
29,69600,RENT,13,HOMEIMPROVEMENT,B,5600,11.99,0,0.08,N,6
29,98736,OWN,13,VENTURE,B,9000,11.89,0,0.09,N,6
29,40000,MORTGAGE,13,HOMEIMPROVEMENT,B,25000,11.86,0,0.63,N,6
29,39432,MORTGAGE,6,EDUCATION,B,8000,11.86,0,0.2,N,6
29,57312,RENT,3,DEBTCONSOLIDATION,B,5000,11.86,0,0.09,N,6
29,70000,MORTGAGE,7,MEDICAL,B,4000,11.86,0,0.06,N,6
29,84000,MORTGAGE,1,HOMEIMPROVEMENT,B,20000,11.83,0,0.24,N,6
29,33600,MORTGAGE,3,MEDICAL,B,12000,11.83,0,0.36,N,6
29,40000,RENT,12,DEBTCONSOLIDATION,B,16000,11.71,1,0.4,N,6
29,33000,MORTGAGE,8,EDUCATION,B,5600,11.71,1,0.17,N,6
29,58800,MORTGAGE,7,DEBTCONSOLIDATION,B,5000,11.71,1,0.09,N,6
29,25000,RENT,0,PERSONAL,B,4125,11.71,0,0.17,N,6
29,60000,RENT,1,HOMEIMPROVEMENT,C,9600,11.66,0,0.16,Y,6
29,90000,RENT,0,VENTURE,B,23475,11.58,0,0.26,N,6
29,55000,RENT,0,HOMEIMPROVEMENT,B,14000,11.58,0,0.25,N,6
29,74000,MORTGAGE,8,EDUCATION,B,25000,11.49,0,0.34,N,6
29,74000,MORTGAGE,8,EDUCATION,B,25000,11.49,0,0.34,N,6
29,84000,RENT,3,MEDICAL,B,6000,11.49,0,0.07,N,6
29,30000,RENT,3,MEDICAL,B,4400,11.49,0,0.15,N,6
29,50000,MORTGAGE,0,HOMEIMPROVEMENT,B,3575,11.49,0,0.07,N,6
29,14400,RENT,2,VENTURE,B,1400,11.49,0,0.1,N,6
29,28000,RENT,9,VENTURE,B,8400,11.48,0,0.3,N,6
29,33000,MORTGAGE,5,VENTURE,B,4200,11.36,0,0.13,N,6
29,31440,RENT,0,PERSONAL,C,3000,11.34,1,0.1,Y,6
29,74004,MORTGAGE,13,PERSONAL,B,13000,11.26,0,0.18,N,6
29,50000,RENT,2,DEBTCONSOLIDATION,B,10000,11.26,0,0.2,N,6
29,100000,OWN,0,VENTURE,B,15800,11.14,0,0.16,N,6
29,58656,OWN,0,EDUCATION,B,8000,11.14,0,0.14,N,6
29,40000,RENT,2,DEBTCONSOLIDATION,B,6000,11.14,0,0.15,N,6
29,70000,OTHER,1,PERSONAL,B,5000,11.14,0,0.07,N,6
29,12000,OWN,0,HOMEIMPROVEMENT,B,4500,11.14,1,0.38,N,6
29,24000,RENT,1,PERSONAL,B,3000,11.14,0,0.13,N,6
29,69996,RENT,0,EDUCATION,B,2400,11.11,0,0.03,N,6
29,69996,RENT,0,VENTURE,B,2400,11.11,0,0.03,N,6
29,72000,MORTGAGE,0,VENTURE,B,24000,10.99,0,0.33,N,6
29,80000,RENT,3,PERSONAL,B,21000,10.99,0,0.26,N,6
29,54000,RENT,0,EDUCATION,B,18000,10.99,1,0.33,N,6
29,300000,RENT,5,PERSONAL,B,4800,10.99,0,0.02,N,6
29,75000,MORTGAGE,11,HOMEIMPROVEMENT,B,4200,10.99,0,0.06,N,6
29,55000,MORTGAGE,11,MEDICAL,B,4000,10.99,0,0.07,N,6
29,42000,MORTGAGE,9,EDUCATION,B,8500,10.95,0,0.2,N,6
29,60000,RENT,4,HOMEIMPROVEMENT,B,5500,10.74,0,0.09,N,6
29,90000,MORTGAGE,14,EDUCATION,B,10000,10.65,0,0.11,N,6
29,120000,MORTGAGE,2,HOMEIMPROVEMENT,B,6900,10.65,0,0.06,N,6
29,48000,RENT,6,EDUCATION,B,6025,10.65,0,0.13,N,6
29,45000,OWN,4,VENTURE,B,20000,10.62,0,0.44,N,6
29,69000,MORTGAGE,13,MEDICAL,B,15000,10.62,0,0.22,N,6
29,36000,RENT,0,MEDICAL,B,14400,10.62,1,0.4,N,6
29,56700,OWN,14,MEDICAL,B,11000,10.62,0,0.19,N,6
29,87000,RENT,1,HOMEIMPROVEMENT,B,15000,10.59,0,0.17,N,6
29,193086,MORTGAGE,3,DEBTCONSOLIDATION,B,11125,10.59,0,0.06,N,6
29,186063,MORTGAGE,14,EDUCATION,B,25000,10.46,0,0.13,N,6
29,260000,MORTGAGE,0,HOMEIMPROVEMENT,B,20000,10.37,0,0.08,N,6
29,18000,RENT,,DEBTCONSOLIDATION,B,6400,10.37,1,0.36,N,6
29,57995,RENT,8,MEDICAL,B,5600,10.37,0,0.1,N,6
29,19200,RENT,4,PERSONAL,B,4000,10.37,1,0.21,N,6
29,19200,RENT,4,DEBTCONSOLIDATION,B,4000,10.37,1,0.21,N,6
29,110004,MORTGAGE,13,MEDICAL,B,12000,10.36,0,0.11,N,6
29,23520,RENT,0,PERSONAL,B,2400,10.36,0,0.1,N,6
29,55400,RENT,2,HOMEIMPROVEMENT,C,7000,10.28,0,0.13,Y,6
29,55400,RENT,2,HOMEIMPROVEMENT,C,7000,10.28,0,0.13,Y,6
29,99000,MORTGAGE,1,PERSONAL,B,6000,10.25,0,0.06,N,6
29,55000,MORTGAGE,4,PERSONAL,B,8000,10,0,0.15,N,6
29,125004,RENT,3,MEDICAL,B,7200,9.99,0,0.06,N,6
29,18000,RENT,4,HOMEIMPROVEMENT,B,6250,9.99,1,0.35,N,6
29,33000,RENT,4,VENTURE,B,6000,9.99,0,0.18,N,6
29,47340,RENT,5,DEBTCONSOLIDATION,B,2000,9.99,0,0.04,N,6
29,55000,RENT,3,PERSONAL,B,1200,9.99,0,0.02,N,6
29,54099,MORTGAGE,2,DEBTCONSOLIDATION,B,21000,9.96,0,0.39,N,6
29,57000,RENT,4,PERSONAL,B,15000,9.91,0,0.26,N,6
29,66000,MORTGAGE,10,DEBTCONSOLIDATION,B,7000,9.91,0,0.11,N,6
29,50000,OWN,3,MEDICAL,B,4200,9.91,0,0.08,N,6
29,58800,MORTGAGE,13,VENTURE,B,16000,9.88,0,0.27,N,6
29,120000,RENT,3,DEBTCONSOLIDATION,A,15000,9.63,0,0.13,N,6
29,125000,RENT,2,DEBTCONSOLIDATION,A,14000,9.63,0,0.11,N,6
29,75000,MORTGAGE,1,MEDICAL,A,12000,9.63,0,0.16,N,6
29,92004,MORTGAGE,12,VENTURE,B,10000,9.63,0,0.11,N,6
29,27000,RENT,2,EDUCATION,B,2725,9.63,0,0.1,N,6
29,64992,MORTGAGE,4,EDUCATION,B,2500,9.62,0,0.04,N,6
29,78000,MORTGAGE,7,HOMEIMPROVEMENT,A,18000,9.38,1,0.23,N,6
29,150000,MORTGAGE,12,PERSONAL,A,7000,9.32,0,0.05,N,6
29,39996,RENT,3,PERSONAL,A,7000,9.32,0,0.18,N,6
29,70500,RENT,5,PERSONAL,A,35000,8.9,1,0.5,N,6
29,84500,MORTGAGE,3,PERSONAL,A,35000,8.9,0,0.41,N,6
29,120000,MORTGAGE,2,DEBTCONSOLIDATION,A,35000,8.9,0,0.29,N,6
29,83000,MORTGAGE,13,HOMEIMPROVEMENT,A,7500,8.9,0,0.09,N,6
29,83000,MORTGAGE,13,DEBTCONSOLIDATION,A,7500,8.9,0,0.09,N,6
29,38000,MORTGAGE,5,EDUCATION,A,8000,8.59,0,0.21,N,6
29,158000,OWN,13,EDUCATION,A,11000,8.49,0,0.07,N,6
29,25000,MORTGAGE,5,DEBTCONSOLIDATION,A,7475,8.49,0,0.3,N,6
29,75000,RENT,2,MEDICAL,A,6000,8.49,0,0.08,N,6
29,75000,RENT,2,DEBTCONSOLIDATION,A,4000,8.49,0,0.05,N,6
29,52000,RENT,9,VENTURE,A,10000,8,0,0.19,N,6
29,51000,RENT,1,DEBTCONSOLIDATION,A,5000,8,0,0.1,N,6
29,55000,MORTGAGE,1,VENTURE,A,12625,7.9,0,0.23,N,6
29,35000,RENT,1,PERSONAL,A,10625,7.9,0,0.3,N,6
29,49668,RENT,4,DEBTCONSOLIDATION,A,10525,7.9,0,0.21,N,6
29,66000,RENT,4,VENTURE,A,10000,7.9,0,0.15,N,6
29,31000,MORTGAGE,1,DEBTCONSOLIDATION,A,9950,7.9,0,0.32,N,6
29,56400,RENT,1,DEBTCONSOLIDATION,A,3000,7.9,1,0.05,N,6
29,43738,RENT,1,MEDICAL,A,14000,7.88,1,0.32,N,6
29,32000,MORTGAGE,2,VENTURE,A,12000,7.88,0,0.38,N,6
29,35500,MORTGAGE,3,DEBTCONSOLIDATION,A,4000,7.88,0,0.11,N,6
29,60000,RENT,0,HOMEIMPROVEMENT,A,4000,7.88,0,0.07,N,6
29,27000,RENT,4,MEDICAL,A,2000,7.88,0,0.07,N,6
29,70000,RENT,6,EDUCATION,A,7000,7.74,0,0.1,N,6
29,65000,RENT,3,VENTURE,A,4000,7.74,0,0.06,N,6
29,120000,MORTGAGE,2,EDUCATION,A,5000,7.68,0,0.04,N,6
29,72000,MORTGAGE,9,HOMEIMPROVEMENT,A,1000,7.68,0,0.01,N,6
29,72000,RENT,4,EDUCATION,A,24000,7.66,1,0.33,N,6
29,24000,OWN,3,PERSONAL,A,7200,7.51,0,0.3,N,6
29,64000,RENT,3,DEBTCONSOLIDATION,A,7000,7.51,0,0.11,N,6
29,40000,MORTGAGE,13,PERSONAL,A,6400,7.51,0,0.16,N,6
29,89000,RENT,1,EDUCATION,A,28800,7.49,1,0.32,N,6
29,55000,MORTGAGE,5,PERSONAL,A,12000,7.49,0,0.22,N,6
29,100000,MORTGAGE,5,PERSONAL,A,10000,7.49,0,0.1,N,6
29,35000,RENT,0,VENTURE,A,3200,7.49,0,0.09,N,6
29,120000,MORTGAGE,8,VENTURE,A,5000,7.43,0,0.04,N,6
29,44000,RENT,8,VENTURE,A,11000,7.29,0,0.25,N,6
29,31500,RENT,11,EDUCATION,A,10000,7.29,1,0.32,N,6
29,65000,MORTGAGE,2,DEBTCONSOLIDATION,A,7000,7.29,0,0.11,N,6
29,103000,MORTGAGE,13,MEDICAL,A,4500,7.29,0,0.04,N,6
29,50000,RENT,6,MEDICAL,A,3000,7.29,0,0.06,N,6
29,46873,MORTGAGE,9,PERSONAL,A,11200,7.14,0,0.24,N,6
29,67000,MORTGAGE,13,HOMEIMPROVEMENT,A,10000,7.14,0,0.15,N,6
29,136000,RENT,0,DEBTCONSOLIDATION,A,10000,7.14,0,0.07,N,6
29,36000,OWN,4,HOMEIMPROVEMENT,A,5300,7.14,0,0.15,N,6
29,120000,MORTGAGE,10,PERSONAL,A,4700,7.14,0,0.04,N,6
29,175000,MORTGAGE,8,VENTURE,A,2500,7.14,0,0.01,N,6
29,60000,MORTGAGE,7,PERSONAL,A,8500,6.92,0,0.14,N,6
29,144000,MORTGAGE,13,VENTURE,A,16000,6.62,0,0.11,N,6
29,52833,MORTGAGE,7,VENTURE,A,12250,6.62,0,0.23,N,6
29,92000,MORTGAGE,8,HOMEIMPROVEMENT,A,12000,6.62,0,0.13,N,6
29,56048,RENT,4,PERSONAL,A,4800,6.39,0,0.09,N,6
29,146000,MORTGAGE,12,MEDICAL,A,3800,6.39,0,0.03,N,6
29,69996,MORTGAGE,11,EDUCATION,A,3400,6.39,0,0.05,N,6
29,32000,MORTGAGE,13,PERSONAL,A,8000,5.99,0,0.25,N,6
29,36000,RENT,4,EDUCATION,A,6000,5.99,0,0.17,N,6
29,35000,RENT,1,MEDICAL,A,4000,5.99,0,0.11,N,6
29,105000,MORTGAGE,,HOMEIMPROVEMENT,A,3000,5.99,0,0.03,N,6
29,19200,RENT,1,DEBTCONSOLIDATION,A,2000,5.99,1,0.1,N,6
29,180000,MORTGAGE,9,PERSONAL,A,15000,5.79,0,0.08,N,6
29,60000,MORTGAGE,1,HOMEIMPROVEMENT,A,10000,5.79,0,0.17,N,6
29,52000,RENT,3,VENTURE,A,8400,5.79,0,0.16,N,6
29,30000,MORTGAGE,3,HOMEIMPROVEMENT,A,6000,5.79,0,0.2,N,6
29,48712,MORTGAGE,13,VENTURE,A,11050,5.42,0,0.23,N,6
29,480000,MORTGAGE,6,MEDICAL,A,6500,5.42,0,0.01,N,6
29,53000,RENT,0,HOMEIMPROVEMENT,A,5000,5.42,0,0.09,N,6
29,43200,OWN,13,PERSONAL,A,4625,5.42,0,0.11,N,6
29,48000,MORTGAGE,8,VENTURE,A,4500,5.42,0,0.09,N,6
29,24960,RENT,13,VENTURE,A,4000,5.42,0,0.16,N,6
29,27996,OWN,5,HOMEIMPROVEMENT,A,1800,5.42,0,0.06,N,6
29,74000,RENT,2,DEBTCONSOLIDATION,D,30750,,1,0.42,N,6
29,92000,MORTGAGE,6,EDUCATION,B,24000,,0,0.26,N,6
29,180000,MORTGAGE,2,VENTURE,A,20000,,0,0.11,N,6
29,36000,MORTGAGE,2,PERSONAL,D,20000,,0,0.56,N,6
29,105996,MORTGAGE,0,DEBTCONSOLIDATION,B,19400,,0,0.18,N,6
29,58000,MORTGAGE,9,EDUCATION,B,15900,,0,0.27,N,6
29,96000,MORTGAGE,4,DEBTCONSOLIDATION,C,15000,,0,0.16,N,6
29,106800,RENT,0,DEBTCONSOLIDATION,A,15000,,0,0.14,N,6
29,114000,MORTGAGE,11,MEDICAL,A,14000,,0,0.12,N,6
29,190000,MORTGAGE,3,EDUCATION,B,14000,,0,0.07,N,6
29,140000,MORTGAGE,13,VENTURE,A,12600,,0,0.09,N,6
29,81000,MORTGAGE,5,DEBTCONSOLIDATION,E,12000,,1,0.15,N,6
29,24000,MORTGAGE,7,MEDICAL,A,10000,,0,0.42,N,6
29,36000,RENT,5,PERSONAL,C,10000,,0,0.28,Y,6
29,72000,OWN,1,EDUCATION,C,10000,,0,0.14,N,6
29,64000,RENT,3,DEBTCONSOLIDATION,D,9000,,1,0.14,Y,6
29,75000,MORTGAGE,2,PERSONAL,A,9000,,0,0.12,N,6
29,85200,MORTGAGE,5,MEDICAL,C,8900,,0,0.1,Y,6
29,50000,RENT,3,DEBTCONSOLIDATION,B,7000,,0,0.14,N,6
29,70000,RENT,4,EDUCATION,E,5000,,0,0.07,N,6
29,50000,MORTGAGE,2,MEDICAL,A,5000,,0,0.1,N,6
29,42000,RENT,1,PERSONAL,A,5000,,0,0.12,N,6
29,64744,RENT,13,EDUCATION,B,4800,,0,0.07,N,6
29,41700,RENT,0,EDUCATION,A,4500,,0,0.11,N,6
29,30000,MORTGAGE,3,EDUCATION,B,4000,,0,0.13,N,6
29,30000,RENT,3,DEBTCONSOLIDATION,C,3000,,1,0.1,Y,6
29,31200,RENT,0,PERSONAL,C,3000,,0,0.1,Y,6
29,38000,MORTGAGE,0,HOMEIMPROVEMENT,C,2450,,0,0.06,Y,6
29,45000,RENT,5,MEDICAL,C,2400,,0,0.05,N,6
29,31632,RENT,2,PERSONAL,B,2100,,0,0.07,N,6
29,17000,RENT,0,EDUCATION,C,1450,,0,0.09,N,6
29,59000,RENT,4,VENTURE,G,20000,20.17,1,0.34,Y,5
29,37200,RENT,3,DEBTCONSOLIDATION,E,3000,19.29,1,0.08,Y,5
29,54000,OWN,11,MEDICAL,E,20000,18.79,1,0.37,Y,5
29,30000,RENT,,PERSONAL,E,10200,17.99,1,0.34,N,5
29,61200,MORTGAGE,2,MEDICAL,F,15000,17.58,1,0.21,N,5
29,34000,MORTGAGE,0,MEDICAL,D,10200,17.27,1,0.3,Y,5
29,54000,MORTGAGE,1,VENTURE,D,10000,16.89,0,0.19,N,5
29,31100,MORTGAGE,9,DEBTCONSOLIDATION,E,3000,16.82,1,0.1,Y,5
29,145000,MORTGAGE,0,VENTURE,D,14000,16.77,0,0.1,Y,5
29,32000,RENT,5,PERSONAL,D,9000,16.77,0,0.28,N,5
29,52000,RENT,13,PERSONAL,D,7000,16.77,0,0.13,N,5
29,150000,RENT,9,HOMEIMPROVEMENT,E,15000,16.32,0,0.1,Y,5
29,126000,MORTGAGE,5,VENTURE,D,7000,16.02,0,0.06,N,5
29,44400,RENT,2,HOMEIMPROVEMENT,D,12000,15.99,1,0.27,N,5
29,39000,RENT,0,VENTURE,D,4000,15.99,1,0.1,Y,5
29,42996,RENT,5,VENTURE,C,6000,15.96,1,0.14,N,5
29,32108,RENT,4,VENTURE,E,2500,15.68,1,0.08,Y,5
29,54000,MORTGAGE,8,VENTURE,D,14800,15.31,1,0.27,Y,5
29,115000,OWN,12,EDUCATION,D,35000,15.28,0,0.3,Y,5
29,60000,MORTGAGE,0,PERSONAL,E,10000,15.25,0,0.17,Y,5
29,33000,RENT,2,EDUCATION,C,1700,15.23,0,0.05,Y,5
29,92200,RENT,7,VENTURE,D,25000,14.96,0,0.27,N,5
29,84000,MORTGAGE,6,DEBTCONSOLIDATION,D,8000,14.96,1,0.1,N,5
29,136000,MORTGAGE,4,DEBTCONSOLIDATION,D,7775,14.96,1,0.06,Y,5
29,31836,RENT,2,EDUCATION,D,6400,14.96,1,0.2,Y,5
29,42000,RENT,0,VENTURE,D,5000,14.96,1,0.12,Y,5
29,75000,RENT,0,PERSONAL,C,5400,14.79,0,0.07,N,5
29,44000,MORTGAGE,9,DEBTCONSOLIDATION,D,10000,14.74,1,0.23,N,5
29,44991,MORTGAGE,13,MEDICAL,C,5000,14.72,0,0.11,Y,5
29,34000,RENT,13,VENTURE,C,2000,14.72,0,0.06,N,5
29,82000,OWN,5,PERSONAL,C,21000,14.65,0,0.26,Y,5
29,112000,MORTGAGE,3,PERSONAL,D,25000,14.61,0,0.22,N,5
29,69000,RENT,5,PERSONAL,D,11000,14.61,0,0.16,Y,5
29,25400,RENT,1,EDUCATION,D,7500,14.59,1,0.3,Y,5
29,105000,MORTGAGE,11,HOMEIMPROVEMENT,D,15000,14.42,0,0.14,Y,5
29,46000,MORTGAGE,3,HOMEIMPROVEMENT,C,7500,14.35,0,0.16,Y,5
29,48000,MORTGAGE,3,PERSONAL,C,17375,14.27,0,0.36,Y,5
29,36100,MORTGAGE,2,PERSONAL,C,14000,14.27,0,0.39,N,5
29,52000,RENT,3,DEBTCONSOLIDATION,C,10800,14.27,0,0.21,N,5
29,40000,RENT,2,VENTURE,C,9000,14.27,0,0.23,Y,5
29,64548,RENT,1,PERSONAL,C,1000,14.27,0,0.02,Y,5
29,130000,RENT,1,EDUCATION,C,10000,14.26,0,0.08,N,5
29,50000,MORTGAGE,5,DEBTCONSOLIDATION,C,3250,14.26,0,0.07,N,5
29,40000,MORTGAGE,9,EDUCATION,C,1400,14.26,0,0.04,Y,5
29,244800,RENT,8,MEDICAL,D,8000,14.09,1,0.03,N,5
29,120000,OWN,11,PERSONAL,D,5000,14.09,0,0.04,Y,5
29,89849,MORTGAGE,13,EDUCATION,C,6000,13.98,0,0.07,Y,5
29,48504,RENT,0,DEBTCONSOLIDATION,C,5000,13.98,0,0.1,Y,5
29,70000,RENT,2,MEDICAL,C,20000,13.85,0,0.29,N,5
29,96050,MORTGAGE,7,MEDICAL,C,15200,13.85,1,0.13,Y,5
29,80000,RENT,13,MEDICAL,C,15000,13.72,0,0.19,Y,5
29,32000,RENT,6,MEDICAL,C,10800,13.57,1,0.34,N,5
29,60000,MORTGAGE,,PERSONAL,C,14125,13.49,0,0.24,N,5
29,25000,OWN,5,MEDICAL,C,10000,13.49,0,0.4,Y,5
29,118374,MORTGAGE,13,HOMEIMPROVEMENT,C,3500,13.49,0,0.03,N,5
29,45000,MORTGAGE,4,HOMEIMPROVEMENT,C,14000,13.48,0,0.31,Y,5
29,125000,MORTGAGE,2,HOMEIMPROVEMENT,C,8500,13.47,0,0.07,Y,5
29,160000,MORTGAGE,9,PERSONAL,C,14700,13.43,0,0.09,Y,5
29,89520,OWN,13,EDUCATION,C,8000,13.23,0,0.09,Y,5
29,35000,RENT,4,DEBTCONSOLIDATION,C,15000,13.22,1,0.43,N,5
29,58000,RENT,4,MEDICAL,C,15000,13.16,0,0.26,Y,5
29,71000,RENT,1,HOMEIMPROVEMENT,C,12000,13.16,0,0.17,Y,5
29,74000,RENT,3,HOMEIMPROVEMENT,C,16000,13.11,1,0.22,Y,5
29,42000,RENT,13,PERSONAL,C,9000,13.06,0,0.21,N,5
29,160000,RENT,0,DEBTCONSOLIDATION,C,15000,13.04,0,0.09,N,5
29,170000,MORTGAGE,7,PERSONAL,C,35000,12.99,0,0.21,Y,5
29,180000,MORTGAGE,13,DEBTCONSOLIDATION,C,12000,12.99,0,0.07,Y,5
29,120000,RENT,1,MEDICAL,C,17500,12.87,0,0.15,N,5
29,60000,MORTGAGE,7,DEBTCONSOLIDATION,C,15000,12.87,0,0.25,N,5
29,30000,RENT,2,EDUCATION,C,6400,12.87,0,0.21,N,5
29,29004,RENT,8,EDUCATION,C,6000,12.87,0,0.21,N,5
29,39996,RENT,3,MEDICAL,C,7000,12.84,0,0.18,N,5
29,14400,RENT,2,PERSONAL,C,7000,12.84,1,0.49,N,5
29,69000,MORTGAGE,2,HOMEIMPROVEMENT,D,25000,12.8,1,0.36,Y,5
29,53000,RENT,7,VENTURE,C,9600,12.73,0,0.18,N,5
29,420000,MORTGAGE,5,DEBTCONSOLIDATION,C,8000,12.73,0,0.02,N,5
29,50000,RENT,4,DEBTCONSOLIDATION,C,5050,12.73,0,0.1,N,5
29,40000,RENT,3,MEDICAL,B,14150,12.69,1,0.35,N,5
29,45000,RENT,9,PERSONAL,B,14000,12.69,1,0.31,N,5
29,39000,RENT,2,PERSONAL,B,6000,12.69,1,0.15,N,5
29,42000,RENT,5,MEDICAL,B,3000,12.69,0,0.07,N,5
29,18000,RENT,2,VENTURE,B,3000,12.69,1,0.17,N,5
29,75000,RENT,4,HOMEIMPROVEMENT,C,4000,12.68,0,0.05,N,5
29,42000,RENT,6,DEBTCONSOLIDATION,D,3500,12.67,1,0.08,N,5
29,63996,OWN,8,PERSONAL,C,12000,12.61,0,0.19,N,5
29,88000,RENT,6,EDUCATION,C,12000,12.53,0,0.14,N,5
29,37000,RENT,1,MEDICAL,C,10000,12.53,0,0.27,N,5
29,70000,RENT,9,PERSONAL,B,8000,12.53,0,0.11,N,5
29,97000,MORTGAGE,2,VENTURE,C,10000,12.23,0,0.1,Y,5
29,45000,OWN,8,PERSONAL,B,8000,12.21,0,0.18,N,5
29,188000,RENT,0,HOMEIMPROVEMENT,B,25000,12.18,1,0.13,N,5
29,45000,RENT,0,MEDICAL,B,8000,12.18,0,0.18,N,5
29,14573,RENT,6,HOMEIMPROVEMENT,B,5000,12.18,1,0.34,N,5
29,27000,RENT,10,HOMEIMPROVEMENT,D,3975,12.17,1,0.15,N,5
29,100000,MORTGAGE,7,MEDICAL,C,15000,12.04,0,0.15,N,5
29,48000,MORTGAGE,3,EDUCATION,B,9000,11.99,0,0.19,N,5
29,75000,MORTGAGE,9,PERSONAL,B,8000,11.99,0,0.11,N,5
29,41000,OWN,6,MEDICAL,B,5000,11.99,0,0.12,N,5
29,60000,RENT,11,EDUCATION,C,10000,11.97,0,0.17,N,5
29,48000,MORTGAGE,2,VENTURE,C,5000,11.97,0,0.1,Y,5
29,70000,MORTGAGE,7,MEDICAL,B,4000,11.86,0,0.06,N,5
29,84000,MORTGAGE,1,HOMEIMPROVEMENT,B,20000,11.83,0,0.24,N,5
29,97000,OWN,3,VENTURE,B,12000,11.83,0,0.12,N,5
29,63500,RENT,4,DEBTCONSOLIDATION,B,1600,11.83,0,0.03,N,5
29,120000,MORTGAGE,3,EDUCATION,B,20000,11.71,0,0.17,N,5
29,26000,OWN,5,VENTURE,B,4500,11.71,0,0.17,N,5
29,20000,RENT,0,DEBTCONSOLIDATION,C,1200,11.54,0,0.06,N,5
29,120000,MORTGAGE,1,VENTURE,B,23000,11.49,0,0.19,N,5
29,72000,MORTGAGE,3,MEDICAL,B,12000,11.49,0,0.17,N,5
29,56000,MORTGAGE,4,MEDICAL,B,8000,11.49,1,0.14,N,5
29,46000,MORTGAGE,3,VENTURE,B,6000,11.49,0,0.13,N,5
29,49349,MORTGAGE,13,DEBTCONSOLIDATION,B,4000,11.49,0,0.08,N,5
29,58327,RENT,4,VENTURE,B,9600,11.48,0,0.16,N,5
29,76000,RENT,2,HOMEIMPROVEMENT,B,8000,11.36,0,0.11,N,5
29,62500,MORTGAGE,13,MEDICAL,B,5000,11.36,0,0.08,N,5
29,38000,RENT,0,MEDICAL,B,5000,11.36,0,0.13,N,5
29,46344,RENT,0,EDUCATION,B,3500,11.36,0,0.08,N,5
29,25368,RENT,0,HOMEIMPROVEMENT,C,10000,11.34,1,0.39,N,5
29,60000,RENT,4,VENTURE,B,8000,11.14,0,0.13,N,5
29,69000,OWN,11,PERSONAL,B,6000,11.12,0,0.09,N,5
29,107000,MORTGAGE,3,PERSONAL,B,25000,10.99,0,0.23,N,5
29,87000,MORTGAGE,4,HOMEIMPROVEMENT,B,15000,10.99,0,0.17,N,5
29,18000,RENT,5,VENTURE,B,7000,10.99,1,0.39,N,5
29,94000,MORTGAGE,13,MEDICAL,B,4800,10.99,0,0.05,N,5
29,160800,RENT,3,VENTURE,B,4800,10.99,0,0.03,N,5
29,70000,RENT,0,PERSONAL,B,4000,10.99,0,0.06,N,5
29,62400,RENT,0,HOMEIMPROVEMENT,B,3500,10.99,0,0.06,N,5
29,50000,MORTGAGE,11,HOMEIMPROVEMENT,C,4000,10.78,0,0.08,N,5
29,175000,RENT,1,PERSONAL,B,25000,10.74,0,0.14,N,5
29,75000,RENT,6,HOMEIMPROVEMENT,B,6500,10.74,0,0.09,N,5
29,117000,RENT,6,EDUCATION,B,21000,10.65,0,0.18,N,5
29,68000,RENT,1,MEDICAL,B,10000,10.65,0,0.15,N,5
29,68000,RENT,1,EDUCATION,B,10000,10.65,0,0.15,N,5
29,91500,RENT,2,MEDICAL,B,4500,10.65,0,0.05,N,5
29,45000,OWN,0,EDUCATION,B,6800,10.62,0,0.15,N,5
29,95000,RENT,1,PERSONAL,B,10000,10.38,0,0.11,N,5
29,200000,RENT,2,DEBTCONSOLIDATION,B,15000,10.37,0,0.07,N,5
29,220000,MORTGAGE,13,DEBTCONSOLIDATION,B,8500,10.37,0,0.04,N,5
29,18000,RENT,,VENTURE,B,6400,10.37,1,0.36,N,5
29,50000,RENT,11,EDUCATION,B,5000,10.37,0,0.1,N,5
29,37500,RENT,7,PERSONAL,B,3300,10.37,0,0.09,N,5
29,45600,MORTGAGE,7,VENTURE,B,9600,10.36,0,0.21,N,5
29,98000,MORTGAGE,13,HOMEIMPROVEMENT,B,14000,10.25,0,0.14,N,5
29,99000,MORTGAGE,1,HOMEIMPROVEMENT,B,6000,10.25,0,0.06,N,5
29,25200,RENT,3,MEDICAL,B,1000,10.25,0,0.04,N,5
29,42000,RENT,1,MEDICAL,B,11300,9.99,0,0.27,N,5
29,163000,RENT,4,DEBTCONSOLIDATION,B,25000,9.91,0,0.15,N,5
29,57600,RENT,1,EDUCATION,B,6000,9.91,0,0.1,N,5
29,50000,OWN,3,HOMEIMPROVEMENT,B,4200,9.91,0,0.08,N,5
29,74000,RENT,11,DEBTCONSOLIDATION,B,1000,9.91,0,0.01,N,5
29,96000,MORTGAGE,5,HOMEIMPROVEMENT,B,12000,9.88,0,0.13,N,5
29,72000,RENT,1,VENTURE,B,6000,9.63,0,0.08,N,5
29,54996,RENT,8,DEBTCONSOLIDATION,A,3600,9.63,0,0.07,N,5
29,445000,MORTGAGE,3,PERSONAL,B,25000,9.62,0,0.06,N,5
29,65061,MORTGAGE,13,PERSONAL,B,12000,9.62,0,0.18,N,5
29,25000,OWN,9,HOMEIMPROVEMENT,B,2500,9.62,0,0.1,N,5
29,108000,MORTGAGE,9,HOMEIMPROVEMENT,A,11400,9.32,0,0.11,N,5
29,57000,MORTGAGE,13,HOMEIMPROVEMENT,A,6000,9.32,0,0.11,N,5
29,30000,RENT,3,VENTURE,A,5000,9.32,0,0.17,N,5
29,119604,MORTGAGE,0,DEBTCONSOLIDATION,A,5000,9.32,0,0.04,N,5
29,17004,RENT,8,HOMEIMPROVEMENT,A,2200,9.32,1,0.13,N,5
29,50000,RENT,13,VENTURE,A,12000,8.94,0,0.24,N,5
29,47500,RENT,0,PERSONAL,A,12000,8.94,0,0.25,N,5
29,71000,RENT,4,DEBTCONSOLIDATION,A,9700,8.94,0,0.14,N,5
29,87000,MORTGAGE,6,VENTURE,A,4800,8.94,0,0.06,N,5
29,68000,MORTGAGE,14,EDUCATION,A,20000,8.9,0,0.29,N,5
29,35000,RENT,3,MEDICAL,B,7000,8.88,0,0.2,N,5
29,60000,RENT,4,DEBTCONSOLIDATION,A,10000,8.59,0,0.17,N,5
29,40000,RENT,1,DEBTCONSOLIDATION,A,3600,8.59,0,0.09,N,5
29,40000,RENT,7,PERSONAL,A,11450,8.49,0,0.29,N,5
29,37500,RENT,0,VENTURE,A,11000,8.49,0,0.29,N,5
29,39000,MORTGAGE,6,MEDICAL,A,7100,8.32,0,0.18,N,5
29,20000,OWN,0,VENTURE,A,3000,8,0,0.15,N,5
29,42108,OWN,0,EDUCATION,A,2500,8,0,0.06,N,5
29,25000,MORTGAGE,,EDUCATION,A,8500,7.9,0,0.34,N,5
29,28800,RENT,1,VENTURE,A,1400,7.9,0,0.05,N,5
29,140000,MORTGAGE,4,MEDICAL,A,24000,7.88,0,0.17,N,5
29,74872,RENT,4,PERSONAL,A,15000,7.88,0,0.2,N,5
29,56000,MORTGAGE,8,VENTURE,A,13000,7.88,0,0.23,N,5
29,85000,MORTGAGE,2,PERSONAL,A,10000,7.88,0,0.12,N,5
29,73000,RENT,2,EDUCATION,A,9200,7.88,0,0.13,N,5
29,66352,MORTGAGE,5,HOMEIMPROVEMENT,A,7000,7.88,0,0.11,N,5
29,28800,RENT,5,PERSONAL,A,4500,7.88,0,0.16,N,5
29,60000,RENT,0,VENTURE,A,4000,7.88,0,0.07,N,5
29,35000,RENT,1,MEDICAL,A,17475,7.66,1,0.5,N,5
29,37000,OWN,2,EDUCATION,A,2800,7.66,0,0.08,N,5
29,69000,MORTGAGE,5,HOMEIMPROVEMENT,A,14000,7.51,0,0.2,N,5
29,60000,RENT,2,HOMEIMPROVEMENT,A,14000,7.51,0,0.23,N,5
29,60000,MORTGAGE,13,MEDICAL,A,13500,7.51,0,0.23,N,5
29,62000,MORTGAGE,6,VENTURE,A,12000,7.51,0,0.19,N,5
29,75000,OWN,3,HOMEIMPROVEMENT,A,12000,7.51,0,0.16,N,5
29,88000,RENT,7,HOMEIMPROVEMENT,A,10000,7.51,0,0.11,N,5
29,32000,MORTGAGE,5,MEDICAL,A,3100,7.51,1,0.1,N,5
29,63000,RENT,13,MEDICAL,A,10000,7.49,0,0.16,N,5
29,47800,RENT,4,DEBTCONSOLIDATION,A,10000,7.49,0,0.21,N,5
29,70000,RENT,13,EDUCATION,A,8000,7.49,0,0.11,N,5
29,30000,OWN,0,VENTURE,A,4000,7.49,0,0.13,N,5
29,72000,MORTGAGE,13,VENTURE,A,22100,7.29,0,0.31,N,5
29,89000,RENT,3,PERSONAL,A,12000,7.29,0,0.13,N,5
29,72500,RENT,1,PERSONAL,A,7000,7.29,0,0.1,N,5
29,71000,OWN,13,MEDICAL,A,14000,7.14,0,0.2,N,5
29,40000,RENT,14,VENTURE,A,7000,7.14,0,0.17,N,5
29,55000,RENT,2,EDUCATION,A,5000,7.14,0,0.09,N,5
29,54000,MORTGAGE,2,DEBTCONSOLIDATION,A,5000,7.14,0,0.09,N,5
29,71000,MORTGAGE,4,VENTURE,A,4000,7.14,0,0.06,N,5
29,70000,MORTGAGE,13,MEDICAL,A,10000,6.99,0,0.14,N,5
29,58000,RENT,3,PERSONAL,A,10000,6.99,0,0.17,N,5
29,220000,MORTGAGE,0,EDUCATION,A,2500,6.99,0,0.01,N,5
29,91560,MORTGAGE,8,PERSONAL,A,22000,6.91,0,0.24,N,5
29,59000,MORTGAGE,6,HOMEIMPROVEMENT,A,10000,6.91,0,0.17,N,5
29,32000,OWN,1,HOMEIMPROVEMENT,A,2100,6.91,0,0.07,N,5
29,108000,MORTGAGE,13,DEBTCONSOLIDATION,A,3500,6.76,0,0.03,N,5
29,42000,OWN,13,MEDICAL,A,2500,6.76,0,0.06,N,5
29,78000,MORTGAGE,2,PERSONAL,A,18000,6.62,0,0.23,N,5
29,58000,RENT,4,PERSONAL,A,14000,6.62,0,0.24,N,5
29,40000,MORTGAGE,0,EDUCATION,A,10625,6.62,0,0.27,N,5
29,190000,MORTGAGE,5,PERSONAL,A,4000,6.62,0,0.02,N,5
29,100000,MORTGAGE,13,MEDICAL,A,20000,6.54,0,0.2,N,5
29,158000,OWN,1,MEDICAL,A,20000,6.54,0,0.13,N,5
29,30000,OWN,0,PERSONAL,A,10000,6.17,0,0.33,N,5
29,50000,MORTGAGE,4,MEDICAL,A,10000,6.03,0,0.2,N,5
29,90000,MORTGAGE,13,DEBTCONSOLIDATION,A,6000,6.03,0,0.07,N,5
29,60000,MORTGAGE,2,MEDICAL,A,1500,6.03,0,0.03,N,5
29,50004,MORTGAGE,5,PERSONAL,A,10000,5.99,0,0.2,N,5
29,74360,OWN,7,EDUCATION,A,8725,5.99,0,0.12,N,5
29,70008,MORTGAGE,8,MEDICAL,A,5000,5.99,0,0.07,N,5
29,68000,MORTGAGE,11,EDUCATION,A,4000,5.99,0,0.06,N,5
29,65000,MORTGAGE,1,HOMEIMPROVEMENT,A,9600,5.79,0,0.15,N,5
29,32400,RENT,11,HOMEIMPROVEMENT,A,5800,5.79,1,0.18,N,5
29,85000,RENT,3,DEBTCONSOLIDATION,A,14000,5.42,0,0.16,N,5
29,75000,MORTGAGE,6,MEDICAL,A,8000,5.42,0,0.11,N,5
29,79200,MORTGAGE,,DEBTCONSOLIDATION,A,8000,5.42,0,0.1,N,5
29,84000,OWN,13,PERSONAL,A,6000,5.42,0,0.07,N,5
29,53000,RENT,0,PERSONAL,A,5000,5.42,0,0.09,N,5
29,40000,OWN,0,MEDICAL,A,5000,5.42,0,0.13,N,5
29,36000,RENT,5,MEDICAL,A,3075,5.42,0,0.09,N,5
29,48000,RENT,11,VENTURE,A,3000,5.42,0,0.06,N,5
29,35000,RENT,12,DEBTCONSOLIDATION,A,1800,5.42,0,0.05,N,5
29,110000,RENT,9,DEBTCONSOLIDATION,B,25600,,0,0.23,N,5
29,125000,RENT,3,VENTURE,E,24000,,0,0.19,Y,5
29,108996,MORTGAGE,12,VENTURE,E,22000,,0,0.2,Y,5
29,51996,RENT,13,VENTURE,D,20000,,1,0.38,Y,5
29,91000,RENT,10,MEDICAL,B,16800,,0,0.18,N,5
29,139500,MORTGAGE,4,HOMEIMPROVEMENT,A,15000,,0,0.11,N,5
29,71000,RENT,1,MEDICAL,C,12000,,0,0.17,N,5
29,25000,RENT,4,EDUCATION,B,11325,,1,0.45,N,5
29,92000,MORTGAGE,3,HOMEIMPROVEMENT,A,11200,,0,0.12,N,5
29,32400,MORTGAGE,2,MEDICAL,B,10625,,0,0.33,N,5
29,39000,MORTGAGE,13,PERSONAL,D,10000,,1,0.26,N,5
29,56700,MORTGAGE,9,VENTURE,C,10000,,0,0.18,Y,5
29,56700,MORTGAGE,9,EDUCATION,C,10000,,0,0.18,Y,5
29,45000,RENT,7,MEDICAL,B,10000,,0,0.22,N,5
29,96000,MORTGAGE,2,HOMEIMPROVEMENT,A,10000,,0,0.1,N,5
29,65000,MORTGAGE,2,VENTURE,A,10000,,0,0.15,N,5
29,78000,MORTGAGE,0,PERSONAL,B,9600,,0,0.12,N,5
29,49000,RENT,3,EDUCATION,A,9500,,1,0.19,N,5
29,56000,RENT,0,PERSONAL,D,8000,,1,0.14,Y,5
29,22000,RENT,0,DEBTCONSOLIDATION,B,8000,,1,0.36,N,5
29,44720,RENT,6,EDUCATION,B,7500,,0,0.17,N,5
29,65000,MORTGAGE,7,MEDICAL,B,7000,,0,0.11,N,5
29,23850,RENT,0,PERSONAL,B,6075,,0,0.25,N,5
29,19200,OWN,7,VENTURE,A,6000,,1,0.31,N,5
29,19200,OWN,7,PERSONAL,A,6000,,1,0.31,N,5
29,34000,RENT,4,MEDICAL,B,5500,,0,0.16,N,5
29,36000,RENT,0,MEDICAL,C,5000,,0,0.14,Y,5
29,65000,MORTGAGE,2,MEDICAL,A,4800,,0,0.07,N,5
29,54500,MORTGAGE,7,PERSONAL,D,4275,,0,0.08,N,5
29,76000,RENT,2,DEBTCONSOLIDATION,A,3000,,0,0.04,N,5
29,40000,RENT,,DEBTCONSOLIDATION,A,2800,,0,0.07,N,5
28,82000,RENT,12,VENTURE,G,16750,20.11,1,0.2,Y,10
28,44000,RENT,7,DEBTCONSOLIDATION,F,14000,19.04,1,0.32,N,10
28,113000,MORTGAGE,1,PERSONAL,F,13200,18.67,1,0.12,N,10
28,114000,MORTGAGE,12,VENTURE,E,8000,18.64,0,0.07,N,10
28,56000,RENT,7,DEBTCONSOLIDATION,F,20000,18.25,1,0.36,Y,10
28,110000,OWN,1,HOMEIMPROVEMENT,E,5000,17.51,0,0.05,N,10
28,34300,MORTGAGE,1,MEDICAL,D,6125,16.89,1,0.18,N,10
28,29000,RENT,4,DEBTCONSOLIDATION,D,10000,16.77,1,0.34,N,10
28,29004,RENT,0,PERSONAL,E,4000,16.45,1,0.14,N,10
28,75000,RENT,5,VENTURE,D,23850,16.29,1,0.32,N,10
28,31800,RENT,2,MEDICAL,D,8500,16.07,1,0.27,N,10
28,79000,MORTGAGE,4,VENTURE,D,2000,16,0,0.03,Y,10
28,144000,OWN,11,MEDICAL,D,7000,15.99,0,0.05,Y,10
28,72000,MORTGAGE,3,EDUCATION,C,28000,15.96,0,0.39,N,10
28,27050,RENT,,VENTURE,C,8500,15.96,1,0.31,Y,10
28,140000,MORTGAGE,4,HOMEIMPROVEMENT,E,25000,15.95,0,0.18,N,10
28,159000,RENT,5,PERSONAL,D,6000,15.95,1,0.04,N,10
28,34000,RENT,1,PERSONAL,D,3000,15.7,1,0.09,Y,10
28,54400,RENT,1,MEDICAL,D,8000,15.65,1,0.13,N,10
28,80000,RENT,12,EDUCATION,D,35000,15.62,1,0.44,N,10
28,60675,MORTGAGE,6,DEBTCONSOLIDATION,D,14000,15.62,1,0.23,Y,10
28,32400,RENT,1,PERSONAL,D,9000,15.62,1,0.28,Y,10
28,35000,RENT,3,DEBTCONSOLIDATION,D,7950,15.62,1,0.23,N,10
28,45678,OWN,12,PERSONAL,D,8000,15.58,0,0.18,N,10
28,72000,MORTGAGE,1,EDUCATION,D,6000,15.37,0,0.08,Y,10
28,15000,MORTGAGE,0,HOMEIMPROVEMENT,D,4000,15.37,1,0.27,N,10
28,33000,OWN,1,PERSONAL,D,7500,15.31,0,0.23,N,10
28,300000,MORTGAGE,1,PERSONAL,C,9600,15.23,0,0.03,Y,10
28,87504,MORTGAGE,2,PERSONAL,D,12000,15.21,0,0.14,Y,10
28,21000,RENT,0,PERSONAL,D,4200,15.21,1,0.2,Y,10
28,48000,RENT,4,MEDICAL,D,3500,15.21,0,0.07,Y,10
28,24000,RENT,5,MEDICAL,D,16750,14.96,1,0.7,Y,10
28,42000,MORTGAGE,13,PERSONAL,D,8500,14.96,0,0.2,N,10
28,58650,MORTGAGE,5,MEDICAL,D,20000,14.91,1,0.29,Y,10
28,56664,MORTGAGE,12,PERSONAL,D,16300,14.91,1,0.29,Y,10
28,30000,RENT,3,DEBTCONSOLIDATION,D,5600,14.84,1,0.19,Y,10
28,26496,RENT,2,MEDICAL,D,5000,14.83,1,0.19,Y,10
28,30000,RENT,0,DEBTCONSOLIDATION,D,14125,14.74,1,0.47,N,10
28,45300,RENT,3,DEBTCONSOLIDATION,C,17000,14.72,1,0.38,N,10
28,25000,MORTGAGE,5,HOMEIMPROVEMENT,C,6000,14.72,0,0.24,N,10
28,70000,MORTGAGE,7,EDUCATION,C,15000,14.65,0,0.21,N,10
28,45000,RENT,4,DEBTCONSOLIDATION,C,9000,14.65,0,0.2,N,10
28,36000,RENT,3,MEDICAL,D,9600,14.61,1,0.27,Y,10
28,28320,RENT,4,VENTURE,D,8700,14.61,1,0.31,N,10
28,103000,RENT,0,EDUCATION,D,8000,14.61,1,0.08,N,10
28,42000,RENT,9,MEDICAL,D,12250,14.59,1,0.29,N,10
28,48000,OWN,1,HOMEIMPROVEMENT,D,12000,14.54,0,0.25,N,10
28,39996,RENT,10,EDUCATION,D,5525,14.54,0,0.14,N,10
28,25200,RENT,5,PERSONAL,D,11500,14.46,1,0.46,N,10
28,37000,RENT,0,DEBTCONSOLIDATION,D,14000,14.42,1,0.38,N,10
28,57936,RENT,2,MEDICAL,D,13650,14.42,1,0.24,N,10
28,44900,RENT,12,MEDICAL,C,17500,14.35,1,0.39,Y,10
28,30100,RENT,0,PERSONAL,C,7800,14.35,0,0.26,N,10
28,48000,RENT,7,PERSONAL,C,4000,14.35,0,0.08,N,10
28,55000,RENT,6,MEDICAL,C,12000,14.27,0,0.22,Y,10
28,40000,RENT,6,EDUCATION,C,10500,14.27,0,0.26,N,10
28,25000,RENT,1,MEDICAL,C,9600,14.27,1,0.38,Y,10
28,35000,OWN,6,VENTURE,C,5000,14.27,0,0.14,Y,10
28,49000,RENT,12,HOMEIMPROVEMENT,C,4500,14.27,1,0.09,N,10
28,32400,RENT,3,DEBTCONSOLIDATION,C,12000,14.26,1,0.37,N,10
28,53000,RENT,0,MEDICAL,C,12000,14.22,0,0.23,N,10
28,57000,RENT,2,VENTURE,D,15000,14.11,1,0.26,N,10
28,83135,MORTGAGE,3,EDUCATION,C,8000,13.99,0,0.1,Y,10
28,68553,MORTGAGE,1,HOMEIMPROVEMENT,C,15000,13.85,0,0.22,Y,10
28,180000,RENT,4,VENTURE,C,9000,13.8,0,0.05,N,10
28,36960,OWN,6,HOMEIMPROVEMENT,C,15000,13.61,0,0.41,Y,10
28,47004,MORTGAGE,12,MEDICAL,C,10000,13.61,1,0.21,N,10
28,27600,RENT,3,VENTURE,C,3000,13.57,0,0.11,N,10
28,60000,RENT,3,MEDICAL,C,25000,13.49,1,0.42,N,10
28,40000,MORTGAGE,1,VENTURE,C,2400,13.49,0,0.06,N,10
28,131040,MORTGAGE,0,VENTURE,C,10000,13.35,0,0.08,Y,10
28,205000,RENT,13,MEDICAL,C,17600,13.23,0,0.09,N,10
28,50000,RENT,5,PERSONAL,C,12000,13.11,0,0.24,N,10
28,44004,MORTGAGE,5,MEDICAL,C,6000,13.06,0,0.14,Y,10
28,36000,OWN,,MEDICAL,C,15250,12.98,0,0.42,Y,10
28,53004,MORTGAGE,2,HOMEIMPROVEMENT,C,10000,12.98,0,0.19,N,10
28,48715,RENT,2,VENTURE,C,12000,12.87,0,0.25,N,10
28,24000,RENT,0,PERSONAL,C,10000,12.87,1,0.42,Y,10
28,90000,RENT,5,DEBTCONSOLIDATION,C,7000,12.87,0,0.08,Y,10
28,64775,RENT,9,PERSONAL,C,6400,12.87,1,0.1,Y,10
28,39516,RENT,0,EDUCATION,C,5000,12.87,0,0.13,N,10
28,57000,MORTGAGE,2,VENTURE,C,6000,12.73,0,0.11,N,10
28,32000,MORTGAGE,4,EDUCATION,B,12000,12.69,1,0.38,N,10
28,65000,RENT,3,HOMEIMPROVEMENT,B,7000,12.69,0,0.11,N,10
28,96000,MORTGAGE,12,PERSONAL,B,6000,12.69,0,0.06,N,10
28,112000,RENT,1,HOMEIMPROVEMENT,B,6000,12.69,0,0.05,N,10
28,90000,RENT,7,VENTURE,C,16000,12.68,0,0.18,N,10
28,48000,RENT,0,HOMEIMPROVEMENT,C,7000,12.68,1,0.15,N,10
28,56496,RENT,0,DEBTCONSOLIDATION,C,15000,12.61,0,0.27,N,10
28,39600,RENT,4,PERSONAL,C,4000,12.61,1,0.1,N,10
28,85000,MORTGAGE,12,MEDICAL,B,18000,12.53,0,0.21,N,10
28,55000,RENT,3,MEDICAL,C,5000,12.53,0,0.09,Y,10
28,59904,MORTGAGE,12,MEDICAL,C,3000,12.53,0,0.05,Y,10
28,52000,OWN,6,HOMEIMPROVEMENT,B,14000,12.42,0,0.27,N,10
28,42000,RENT,3,MEDICAL,B,8800,12.42,0,0.21,N,10
28,36000,RENT,1,DEBTCONSOLIDATION,B,4000,12.42,0,0.11,N,10
28,60000,RENT,1,DEBTCONSOLIDATION,B,3600,12.21,0,0.06,N,10
28,116000,MORTGAGE,10,MEDICAL,B,25000,12.18,0,0.22,N,10
28,60000,RENT,2,PERSONAL,B,12000,12.18,0,0.2,N,10
28,110244,MORTGAGE,3,HOMEIMPROVEMENT,D,18000,12.17,0,0.16,N,10
28,48000,RENT,5,DEBTCONSOLIDATION,B,15000,11.99,1,0.31,N,10
28,93600,RENT,1,HOMEIMPROVEMENT,B,5600,11.99,0,0.06,N,10
28,55000,RENT,2,MEDICAL,B,3900,11.99,0,0.07,N,10
28,48000,MORTGAGE,4,PERSONAL,B,3000,11.99,0,0.06,N,10
28,72000,MORTGAGE,9,PERSONAL,B,18000,11.89,0,0.25,N,10
28,30000,RENT,0,PERSONAL,B,8400,11.89,0,0.28,N,10
28,35000,RENT,2,EDUCATION,B,6000,11.89,0,0.17,N,10
28,83004,RENT,3,DEBTCONSOLIDATION,B,10000,11.86,0,0.12,N,10
28,66924,RENT,1,EDUCATION,B,5000,11.86,0,0.07,N,10
28,130000,OWN,10,EDUCATION,B,24000,11.83,0,0.18,N,10
28,69996,MORTGAGE,1,HOMEIMPROVEMENT,B,7200,11.83,0,0.1,N,10
28,94773,RENT,3,HOMEIMPROVEMENT,B,6000,11.83,0,0.06,N,10
28,42000,RENT,4,VENTURE,C,6000,11.78,0,0.14,Y,10
28,200000,RENT,2,VENTURE,C,15000,11.72,0,0.07,Y,10
28,55200,MORTGAGE,12,VENTURE,C,3000,11.72,0,0.05,N,10
28,150000,RENT,1,EDUCATION,B,8000,11.71,0,0.05,N,10
28,95000,OWN,3,VENTURE,B,4800,11.71,0,0.05,N,10
28,99996,RENT,7,MEDICAL,B,5000,11.49,0,0.05,N,10
28,35004,OWN,7,EDUCATION,B,4000,11.49,0,0.11,N,10
28,110000,MORTGAGE,12,HOMEIMPROVEMENT,B,3500,11.49,0,0.03,N,10
28,80000,MORTGAGE,13,EDUCATION,B,21000,11.36,0,0.26,N,10
28,78465,OWN,9,VENTURE,B,14000,11.36,0,0.18,N,10
28,54000,MORTGAGE,2,EDUCATION,B,9250,11.36,0,0.17,N,10
28,125000,MORTGAGE,8,EDUCATION,B,8000,11.14,0,0.06,N,10
28,51200,RENT,0,EDUCATION,B,5000,11.14,0,0.1,N,10
28,46000,RENT,6,MEDICAL,B,5500,11.11,1,0.12,N,10
28,60000,RENT,12,PERSONAL,B,20000,10.99,1,0.33,N,10
28,103992,MORTGAGE,3,HOMEIMPROVEMENT,B,18000,10.99,0,0.17,N,10
28,62400,RENT,2,VENTURE,B,14000,10.99,0,0.22,N,10
28,78000,MORTGAGE,12,MEDICAL,B,12000,10.99,0,0.15,N,10
28,20000,RENT,5,EDUCATION,B,4000,10.99,0,0.2,N,10
28,58000,RENT,12,EDUCATION,B,24000,10.75,1,0.41,N,10
28,130000,MORTGAGE,12,PERSONAL,B,13000,10.75,0,0.1,N,10
28,38196,MORTGAGE,5,MEDICAL,B,10750,10.75,0,0.28,N,10
28,120000,MORTGAGE,11,EDUCATION,B,14400,10.74,0,0.12,N,10
28,34000,RENT,4,PERSONAL,B,3000,10.65,1,0.09,N,10
28,86000,MORTGAGE,12,EDUCATION,B,15000,10.62,0,0.17,N,10
28,78000,RENT,5,VENTURE,B,12000,10.62,0,0.15,N,10
28,80000,RENT,8,HOMEIMPROVEMENT,B,18000,10.59,0,0.23,N,10
28,115000,MORTGAGE,2,PERSONAL,B,18000,10.59,0,0.16,N,10
28,50000,RENT,1,HOMEIMPROVEMENT,B,4000,10.59,0,0.08,N,10
28,63000,RENT,0,MEDICAL,B,12000,10.37,0,0.19,N,10
28,39000,RENT,2,EDUCATION,B,10400,10.37,0,0.27,N,10
28,50000,RENT,1,PERSONAL,B,4800,10.37,0,0.1,N,10
28,34000,RENT,3,MEDICAL,B,3000,10.37,1,0.09,N,10
28,50000,RENT,2,EDUCATION,B,15200,10.25,0,0.3,N,10
28,39000,RENT,3,VENTURE,B,5000,10.25,0,0.13,N,10
28,39600,RENT,6,VENTURE,B,4500,10.25,0,0.11,N,10
28,60000,MORTGAGE,,PERSONAL,B,3500,10.25,0,0.06,N,10
28,42000,RENT,4,MEDICAL,B,3000,10.25,0,0.07,N,10
28,45996,OTHER,12,VENTURE,B,5500,10.2,0,0.12,N,10
28,110000,MORTGAGE,12,VENTURE,B,15000,10,0,0.14,N,10
28,132000,MORTGAGE,5,DEBTCONSOLIDATION,B,25000,9.99,0,0.19,N,10
28,65000,MORTGAGE,12,EDUCATION,B,15000,9.99,0,0.23,N,10
28,60000,MORTGAGE,6,DEBTCONSOLIDATION,B,4125,9.99,0,0.07,N,10
28,126000,MORTGAGE,12,VENTURE,B,2000,9.99,0,0.02,N,10
28,84000,MORTGAGE,0,EDUCATION,B,1000,9.99,0,0.01,N,10
28,140000,RENT,3,DEBTCONSOLIDATION,B,12000,9.91,0,0.09,N,10
28,140000,RENT,3,EDUCATION,B,12000,9.91,0,0.09,N,10
28,60000,RENT,2,VENTURE,B,12000,9.91,0,0.2,N,10
28,85000,RENT,7,DEBTCONSOLIDATION,B,11200,9.91,0,0.13,N,10
28,46858,MORTGAGE,,PERSONAL,B,3600,9.91,0,0.08,N,10
28,67000,MORTGAGE,3,VENTURE,B,14400,9.88,0,0.21,N,10
28,73500,OWN,12,HOMEIMPROVEMENT,B,10000,9.88,0,0.14,N,10
28,60589,MORTGAGE,1,HOMEIMPROVEMENT,B,2650,9.88,0,0.04,N,10
28,64000,OTHER,11,PERSONAL,A,15000,9.63,1,0.23,N,10
28,105000,MORTGAGE,8,VENTURE,B,12000,9.63,0,0.11,N,10
28,59000,MORTGAGE,1,DEBTCONSOLIDATION,A,12000,9.63,1,0.2,N,10
28,75000,RENT,0,MEDICAL,B,10500,9.63,0,0.14,N,10
28,51150,MORTGAGE,1,MEDICAL,A,7200,9.63,0,0.14,N,10
28,38100,RENT,6,DEBTCONSOLIDATION,B,4800,9.63,1,0.13,N,10
28,30000,RENT,,HOMEIMPROVEMENT,B,1500,9.63,1,0.05,N,10
28,120000,MORTGAGE,12,VENTURE,B,20000,9.45,0,0.17,N,10
28,44500,MORTGAGE,5,VENTURE,B,20000,9.45,0,0.45,N,10
28,199000,MORTGAGE,12,HOMEIMPROVEMENT,A,10000,9.32,0,0.05,N,10
28,58000,MORTGAGE,11,VENTURE,A,10000,9.32,0,0.17,N,10
28,43000,MORTGAGE,12,HOMEIMPROVEMENT,A,8000,9.32,0,0.19,N,10
28,24000,MORTGAGE,12,DEBTCONSOLIDATION,A,5000,9.32,0,0.21,N,10
28,42000,MORTGAGE,,MEDICAL,B,4000,9.25,1,0.1,N,10
28,38400,RENT,0,PERSONAL,B,3000,9.25,0,0.08,N,10
28,110000,MORTGAGE,1,EDUCATION,A,12000,8.94,0,0.11,N,10
28,200000,MORTGAGE,2,MEDICAL,A,15000,8.9,0,0.07,N,10
28,60000,MORTGAGE,12,EDUCATION,A,13000,8.9,0,0.22,N,10
28,73200,RENT,2,PERSONAL,A,12000,8.9,0,0.16,N,10
28,60000,MORTGAGE,13,VENTURE,A,8650,8.9,0,0.14,N,10
28,100000,MORTGAGE,4,DEBTCONSOLIDATION,A,7000,8.9,0,0.07,N,10
28,20000,RENT,2,MEDICAL,B,8500,8.88,1,0.42,N,10
28,17544,MORTGAGE,2,EDUCATION,A,1500,8.63,0,0.09,N,10
28,44500,MORTGAGE,2,DEBTCONSOLIDATION,A,10000,8.59,0,0.22,N,10
28,40000,RENT,2,PERSONAL,A,7000,8.59,0,0.17,N,10
28,71000,RENT,4,MEDICAL,A,6000,8.49,0,0.08,N,10
28,35376,MORTGAGE,,PERSONAL,A,1500,8.49,0,0.04,N,10
28,96000,RENT,3,HOMEIMPROVEMENT,A,28000,7.9,0,0.29,N,10
28,55000,OWN,13,MEDICAL,A,18000,7.9,0,0.33,N,10
28,79536,MORTGAGE,12,PERSONAL,A,16425,7.9,0,0.21,N,10
28,62000,RENT,0,HOMEIMPROVEMENT,A,15000,7.9,0,0.24,N,10
28,175000,RENT,7,HOMEIMPROVEMENT,A,6000,7.9,0,0.03,N,10
28,95000,MORTGAGE,0,DEBTCONSOLIDATION,A,18000,7.88,0,0.19,N,10
28,47500,RENT,2,EDUCATION,A,8500,7.88,0,0.18,N,10
28,72000,RENT,0,MEDICAL,A,6000,7.88,0,0.08,N,10
28,90000,MORTGAGE,12,EDUCATION,A,5325,7.88,0,0.06,N,10
28,75000,RENT,5,MEDICAL,A,5000,7.88,0,0.07,N,10
28,79200,RENT,6,MEDICAL,A,10000,7.66,0,0.13,N,10
28,103000,MORTGAGE,4,VENTURE,A,10000,7.51,0,0.1,N,10
28,60000,MORTGAGE,4,MEDICAL,A,9600,7.51,0,0.16,N,10
28,56100,RENT,12,MEDICAL,A,8400,7.51,1,0.13,N,10
28,84000,MORTGAGE,1,PERSONAL,A,8400,7.51,0,0.1,N,10
28,32500,RENT,0,MEDICAL,A,8250,7.51,0,0.25,N,10
28,125004,RENT,12,PERSONAL,A,6000,7.51,0,0.05,N,10
28,67000,RENT,5,DEBTCONSOLIDATION,A,24000,7.49,1,0.36,N,10
28,37000,MORTGAGE,6,MEDICAL,A,18250,7.49,0,0.49,N,10
28,89004,RENT,3,PERSONAL,A,18000,7.49,0,0.2,N,10
28,69900,MORTGAGE,6,VENTURE,A,12000,7.49,0,0.17,N,10
28,85000,MORTGAGE,6,VENTURE,A,9075,7.49,0,0.11,N,10
28,82000,RENT,12,PERSONAL,A,8000,7.49,0,0.1,N,10
28,44995,RENT,2,EDUCATION,A,7350,7.49,0,0.16,N,10
28,97000,MORTGAGE,6,DEBTCONSOLIDATION,A,6000,7.49,0,0.06,N,10
28,59004,MORTGAGE,1,DEBTCONSOLIDATION,A,8000,7.37,1,0.14,N,10
28,40000,MORTGAGE,1,MEDICAL,A,10000,7.29,0,0.25,N,10
28,30996,RENT,0,DEBTCONSOLIDATION,A,8000,7.29,0,0.26,N,10
28,53000,MORTGAGE,12,EDUCATION,A,5000,7.14,1,0.09,N,10
28,25000,RENT,11,MEDICAL,A,3500,7.14,0,0.14,N,10
28,24000,MORTGAGE,2,EDUCATION,A,1500,7.14,0,0.06,N,10
28,50000,MORTGAGE,,EDUCATION,A,15000,6.99,0,0.3,N,10
28,40000,OWN,2,EDUCATION,A,3600,6.99,0,0.09,N,10
28,40000,OWN,2,MEDICAL,A,3600,6.99,0,0.09,N,10
28,16560,RENT,,PERSONAL,A,2500,6.99,0,0.15,N,10
28,83004,RENT,13,MEDICAL,A,21600,6.91,0,0.26,N,10
28,28000,RENT,3,VENTURE,A,3000,6.91,0,0.11,N,10
28,40800,MORTGAGE,,DEBTCONSOLIDATION,A,5000,6.76,0,0.12,N,10
28,55000,MORTGAGE,4,HOMEIMPROVEMENT,A,20000,6.62,0,0.36,N,10
28,276000,RENT,1,PERSONAL,A,5000,6.62,0,0.02,N,10
28,27500,MORTGAGE,13,VENTURE,A,15000,6.54,0,0.55,N,10
28,81000,MORTGAGE,11,HOMEIMPROVEMENT,A,6000,6.17,0,0.07,N,10
28,72000,MORTGAGE,8,PERSONAL,D,7500,6,0,0.1,N,10
28,45000,MORTGAGE,6,DEBTCONSOLIDATION,A,10000,5.99,0,0.22,N,10
28,102000,MORTGAGE,0,PERSONAL,A,10000,5.99,0,0.1,N,10
28,86000,RENT,13,MEDICAL,A,8000,5.99,0,0.09,N,10
28,40200,MORTGAGE,5,EDUCATION,A,1900,5.99,0,0.05,N,10
28,86304,MORTGAGE,12,DEBTCONSOLIDATION,A,6000,5.79,0,0.07,N,10
28,78000,OWN,12,MEDICAL,A,5250,5.79,0,0.07,N,10
28,59600,RENT,2,HOMEIMPROVEMENT,A,5000,5.79,0,0.08,N,10
28,59600,RENT,2,DEBTCONSOLIDATION,A,5000,5.79,0,0.08,N,10
28,45000,RENT,12,EDUCATION,A,12000,5.42,0,0.27,N,10
28,36000,RENT,2,VENTURE,A,12000,5.42,1,0.33,N,10
28,266000,MORTGAGE,12,PERSONAL,A,9000,5.42,0,0.03,N,10
28,68000,MORTGAGE,7,EDUCATION,A,3000,5.42,0,0.04,N,10
28,85000,RENT,7,MEDICAL,B,24000,,0,0.28,N,10
28,206000,RENT,2,HOMEIMPROVEMENT,C,24000,,0,0.12,N,10
28,59160,MORTGAGE,2,EDUCATION,B,23500,,0,0.4,N,10
28,55000,MORTGAGE,7,DEBTCONSOLIDATION,A,22000,,0,0.4,N,10
28,170000,MORTGAGE,4,EDUCATION,D,20000,,0,0.12,Y,10
28,44000,RENT,3,EDUCATION,E,17500,,1,0.4,N,10
28,44104,RENT,4,VENTURE,B,15000,,1,0.34,N,10
28,79995,OWN,3,PERSONAL,C,15000,,0,0.19,N,10
28,32568,RENT,3,EDUCATION,D,15000,,1,0.46,N,10
28,63550,MORTGAGE,12,HOMEIMPROVEMENT,A,12500,,0,0.2,N,10
28,35000,RENT,2,EDUCATION,C,12500,,1,0.36,N,10
28,174000,MORTGAGE,2,PERSONAL,D,12000,,0,0.07,N,10
28,62000,RENT,2,EDUCATION,C,12000,,0,0.19,N,10
28,38000,MORTGAGE,6,VENTURE,B,10200,,0,0.27,N,10
28,21600,RENT,4,VENTURE,D,9750,,1,0.45,N,10
28,50000,MORTGAGE,0,MEDICAL,A,9000,,0,0.18,N,10
28,47000,RENT,9,MEDICAL,B,7875,,0,0.17,N,10
28,105000,MORTGAGE,12,EDUCATION,A,7000,,0,0.07,N,10
28,40000,MORTGAGE,2,VENTURE,B,5000,,0,0.13,N,10
28,170000,MORTGAGE,3,MEDICAL,B,4000,,0,0.02,N,10
28,60000,RENT,0,HOMEIMPROVEMENT,C,3500,,0,0.06,Y,10
28,50000,MORTGAGE,3,PERSONAL,A,3000,,0,0.06,N,10
28,288000,MORTGAGE,12,VENTURE,G,18000,22.48,1,0.06,Y,9
28,71652,MORTGAGE,11,PERSONAL,G,25000,20.03,1,0.35,N,9
28,92000,MORTGAGE,11,EDUCATION,F,25000,19.29,0,0.27,Y,9
28,65007,MORTGAGE,4,DEBTCONSOLIDATION,F,25000,18.62,1,0.38,Y,9
28,245000,MORTGAGE,0,PERSONAL,E,18000,17.39,0,0.07,Y,9
28,168000,RENT,0,DEBTCONSOLIDATION,F,15000,17.26,1,0.09,Y,9
28,65450,MORTGAGE,5,MEDICAL,D,15000,16.89,1,0.19,N,9
28,48000,OWN,,PERSONAL,D,8000,16.77,0,0.17,Y,9
28,64000,MORTGAGE,10,HOMEIMPROVEMENT,E,6000,16.45,1,0.09,Y,9
28,51000,RENT,2,EDUCATION,E,16000,16.32,1,0.31,Y,9
28,12000,RENT,1,HOMEIMPROVEMENT,D,1000,16.32,1,0.08,Y,9
28,66725,RENT,3,MEDICAL,D,9000,16.29,1,0.11,Y,9
28,50000,MORTGAGE,7,PERSONAL,D,6000,15.99,0,0.12,Y,9
28,60000,OWN,12,VENTURE,C,15000,15.96,0,0.25,Y,9
28,57000,MORTGAGE,13,PERSONAL,C,9600,15.96,0,0.17,Y,9
28,65000,MORTGAGE,5,MEDICAL,C,4500,15.96,0,0.07,Y,9
28,130000,MORTGAGE,1,EDUCATION,D,5600,15.65,0,0.04,N,9
28,34000,RENT,0,PERSONAL,D,2600,15.62,1,0.08,N,9
28,49000,MORTGAGE,5,HOMEIMPROVEMENT,D,19750,15.58,1,0.4,Y,9
28,36928,OWN,2,MEDICAL,D,7800,15.58,0,0.21,Y,9
28,70000,OWN,4,PERSONAL,D,25000,15.57,0,0.36,N,9
28,74000,MORTGAGE,6,VENTURE,E,7000,15.38,1,0.09,N,9
28,36000,MORTGAGE,1,PERSONAL,D,1400,15.37,0,0.04,Y,9
28,31000,RENT,3,PERSONAL,D,6000,15.33,0,0.19,N,9
28,54000,RENT,2,EDUCATION,C,13000,15.23,1,0.24,N,9
28,50004,RENT,9,HOMEIMPROVEMENT,C,8000,15.23,0,0.16,Y,9
28,54000,RENT,5,DEBTCONSOLIDATION,C,8000,15.23,0,0.15,N,9
28,46500,RENT,2,EDUCATION,D,22500,14.96,1,0.48,Y,9
28,75500,MORTGAGE,12,EDUCATION,D,3500,14.91,0,0.05,N,9
28,98400,MORTGAGE,12,VENTURE,D,20000,14.84,0,0.2,Y,9
28,120000,OWN,1,PERSONAL,D,3600,14.84,0,0.03,N,9
28,63000,MORTGAGE,7,HOMEIMPROVEMENT,C,6400,14.79,0,0.1,N,9
28,22404,MORTGAGE,3,VENTURE,C,5725,14.79,1,0.26,N,9
28,34000,RENT,4,PERSONAL,D,10000,14.74,0,0.29,N,9
28,83137,MORTGAGE,12,MEDICAL,C,3600,14.72,0,0.04,N,9
28,85000,RENT,6,PERSONAL,C,14000,14.65,0,0.16,Y,9
28,50000,RENT,12,MEDICAL,C,8000,14.65,0,0.16,N,9
28,33000,RENT,12,DEBTCONSOLIDATION,C,8000,14.65,1,0.24,Y,9
28,33000,RENT,12,PERSONAL,C,8000,14.65,1,0.24,N,9
28,14400,RENT,2,VENTURE,C,4800,14.65,1,0.33,Y,9
28,63000,RENT,4,VENTURE,D,20000,14.61,1,0.32,Y,9
28,42000,RENT,3,EDUCATION,D,9600,14.61,0,0.23,N,9
28,20000,RENT,4,PERSONAL,D,4000,14.59,0,0.2,N,9
28,90000,RENT,12,PERSONAL,D,21000,14.54,0,0.23,N,9
28,47000,OWN,5,DEBTCONSOLIDATION,D,13000,14.54,0,0.28,N,9
28,69000,RENT,1,VENTURE,D,12000,14.46,1,0.17,N,9
28,50000,RENT,0,MEDICAL,C,8000,14.27,0,0.16,N,9
28,49900,RENT,6,HOMEIMPROVEMENT,C,7000,14.27,1,0.14,N,9
28,94050,RENT,7,HOMEIMPROVEMENT,C,20000,14.26,0,0.21,Y,9
28,72000,MORTGAGE,13,PERSONAL,C,16000,14.26,0,0.22,N,9
28,34000,RENT,1,VENTURE,C,5000,14.26,1,0.15,Y,9
28,186480,MORTGAGE,12,MEDICAL,C,10000,14.22,0,0.05,Y,9
28,19200,RENT,0,MEDICAL,C,9250,14.22,1,0.48,N,9
28,103000,MORTGAGE,12,HOMEIMPROVEMENT,C,20000,14.17,1,0.19,Y,9
28,44000,RENT,9,VENTURE,C,1000,14.17,1,0.02,N,9
28,54996,RENT,8,PERSONAL,D,15000,14.09,0,0.27,Y,9
28,33000,RENT,12,MEDICAL,C,8500,13.99,0,0.26,N,9
28,32004,RENT,5,VENTURE,C,6000,13.99,0,0.19,N,9
28,55000,RENT,5,PERSONAL,C,16000,13.98,0,0.29,Y,9
28,74778,MORTGAGE,13,PERSONAL,C,6000,13.98,0,0.08,N,9
28,49000,RENT,2,VENTURE,C,3600,13.98,1,0.07,Y,9
28,84996,RENT,12,HOMEIMPROVEMENT,C,20000,13.92,0,0.24,N,9
28,84996,RENT,8,HOMEIMPROVEMENT,C,20000,13.92,0,0.24,N,9
28,113000,RENT,9,DEBTCONSOLIDATION,C,19975,13.92,1,0.18,N,9
28,100000,OWN,7,MEDICAL,C,18000,13.92,0,0.18,Y,9
28,157000,OWN,12,VENTURE,C,12000,13.92,0,0.08,Y,9
28,123000,MORTGAGE,3,DEBTCONSOLIDATION,C,15000,13.85,1,0.12,Y,9
28,100000,RENT,10,HOMEIMPROVEMENT,C,14400,13.85,0,0.14,N,9
28,138996,MORTGAGE,3,PERSONAL,C,20000,13.79,0,0.14,Y,9
28,63000,MORTGAGE,5,DEBTCONSOLIDATION,C,9000,13.72,1,0.14,Y,9
28,99996,RENT,6,VENTURE,C,12000,13.61,0,0.12,Y,9
28,61000,RENT,3,VENTURE,C,6300,13.61,0,0.1,Y,9
28,58868,MORTGAGE,12,MEDICAL,C,8400,13.57,0,0.14,Y,9
28,39000,RENT,8,EDUCATION,C,4500,13.49,1,0.12,N,9
28,48000,RENT,8,PERSONAL,C,10000,13.48,0,0.21,Y,9
28,70000,RENT,2,MEDICAL,C,10000,13.48,0,0.14,Y,9
28,42000,OWN,1,VENTURE,C,15000,13.47,0,0.36,N,9
28,45600,MORTGAGE,,VENTURE,C,2500,13.35,0,0.05,N,9
28,35004,MORTGAGE,3,HOMEIMPROVEMENT,C,16000,13.23,0,0.46,Y,9
28,75000,RENT,13,HOMEIMPROVEMENT,C,20000,13.16,0,0.27,N,9
28,95000,MORTGAGE,5,EDUCATION,C,12000,13.11,0,0.13,N,9
28,73000,MORTGAGE,5,PERSONAL,C,12000,13.11,0,0.16,N,9
28,29000,RENT,1,MEDICAL,C,8000,13.11,1,0.28,Y,9
28,95000,MORTGAGE,0,MEDICAL,C,11000,13.06,0,0.12,Y,9
28,44000,MORTGAGE,5,DEBTCONSOLIDATION,C,7000,13.06,0,0.16,N,9
28,34800,OWN,1,VENTURE,C,10000,12.99,0,0.29,N,9
28,62000,RENT,4,PERSONAL,C,7200,12.99,0,0.12,Y,9
28,29000,OWN,1,VENTURE,C,6250,12.87,0,0.22,Y,9
28,108000,MORTGAGE,4,HOMEIMPROVEMENT,C,5000,12.87,0,0.05,Y,9
28,42000,OWN,2,MEDICAL,C,6000,12.84,0,0.14,N,9
28,76000,RENT,2,HOMEIMPROVEMENT,C,15000,12.73,0,0.2,Y,9
28,63000,MORTGAGE,1,HOMEIMPROVEMENT,C,8000,12.73,0,0.13,N,9
28,92000,RENT,6,EDUCATION,B,22000,12.69,0,0.24,N,9
28,45136,MORTGAGE,13,EDUCATION,B,10175,12.69,0,0.23,N,9
28,34000,MORTGAGE,2,MEDICAL,B,8000,12.69,1,0.24,N,9
28,56004,RENT,12,MEDICAL,C,5525,12.68,0,0.1,N,9
28,36000,RENT,1,MEDICAL,C,4800,12.61,0,0.13,N,9
28,39000,RENT,0,DEBTCONSOLIDATION,C,12000,12.53,1,0.31,Y,9
28,37000,MORTGAGE,3,HOMEIMPROVEMENT,C,6000,12.53,1,0.16,N,9
28,81000,MORTGAGE,0,VENTURE,C,5000,12.53,0,0.06,N,9
28,20292,RENT,3,VENTURE,B,3900,12.53,0,0.19,N,9
28,28000,OWN,0,MEDICAL,B,3250,12.53,0,0.12,N,9
28,42000,RENT,5,MEDICAL,B,4800,12.42,0,0.11,N,9
28,42000,RENT,5,PERSONAL,B,4800,12.42,0,0.11,N,9
28,15000,OWN,2,PERSONAL,B,4375,12.42,1,0.29,N,9
28,52000,RENT,4,MEDICAL,C,5000,12.23,0,0.1,Y,9
28,34000,MORTGAGE,7,HOMEIMPROVEMENT,C,2500,12.23,1,0.07,Y,9
28,70834,MORTGAGE,4,PERSONAL,B,20000,12.21,0,0.28,N,9
28,41700,MORTGAGE,7,VENTURE,B,7750,12.21,0,0.19,N,9
28,60000,OTHER,5,PERSONAL,B,16000,12.18,0,0.27,N,9
28,110000,RENT,3,DEBTCONSOLIDATION,B,4000,12.18,0,0.04,N,9
28,68000,OWN,0,EDUCATION,C,12000,12.09,0,0.18,Y,9
28,73000,RENT,0,PERSONAL,B,32000,11.99,1,0.44,N,9
28,29000,RENT,8,HOMEIMPROVEMENT,B,14000,11.99,1,0.48,N,9
28,124886,MORTGAGE,12,HOMEIMPROVEMENT,B,5000,11.99,1,0.04,N,9
28,30000,RENT,4,EDUCATION,B,3900,11.99,0,0.13,N,9
28,39500,RENT,4,MEDICAL,B,3600,11.99,0,0.09,N,9
28,75000,RENT,12,MEDICAL,B,2500,11.99,0,0.03,N,9
28,150000,MORTGAGE,12,HOMEIMPROVEMENT,B,15000,11.89,0,0.1,N,9
28,84000,RENT,3,HOMEIMPROVEMENT,B,15000,11.86,0,0.18,N,9
28,110000,MORTGAGE,7,HOMEIMPROVEMENT,B,10750,11.86,0,0.1,N,9
28,69000,OWN,11,HOMEIMPROVEMENT,B,6000,11.86,0,0.09,N,9
28,70000,RENT,0,HOMEIMPROVEMENT,B,16100,11.83,0,0.23,N,9
28,73000,MORTGAGE,6,VENTURE,B,15000,11.83,0,0.21,N,9
28,31200,RENT,5,MEDICAL,B,15000,11.83,1,0.48,N,9
28,30000,MORTGAGE,4,PERSONAL,C,7500,11.78,0,0.25,N,9
28,64000,MORTGAGE,7,EDUCATION,B,7000,11.71,0,0.11,N,9
28,43000,RENT,12,MEDICAL,B,5000,11.71,0,0.12,N,9
28,41600,OWN,0,VENTURE,B,13000,11.58,0,0.31,N,9
28,165000,RENT,3,DEBTCONSOLIDATION,B,35000,11.49,0,0.21,N,9
28,70000,OWN,7,VENTURE,B,8000,11.49,0,0.11,N,9
28,30000,RENT,2,DEBTCONSOLIDATION,B,6000,11.49,1,0.2,N,9
28,140000,MORTGAGE,11,HOMEIMPROVEMENT,B,5000,11.49,0,0.04,N,9
28,100000,MORTGAGE,6,MEDICAL,B,24000,11.48,0,0.24,N,9
28,48000,RENT,12,MEDICAL,B,7000,11.36,0,0.15,N,9
28,105000,MORTGAGE,1,MEDICAL,B,25000,11.12,0,0.24,N,9
28,43344,MORTGAGE,4,PERSONAL,B,10000,11.12,0,0.23,N,9
28,42000,RENT,0,VENTURE,B,12000,11.11,0,0.29,N,9
28,42000,RENT,0,EDUCATION,B,12000,11.11,0,0.29,N,9
28,36400,OWN,3,PERSONAL,B,7000,11.11,0,0.19,N,9
28,53000,RENT,11,HOMEIMPROVEMENT,C,5500,11.03,0,0.1,N,9
28,60000,MORTGAGE,5,PERSONAL,B,6000,10.99,0,0.1,N,9
28,20000,RENT,5,DEBTCONSOLIDATION,B,4000,10.99,0,0.2,N,9
28,200000,RENT,0,PERSONAL,C,16000,10.91,0,0.08,Y,9
28,74600,OWN,12,PERSONAL,C,9500,10.78,0,0.13,N,9
28,42000,MORTGAGE,4,PERSONAL,B,10000,10.75,0,0.24,N,9
28,63000,RENT,12,HOMEIMPROVEMENT,B,18000,10.65,0,0.29,N,9
28,88000,RENT,3,PERSONAL,B,10000,10.65,1,0.11,N,9
28,24000,RENT,8,VENTURE,B,8875,10.65,1,0.37,N,9
28,28800,RENT,2,VENTURE,B,5000,10.65,0,0.17,N,9
28,28800,RENT,1,VENTURE,B,12250,10.59,1,0.43,N,9
28,72000,RENT,8,PERSONAL,B,5000,10.59,0,0.07,N,9
28,50176,RENT,3,MEDICAL,B,5000,10.59,0,0.1,N,9
28,75000,RENT,3,EDUCATION,B,23000,10.51,1,0.31,N,9
28,36000,RENT,2,HOMEIMPROVEMENT,B,7500,10.39,1,0.21,N,9
28,54996,MORTGAGE,8,EDUCATION,B,16750,10.38,1,0.3,N,9
28,48996,RENT,12,MEDICAL,B,10000,10.37,1,0.2,N,9
28,15600,RENT,4,HOMEIMPROVEMENT,B,5000,10.37,1,0.32,N,9
28,50000,RENT,2,DEBTCONSOLIDATION,B,3000,10.37,0,0.06,N,9
28,50000,RENT,2,EDUCATION,B,3000,10.37,0,0.06,N,9
28,70000,RENT,2,DEBTCONSOLIDATION,B,6000,10.36,0,0.09,N,9
28,96120,MORTGAGE,,VENTURE,B,15000,10,0,0.16,N,9
28,62000,RENT,3,MEDICAL,B,9200,10,0,0.15,N,9
28,68000,RENT,2,EDUCATION,B,14800,9.99,0,0.22,N,9
28,125000,RENT,5,EDUCATION,B,10000,9.99,0,0.08,N,9
28,54000,MORTGAGE,3,VENTURE,B,10000,9.99,0,0.19,N,9
28,43150,RENT,3,VENTURE,B,6000,9.99,0,0.14,N,9
28,30000,RENT,5,PERSONAL,B,5825,9.99,0,0.19,N,9
28,73992,RENT,2,HOMEIMPROVEMENT,B,20000,9.96,0,0.27,N,9
28,38000,RENT,8,DEBTCONSOLIDATION,B,9000,9.96,0,0.24,N,9
28,62000,RENT,2,PERSONAL,B,3000,9.96,0,0.05,N,9
28,40000,MORTGAGE,9,PERSONAL,B,19200,9.91,0,0.48,N,9
28,91000,MORTGAGE,6,PERSONAL,B,15000,9.88,0,0.16,N,9
28,53000,RENT,0,DEBTCONSOLIDATION,B,7000,9.88,0,0.13,N,9
28,40000,RENT,12,PERSONAL,B,1000,9.88,0,0.03,N,9
28,25000,RENT,1,MEDICAL,B,12000,9.83,1,0.48,N,9
28,80000,RENT,0,VENTURE,B,22000,9.76,0,0.28,N,9
28,20000,RENT,0,MEDICAL,B,7500,9.76,1,0.38,N,9
28,150000,MORTGAGE,11,HOMEIMPROVEMENT,A,15000,9.63,0,0.1,N,9
28,92800,MORTGAGE,0,MEDICAL,A,12500,9.63,0,0.13,N,9
28,51000,RENT,5,HOMEIMPROVEMENT,A,8000,9.63,0,0.16,N,9
28,110000,MORTGAGE,12,PERSONAL,A,5000,9.63,0,0.05,N,9
28,38000,RENT,12,PERSONAL,A,3200,9.63,0,0.08,N,9
28,100000,MORTGAGE,2,PERSONAL,A,13500,9.38,0,0.14,N,9
28,42000,RENT,12,EDUCATION,A,10000,9.32,0,0.24,N,9
28,604000,MORTGAGE,12,PERSONAL,B,25000,9.01,1,0.04,N,9
28,604000,MORTGAGE,12,PERSONAL,B,25000,9.01,1,0.04,N,9
28,72000,MORTGAGE,12,VENTURE,A,15000,8.94,0,0.21,N,9
28,60000,MORTGAGE,12,MEDICAL,A,15000,8.94,0,0.25,N,9
28,101000,MORTGAGE,8,MEDICAL,A,15000,8.94,0,0.15,N,9
28,64600,MORTGAGE,12,MEDICAL,A,5000,8.94,1,0.07,N,9
28,75000,MORTGAGE,3,HOMEIMPROVEMENT,A,15000,8.9,0,0.2,N,9
28,60000,RENT,8,EDUCATION,A,10000,8.9,0,0.17,N,9
28,35000,RENT,0,HOMEIMPROVEMENT,A,5000,8.9,1,0.14,N,9
28,100000,MORTGAGE,13,PERSONAL,A,13000,8.59,0,0.13,N,9
28,36000,RENT,13,MEDICAL,A,10000,8.59,0,0.28,N,9
28,112123,RENT,2,VENTURE,A,7200,8.59,0,0.06,N,9
28,50000,MORTGAGE,8,EDUCATION,A,7000,8.59,0,0.14,N,9
28,105500,RENT,1,DEBTCONSOLIDATION,A,31000,8.49,0,0.29,N,9
28,71000,MORTGAGE,4,PERSONAL,A,12000,8.49,0,0.17,N,9
28,70000,MORTGAGE,3,DEBTCONSOLIDATION,A,8000,8.49,0,0.11,N,9
28,18000,RENT,9,HOMEIMPROVEMENT,A,7600,8.49,1,0.42,N,9
28,30422,OWN,12,PERSONAL,A,5000,8.49,0,0.16,N,9
28,18000,RENT,0,MEDICAL,A,2250,8.49,0,0.13,N,9
28,90000,MORTGAGE,7,PERSONAL,A,12000,8.32,0,0.13,N,9
28,101000,MORTGAGE,7,PERSONAL,A,6000,8.32,0,0.06,N,9
28,44500,MORTGAGE,4,VENTURE,A,6000,8,0,0.13,N,9
28,200000,MORTGAGE,12,EDUCATION,A,25000,7.9,0,0.13,N,9
28,78000,MORTGAGE,0,HOMEIMPROVEMENT,A,19700,7.9,0,0.25,N,9
28,92000,RENT,4,DEBTCONSOLIDATION,A,15000,7.9,0,0.16,N,9
28,66000,RENT,9,VENTURE,A,10000,7.9,0,0.15,N,9
28,94000,RENT,3,EDUCATION,A,3700,7.9,0,0.04,N,9
28,225000,MORTGAGE,12,PERSONAL,A,20000,7.88,0,0.09,N,9
28,32000,RENT,12,DEBTCONSOLIDATION,A,12000,7.88,1,0.38,N,9
28,56800,RENT,2,VENTURE,A,4000,7.88,0,0.07,N,9
28,50000,MORTGAGE,3,VENTURE,A,5000,7.74,0,0.1,N,9
28,98000,MORTGAGE,6,MEDICAL,A,1000,7.74,0,0.01,N,9
28,82000,MORTGAGE,8,EDUCATION,A,18000,7.66,0,0.22,N,9
28,33400,MORTGAGE,12,HOMEIMPROVEMENT,A,16700,7.66,0,0.5,N,9
28,33280,RENT,6,PERSONAL,A,12000,7.66,1,0.36,N,9
28,60000,OWN,12,EDUCATION,A,7000,7.66,0,0.12,N,9
28,77385,RENT,3,DEBTCONSOLIDATION,A,6000,7.66,0,0.08,N,9
28,75000,RENT,5,PERSONAL,A,11000,7.51,0,0.15,N,9
28,55704,MORTGAGE,12,DEBTCONSOLIDATION,A,8400,7.51,0,0.15,N,9
28,21084,OWN,,EDUCATION,A,7750,7.51,0,0.37,N,9
28,80748,MORTGAGE,5,MEDICAL,A,5000,7.51,0,0.06,N,9
28,25000,RENT,1,VENTURE,A,5000,7.51,0,0.2,N,9
28,110000,MORTGAGE,12,DEBTCONSOLIDATION,A,4800,7.51,0,0.04,N,9
28,56000,MORTGAGE,4,DEBTCONSOLIDATION,A,15000,7.49,0,0.27,N,9
28,82500,MORTGAGE,12,MEDICAL,A,11000,7.49,0,0.13,N,9
28,43200,RENT,1,MEDICAL,A,3000,7.49,0,0.07,N,9
28,21000,RENT,3,PERSONAL,A,1000,7.49,0,0.05,N,9
28,15000,RENT,1,PERSONAL,A,5000,7.4,1,0.33,N,9
28,186000,OTHER,3,VENTURE,A,2500,7.4,0,0.01,N,9
28,56000,RENT,4,PERSONAL,A,6400,7.29,0,0.11,N,9
28,35000,RENT,4,DEBTCONSOLIDATION,A,2400,7.29,1,0.07,N,9
28,58000,MORTGAGE,3,VENTURE,A,4000,7.14,0,0.07,N,9
28,19992,RENT,12,EDUCATION,A,3000,7.14,1,0.15,N,9
28,80000,MORTGAGE,1,PERSONAL,A,3100,7.05,0,0.04,N,9
28,48528,MORTGAGE,12,EDUCATION,A,10000,6.99,0,0.21,N,9
28,70000,MORTGAGE,13,MEDICAL,A,5000,6.99,0,0.07,N,9
28,50000,RENT,0,VENTURE,A,7000,6.92,0,0.14,N,9
28,90522,MORTGAGE,4,DEBTCONSOLIDATION,A,12000,6.91,0,0.13,N,9
28,107364,MORTGAGE,12,HOMEIMPROVEMENT,A,8000,6.76,0,0.07,N,9
28,107364,MORTGAGE,12,DEBTCONSOLIDATION,A,8000,6.76,0,0.07,N,9
28,92000,MORTGAGE,5,VENTURE,A,6000,6.76,0,0.07,N,9
28,58800,MORTGAGE,11,VENTURE,A,5500,6.76,0,0.09,N,9
28,30000,MORTGAGE,4,EDUCATION,A,3000,6.76,0,0.1,N,9
28,30000,MORTGAGE,4,HOMEIMPROVEMENT,A,3000,6.76,0,0.1,N,9
28,70254,OWN,12,VENTURE,A,3500,6.62,0,0.05,N,9
28,69996,RENT,8,DEBTCONSOLIDATION,A,3500,6.62,0,0.05,N,9
28,150086,RENT,5,MEDICAL,A,12000,6.54,0,0.08,N,9
28,54000,MORTGAGE,1,PERSONAL,A,11000,6.54,0,0.2,N,9
28,60000,RENT,4,HOMEIMPROVEMENT,A,10000,6.54,0,0.17,N,9
28,80000,OWN,1,MEDICAL,A,3000,6.54,0,0.04,N,9
28,115000,RENT,0,VENTURE,A,2850,6.54,0,0.02,N,9
28,73000,MORTGAGE,9,DEBTCONSOLIDATION,A,15600,6.03,0,0.21,N,9
28,42682,RENT,1,PERSONAL,A,8000,6.03,0,0.19,N,9
28,70920,MORTGAGE,12,PERSONAL,A,7600,6.03,0,0.11,N,9
28,140000,RENT,0,DEBTCONSOLIDATION,A,7400,6.03,0,0.05,N,9
28,50000,OWN,12,VENTURE,A,6000,6.03,0,0.12,N,9
28,40000,MORTGAGE,12,HOMEIMPROVEMENT,A,15000,5.99,0,0.38,N,9
28,140000,MORTGAGE,12,VENTURE,A,9000,5.99,0,0.06,N,9
28,53000,RENT,2,MEDICAL,A,8500,5.79,0,0.16,N,9
28,66000,MORTGAGE,2,VENTURE,A,6500,5.79,0,0.1,N,9
28,40000,MORTGAGE,12,HOMEIMPROVEMENT,A,11200,5.42,0,0.28,N,9
28,99996,MORTGAGE,6,VENTURE,A,10000,5.42,0,0.1,N,9
28,47820,OWN,12,MEDICAL,A,6000,5.42,0,0.13,N,9
28,42000,MORTGAGE,5,HOMEIMPROVEMENT,A,6000,5.42,0,0.14,N,9
28,45100,MORTGAGE,2,VENTURE,A,6000,5.42,0,0.13,N,9
28,69000,MORTGAGE,4,EDUCATION,D,30000,,1,0.43,Y,9
28,145000,MORTGAGE,9,VENTURE,B,25000,,0,0.17,N,9
28,71250,RENT,2,PERSONAL,F,21000,,1,0.29,Y,9
28,104000,MORTGAGE,12,PERSONAL,D,20000,,0,0.19,N,9
28,192000,MORTGAGE,8,MEDICAL,B,20000,,0,0.1,N,9
28,350000,RENT,1,DEBTCONSOLIDATION,B,20000,,0,0.06,N,9
28,115000,MORTGAGE,3,EDUCATION,A,18500,,0,0.16,N,9
28,51850,RENT,12,MEDICAL,F,15000,,1,0.25,N,9
28,30000,MORTGAGE,5,VENTURE,A,15000,,0,0.5,N,9
28,32568,RENT,3,EDUCATION,D,15000,,1,0.46,N,9
28,78000,MORTGAGE,12,HOMEIMPROVEMENT,B,13000,,0,0.17,N,9
28,78000,MORTGAGE,12,MEDICAL,B,13000,,0,0.17,N,9
28,35328,MORTGAGE,12,DEBTCONSOLIDATION,A,13000,,0,0.37,N,9
28,37500,RENT,4,DEBTCONSOLIDATION,C,12000,,1,0.32,N,9
28,75000,MORTGAGE,6,HOMEIMPROVEMENT,A,10500,,0,0.14,N,9
28,50000,MORTGAGE,13,HOMEIMPROVEMENT,B,8450,,0,0.17,N,9
28,55000,MORTGAGE,7,PERSONAL,A,8000,,0,0.15,N,9
28,42000,MORTGAGE,12,VENTURE,A,7300,,0,0.17,N,9
28,50000,RENT,4,PERSONAL,B,7200,,0,0.14,N,9
28,52000,RENT,0,DEBTCONSOLIDATION,B,7000,,0,0.13,N,9
28,83000,MORTGAGE,6,DEBTCONSOLIDATION,B,5000,,0,0.06,N,9
28,18600,RENT,4,MEDICAL,D,5000,,1,0.27,Y,9
28,60000,MORTGAGE,4,HOMEIMPROVEMENT,B,4800,,0,0.08,N,9
28,12000,RENT,0,MEDICAL,B,4000,,1,0.33,N,9
28,25596,RENT,12,VENTURE,B,3000,,0,0.12,N,9
28,53100,RENT,4,MEDICAL,D,3000,,1,0.06,N,9
28,40000,RENT,1,MEDICAL,C,1700,,0,0.04,N,9
28,40000,RENT,1,PERSONAL,C,1700,,0,0.04,Y,9
28,128000,MORTGAGE,11,DEBTCONSOLIDATION,G,14400,22.11,1,0.11,Y,8
28,123000,OWN,0,DEBTCONSOLIDATION,G,22000,20.86,1,0.18,Y,8
28,41000,RENT,11,PERSONAL,E,4000,18.64,1,0.1,N,8
28,70000,RENT,3,PERSONAL,E,3500,18.39,0,0.05,Y,8
28,288000,RENT,5,DEBTCONSOLIDATION,E,25000,17.93,1,0.09,N,8
28,60000,MORTGAGE,12,HOMEIMPROVEMENT,D,3000,17.49,0,0.05,N,8
28,127500,MORTGAGE,5,MEDICAL,E,20000,17.04,1,0.13,Y,8
28,225000,MORTGAGE,11,EDUCATION,E,9000,16.95,1,0.04,Y,8
28,91800,MORTGAGE,6,MEDICAL,D,10000,16.89,1,0.09,Y,8
28,44000,RENT,3,MEDICAL,E,19000,16.82,1,0.43,N,8
28,35000,RENT,4,PERSONAL,D,10000,16.77,0,0.29,Y,8
28,60000,RENT,12,HOMEIMPROVEMENT,D,1500,16.77,0,0.03,Y,8
28,85000,MORTGAGE,5,EDUCATION,D,16800,16.49,0,0.2,N,8
28,54000,RENT,1,VENTURE,E,24000,16.45,1,0.44,Y,8
28,60996,MORTGAGE,11,PERSONAL,E,24250,16.4,0,0.4,N,8
28,82500,RENT,4,VENTURE,E,11000,16.35,0,0.13,N,8
28,65025,RENT,4,MEDICAL,E,11000,16.35,1,0.14,Y,8
28,42000,RENT,1,PERSONAL,E,3200,16.32,1,0.08,Y,8
28,70000,OWN,6,VENTURE,D,14000,16.29,0,0.2,Y,8
28,66725,RENT,3,MEDICAL,D,9000,16.29,1,0.11,N,8
28,39000,RENT,6,MEDICAL,D,3600,16.29,1,0.09,N,8
28,60000,RENT,4,MEDICAL,D,16000,16.07,1,0.27,Y,8
28,54400,MORTGAGE,6,MEDICAL,D,5000,16.07,1,0.08,N,8
28,216000,MORTGAGE,12,VENTURE,D,15000,16.02,0,0.07,Y,8
28,54000,RENT,11,DEBTCONSOLIDATION,D,10000,16.02,1,0.19,Y,8
28,45000,MORTGAGE,5,HOMEIMPROVEMENT,D,15000,15.99,0,0.33,Y,8
28,36000,OWN,0,PERSONAL,D,2500,15.99,0,0.07,Y,8
28,45000,OWN,11,MEDICAL,C,10500,15.96,0,0.23,N,8
28,32000,RENT,0,DEBTCONSOLIDATION,C,5500,15.96,0,0.17,Y,8
28,40000,RENT,1,PERSONAL,C,3700,15.96,0,0.09,N,8
28,35380,MORTGAGE,9,EDUCATION,C,2050,15.96,0,0.06,Y,8
28,51500,RENT,2,DEBTCONSOLIDATION,D,20000,15.65,1,0.39,Y,8
28,91800,MORTGAGE,1,MEDICAL,D,15000,15.37,1,0.14,Y,8
28,108000,RENT,2,DEBTCONSOLIDATION,D,20000,15.31,1,0.19,Y,8
28,48000,MORTGAGE,13,MEDICAL,C,5000,15.27,1,0.1,Y,8
28,43680,RENT,3,EDUCATION,C,4475,15.27,0,0.1,N,8
28,150000,MORTGAGE,0,VENTURE,E,25000,15.25,0,0.17,Y,8
28,54000,MORTGAGE,12,MEDICAL,C,6000,15.23,1,0.11,N,8
28,78408,MORTGAGE,,EDUCATION,C,6000,15.23,0,0.08,N,8
28,27600,RENT,8,DEBTCONSOLIDATION,C,4000,15.23,0,0.14,N,8
28,36000,MORTGAGE,12,MEDICAL,C,1925,15.23,0,0.05,Y,8
28,74000,RENT,0,DEBTCONSOLIDATION,D,5000,15.21,1,0.07,N,8
28,66000,RENT,12,PERSONAL,D,2475,15.05,1,0.04,Y,8
28,209000,OWN,4,HOMEIMPROVEMENT,D,15000,14.84,0,0.07,N,8
28,44000,OWN,10,PERSONAL,D,7500,14.84,0,0.17,Y,8
28,39000,MORTGAGE,13,MEDICAL,D,3375,14.83,1,0.09,N,8
28,90000,MORTGAGE,12,HOMEIMPROVEMENT,C,5000,14.79,0,0.06,Y,8
28,92801,MORTGAGE,12,MEDICAL,D,20000,14.74,1,0.18,Y,8
28,53000,RENT,0,MEDICAL,C,12000,14.72,0,0.23,N,8
28,28800,RENT,1,EDUCATION,C,15000,14.65,1,0.52,Y,8
28,33600,RENT,0,MEDICAL,D,13000,14.61,1,0.39,N,8
28,34000,RENT,0,EDUCATION,D,12000,14.61,1,0.35,Y,8
28,28320,RENT,4,VENTURE,D,8700,14.61,1,0.31,N,8
28,37200,RENT,,HOMEIMPROVEMENT,D,9000,14.59,1,0.24,Y,8
28,48876,RENT,5,PERSONAL,D,3000,14.59,0,0.06,N,8
28,202040,MORTGAGE,12,PERSONAL,D,12000,14.46,0,0.06,Y,8
28,150000,RENT,1,MEDICAL,C,12500,14.35,0,0.08,Y,8
28,48000,RENT,7,MEDICAL,C,4000,14.35,0,0.08,N,8
28,103800,MORTGAGE,,MEDICAL,C,10000,14.27,0,0.1,Y,8
28,29950,RENT,4,EDUCATION,C,3825,14.27,0,0.13,N,8
28,99700,RENT,2,DEBTCONSOLIDATION,C,18600,14.26,0,0.19,Y,8
28,29000,RENT,6,EDUCATION,C,13000,14.26,1,0.45,Y,8
28,66920,RENT,12,DEBTCONSOLIDATION,C,5000,14.26,0,0.07,Y,8
28,130000,RENT,0,HOMEIMPROVEMENT,C,3000,14.22,0,0.02,N,8
28,80000,MORTGAGE,5,HOMEIMPROVEMENT,C,15000,14.17,0,0.19,N,8
28,31000,RENT,7,MEDICAL,D,3600,14.11,1,0.12,Y,8
28,60000,OWN,1,HOMEIMPROVEMENT,D,22000,14.09,0,0.37,Y,8
28,58000,RENT,5,HOMEIMPROVEMENT,D,19000,14.09,1,0.33,N,8
28,26004,RENT,0,PERSONAL,C,2500,13.99,0,0.1,Y,8
28,65000,RENT,2,MEDICAL,C,7200,13.98,0,0.11,Y,8
28,30000,MORTGAGE,3,MEDICAL,C,6000,13.98,0,0.2,Y,8
28,16800,OWN,,MEDICAL,C,5000,13.98,1,0.3,N,8
28,102058,MORTGAGE,13,EDUCATION,C,15000,13.92,0,0.15,Y,8
28,80000,RENT,3,HOMEIMPROVEMENT,C,17000,13.85,0,0.21,Y,8
28,115000,MORTGAGE,12,VENTURE,C,16000,13.85,0,0.14,Y,8
28,52000,RENT,0,MEDICAL,C,5600,13.85,0,0.11,Y,8
28,69996,RENT,1,VENTURE,C,11000,13.79,0,0.16,N,8
28,64500,MORTGAGE,1,VENTURE,C,4000,13.79,1,0.06,Y,8
28,100000,OWN,5,VENTURE,C,11000,13.61,0,0.11,Y,8
28,60000,RENT,7,EDUCATION,C,9600,13.57,0,0.16,Y,8
28,130000,MORTGAGE,2,HOMEIMPROVEMENT,D,12000,13.55,0,0.09,Y,8
28,63000,MORTGAGE,7,EDUCATION,C,8575,13.49,0,0.14,N,8
28,57000,RENT,2,HOMEIMPROVEMENT,C,6000,13.49,0,0.11,Y,8
28,40000,RENT,0,MEDICAL,C,5600,13.49,0,0.14,N,8
28,90000,RENT,0,VENTURE,C,4000,13.49,0,0.04,N,8
28,32000,RENT,0,DEBTCONSOLIDATION,C,2600,13.49,0,0.08,N,8
28,18000,RENT,0,PERSONAL,C,1000,13.49,1,0.06,N,8
28,28896,RENT,6,PERSONAL,C,15000,13.48,1,0.52,Y,8
28,46739,RENT,0,MEDICAL,C,11200,13.48,0,0.24,N,8
28,44000,RENT,2,MEDICAL,C,10000,13.48,1,0.23,N,8
28,30000,RENT,1,EDUCATION,C,4800,13.47,0,0.16,N,8
28,58000,MORTGAGE,0,VENTURE,C,12500,13.43,0,0.22,N,8
28,34000,OWN,5,MEDICAL,C,7000,13.35,0,0.21,Y,8
28,128400,MORTGAGE,3,PERSONAL,C,4000,13.35,0,0.03,Y,8
28,80000,MORTGAGE,1,HOMEIMPROVEMENT,D,20000,13.24,0,0.25,N,8
28,25000,RENT,2,EDUCATION,C,3000,13.22,0,0.12,Y,8
28,35000,MORTGAGE,5,PERSONAL,C,9600,13.16,0,0.27,N,8
28,14400,RENT,2,MEDICAL,C,4000,13.11,1,0.28,Y,8
28,44928,MORTGAGE,5,VENTURE,C,1000,13.06,0,0.02,Y,8
28,54400,MORTGAGE,12,MEDICAL,C,18000,12.99,1,0.28,Y,8
28,82000,MORTGAGE,0,VENTURE,C,15000,12.98,0,0.18,Y,8
28,82000,MORTGAGE,0,MEDICAL,C,15000,12.98,0,0.18,Y,8
28,30000,OWN,1,HOMEIMPROVEMENT,C,7500,12.98,0,0.25,N,8
28,61350,RENT,12,DEBTCONSOLIDATION,C,7000,12.98,1,0.11,Y,8
28,48500,RENT,4,PERSONAL,C,15000,12.87,1,0.31,Y,8
28,24000,RENT,0,DEBTCONSOLIDATION,C,10000,12.87,1,0.42,N,8
28,90000,OWN,7,MEDICAL,C,8400,12.87,0,0.09,N,8
28,108000,MORTGAGE,4,VENTURE,C,5000,12.87,0,0.05,N,8
28,38688,RENT,2,EDUCATION,C,3000,12.73,0,0.08,Y,8
28,68666,RENT,7,DEBTCONSOLIDATION,B,21000,12.69,1,0.31,N,8
28,64049,MORTGAGE,7,PERSONAL,B,20000,12.69,0,0.31,N,8
28,35000,RENT,1,PERSONAL,B,7000,12.69,0,0.2,N,8
28,112000,RENT,1,MEDICAL,B,6000,12.69,0,0.05,N,8
28,43500,MORTGAGE,12,EDUCATION,B,4000,12.69,0,0.09,N,8
28,19200,RENT,0,DEBTCONSOLIDATION,B,4000,12.69,1,0.21,N,8
28,12000,RENT,0,PERSONAL,C,2400,12.68,1,0.2,Y,8
28,12000,RENT,0,MEDICAL,C,2400,12.68,1,0.2,N,8
28,40000,RENT,2,MEDICAL,B,9000,12.53,0,0.23,N,8
28,24996,RENT,2,DEBTCONSOLIDATION,C,7000,12.53,0,0.28,N,8
28,50500,RENT,3,PERSONAL,C,5200,12.53,0,0.1,Y,8
28,50500,RENT,3,HOMEIMPROVEMENT,C,5200,12.53,0,0.1,N,8
28,15600,RENT,0,EDUCATION,B,1200,12.53,0,0.08,N,8
28,47000,MORTGAGE,5,HOMEIMPROVEMENT,B,9000,12.42,0,0.19,N,8
28,20000,RENT,4,MEDICAL,B,8000,12.42,1,0.4,N,8
28,30000,RENT,2,MEDICAL,B,7700,12.42,0,0.26,N,8
28,97296,MORTGAGE,12,HOMEIMPROVEMENT,B,6500,12.42,0,0.07,N,8
28,56000,MORTGAGE,5,MEDICAL,C,5050,12.29,1,0.09,Y,8
28,51043,MORTGAGE,12,PERSONAL,C,2100,12.29,1,0.04,N,8
28,75000,RENT,4,DEBTCONSOLIDATION,B,9000,12.21,0,0.12,N,8
28,76992,MORTGAGE,8,EDUCATION,B,1800,12.18,0,0.02,N,8
28,24000,MORTGAGE,2,HOMEIMPROVEMENT,B,9600,11.99,0,0.4,N,8
28,52000,RENT,3,HOMEIMPROVEMENT,B,7000,11.99,0,0.13,N,8
28,30000,RENT,4,VENTURE,B,3900,11.99,0,0.13,N,8
28,72000,MORTGAGE,9,HOMEIMPROVEMENT,B,18000,11.89,0,0.25,N,8
28,40000,RENT,2,MEDICAL,B,14000,11.89,1,0.35,N,8
28,52692,MORTGAGE,0,HOMEIMPROVEMENT,B,4500,11.89,0,0.09,N,8
28,159000,MORTGAGE,3,PERSONAL,B,15000,11.86,0,0.09,N,8
28,40000,RENT,2,PERSONAL,B,7500,11.86,0,0.19,N,8
28,24000,RENT,0,EDUCATION,B,5000,11.86,0,0.21,N,8
28,48000,RENT,2,VENTURE,B,4600,11.86,0,0.1,N,8
28,160000,OWN,12,PERSONAL,B,23000,11.83,0,0.14,N,8
28,126000,MORTGAGE,2,HOMEIMPROVEMENT,B,12000,11.71,0,0.1,N,8
28,84000,RENT,1,PERSONAL,B,12000,11.71,0,0.14,N,8
28,35000,OWN,3,VENTURE,B,10400,11.71,0,0.3,N,8
28,74000,RENT,12,HOMEIMPROVEMENT,B,10000,11.71,0,0.14,N,8
28,70000,MORTGAGE,4,DEBTCONSOLIDATION,B,5000,11.71,0,0.07,N,8
28,37620,MORTGAGE,5,EDUCATION,B,4000,11.71,0,0.11,N,8
28,68000,MORTGAGE,7,HOMEIMPROVEMENT,B,2500,11.71,0,0.04,N,8
28,64000,RENT,1,HOMEIMPROVEMENT,C,10000,11.66,0,0.16,Y,8
28,38643,RENT,7,PERSONAL,B,12000,11.58,1,0.31,N,8
28,55000,MORTGAGE,4,VENTURE,B,10650,11.58,0,0.19,N,8
28,72800,RENT,12,HOMEIMPROVEMENT,B,9425,11.49,0,0.13,N,8
28,39000,RENT,12,DEBTCONSOLIDATION,B,5250,11.49,0,0.13,N,8
28,86400,RENT,1,HOMEIMPROVEMENT,B,2425,11.49,0,0.03,N,8
28,50123,MORTGAGE,11,PERSONAL,B,2200,11.49,0,0.04,N,8
28,42200,MORTGAGE,5,VENTURE,B,13200,11.48,0,0.31,N,8
28,75000,MORTGAGE,3,HOMEIMPROVEMENT,B,6000,11.48,0,0.08,N,8
28,63000,RENT,4,MEDICAL,B,25000,11.36,1,0.4,N,8
28,90000,MORTGAGE,12,EDUCATION,B,21000,11.36,0,0.23,N,8
28,56052,RENT,8,VENTURE,C,7200,11.28,0,0.13,Y,8
28,165000,MORTGAGE,5,DEBTCONSOLIDATION,B,12400,11.26,0,0.08,N,8
28,30000,RENT,1,MEDICAL,B,14500,11.14,1,0.48,N,8
28,71400,RENT,5,MEDICAL,B,5000,11.12,1,0.06,N,8
28,18000,RENT,,VENTURE,B,4000,11.12,1,0.22,N,8
28,37090,RENT,2,MEDICAL,B,3000,11.12,0,0.08,N,8
28,27504,OWN,4,PERSONAL,B,2000,11.12,0,0.07,N,8
28,72000,OWN,6,MEDICAL,B,25000,11.11,0,0.35,N,8
28,36000,RENT,0,MEDICAL,B,10000,11.11,0,0.28,N,8
28,35000,RENT,0,PERSONAL,B,3000,11.11,1,0.09,N,8
28,108000,MORTGAGE,6,PERSONAL,B,27400,10.99,0,0.25,N,8
28,55000,RENT,10,EDUCATION,B,13000,10.99,0,0.24,N,8
28,100000,MORTGAGE,12,DEBTCONSOLIDATION,B,12000,10.99,0,0.12,N,8
28,15000,RENT,1,MEDICAL,B,4800,10.99,1,0.32,N,8
28,52000,MORTGAGE,5,HOMEIMPROVEMENT,B,2800,10.99,0,0.05,N,8
28,61500,RENT,1,HOMEIMPROVEMENT,B,4000,10.95,0,0.07,N,8
28,38196,MORTGAGE,5,PERSONAL,B,10750,10.75,0,0.28,N,8
28,46097,MORTGAGE,12,DEBTCONSOLIDATION,B,6000,10.75,0,0.13,N,8
28,46097,MORTGAGE,12,DEBTCONSOLIDATION,B,6000,10.75,0,0.13,N,8
28,52000,RENT,0,HOMEIMPROVEMENT,B,4000,10.75,0,0.08,N,8
28,50000,RENT,12,DEBTCONSOLIDATION,B,10000,10.74,0,0.2,N,8
28,55000,RENT,3,MEDICAL,B,6000,10.74,0,0.11,N,8
28,62000,RENT,0,VENTURE,B,12000,10.65,0,0.19,N,8
28,57000,RENT,0,HOMEIMPROVEMENT,B,6800,10.65,0,0.12,N,8
28,110000,MORTGAGE,0,HOMEIMPROVEMENT,B,6000,10.65,0,0.05,N,8
28,20000,RENT,4,PERSONAL,B,5000,10.65,0,0.25,N,8
28,58650,RENT,13,MEDICAL,B,20000,10.59,1,0.29,N,8
28,50820,MORTGAGE,12,PERSONAL,B,10000,10.59,1,0.2,N,8
28,28800,MORTGAGE,2,EDUCATION,B,2000,10.59,0,0.07,N,8
28,142000,MORTGAGE,3,EDUCATION,B,18000,10.38,0,0.13,N,8
28,61200,RENT,12,MEDICAL,B,8000,10.38,1,0.11,N,8
28,62496,RENT,1,DEBTCONSOLIDATION,B,13000,10.37,0,0.21,N,8
28,66887,MORTGAGE,2,VENTURE,B,25000,10.36,0,0.37,N,8
28,78000,MORTGAGE,4,HOMEIMPROVEMENT,B,24000,10.25,1,0.31,N,8
28,58100,RENT,4,MEDICAL,B,10000,10.25,0,0.17,N,8
28,49000,MORTGAGE,5,MEDICAL,B,4750,10.25,0,0.1,N,8
28,63000,MORTGAGE,1,HOMEIMPROVEMENT,B,11500,9.99,0,0.18,N,8
28,47200,RENT,3,PERSONAL,B,10000,9.99,0,0.21,N,8
28,80000,RENT,7,VENTURE,B,3025,9.99,0,0.04,N,8
28,53796,MORTGAGE,12,HOMEIMPROVEMENT,B,7000,9.91,0,0.13,N,8
28,69000,MORTGAGE,12,DEBTCONSOLIDATION,B,10000,9.88,0,0.14,N,8
28,103241,RENT,2,DEBTCONSOLIDATION,B,10000,9.88,0,0.1,N,8
28,41000,RENT,1,MEDICAL,B,9000,9.88,0,0.22,N,8
28,30000,RENT,3,MEDICAL,B,5000,9.88,0,0.17,N,8
28,92004,MORTGAGE,2,VENTURE,A,7000,9.63,0,0.08,N,8
28,13500,OWN,0,VENTURE,A,6700,9.63,1,0.5,N,8
28,82300,RENT,3,VENTURE,A,3600,9.63,0,0.04,N,8
28,30500,RENT,4,MEDICAL,A,3000,9.63,0,0.1,N,8
28,95000,OWN,4,HOMEIMPROVEMENT,B,25000,9.62,0,0.26,N,8
28,25200,RENT,2,EDUCATION,B,3700,9.62,0,0.15,N,8
28,44500,MORTGAGE,5,DEBTCONSOLIDATION,B,20000,9.45,0,0.45,N,8
28,40000,MORTGAGE,6,PERSONAL,A,10000,9.32,0,0.25,N,8
28,55000,RENT,1,MEDICAL,A,10000,9.32,0,0.18,N,8
28,37000,RENT,3,DEBTCONSOLIDATION,A,7000,9.32,0,0.19,N,8
28,30784,RENT,0,PERSONAL,A,6000,9.32,0,0.19,N,8
28,77250,RENT,1,HOMEIMPROVEMENT,B,10000,9.2,0,0.13,N,8
28,85000,RENT,1,EDUCATION,A,14400,9.07,0,0.17,N,8
28,30000,MORTGAGE,2,MEDICAL,A,10500,8.94,0,0.35,N,8
28,30000,MORTGAGE,2,VENTURE,A,10500,8.94,0,0.35,N,8
28,69000,MORTGAGE,2,EDUCATION,A,10000,8.94,0,0.14,N,8
28,90000,RENT,1,PERSONAL,A,10200,8.9,0,0.11,N,8
28,27600,OWN,2,HOMEIMPROVEMENT,A,6000,8.9,0,0.22,N,8
28,61104,MORTGAGE,2,HOMEIMPROVEMENT,A,4400,8.9,0,0.07,N,8
28,32400,MORTGAGE,,PERSONAL,B,2500,8.88,1,0.08,N,8
28,54000,MORTGAGE,9,EDUCATION,A,10000,8.59,0,0.19,N,8
28,56100,MORTGAGE,12,MEDICAL,A,10000,8.49,1,0.15,N,8
28,39912,MORTGAGE,2,EDUCATION,A,10000,8.49,1,0.25,N,8
28,39750,RENT,5,EDUCATION,A,7250,8.49,0,0.18,N,8
28,42000,RENT,9,EDUCATION,A,2500,8.49,0,0.06,N,8
28,53040,RENT,6,DEBTCONSOLIDATION,A,1700,8.49,0,0.03,N,8
28,90000,MORTGAGE,7,EDUCATION,A,12000,8.32,0,0.13,N,8
28,150000,MORTGAGE,6,VENTURE,A,10000,8.07,0,0.07,N,8
28,115000,MORTGAGE,6,HOMEIMPROVEMENT,A,10000,8,0,0.09,N,8
28,58600,OTHER,1,HOMEIMPROVEMENT,A,4550,8,0,0.08,N,8
28,54000,RENT,2,MEDICAL,A,20000,7.9,1,0.37,N,8
28,79536,MORTGAGE,12,PERSONAL,A,16425,7.9,0,0.21,N,8
28,62000,RENT,0,EDUCATION,A,15000,7.9,0,0.24,N,8
28,39000,RENT,6,EDUCATION,A,14000,7.9,1,0.36,N,8
28,70000,RENT,1,DEBTCONSOLIDATION,A,7800,7.9,0,0.11,N,8
28,70000,RENT,1,EDUCATION,A,7800,7.9,0,0.11,N,8
28,53000,OWN,3,EDUCATION,A,7475,7.9,0,0.14,N,8
28,21000,RENT,6,DEBTCONSOLIDATION,A,6250,7.9,0,0.3,N,8
28,86400,MORTGAGE,,DEBTCONSOLIDATION,A,5000,7.9,0,0.06,N,8
28,33000,MORTGAGE,9,PERSONAL,A,4000,7.9,1,0.12,N,8
28,60000,MORTGAGE,0,PERSONAL,A,4000,7.9,0,0.07,N,8
28,75000,MORTGAGE,11,PERSONAL,A,3000,7.9,1,0.04,N,8
28,60000,RENT,3,DEBTCONSOLIDATION,A,19200,7.88,1,0.32,N,8
28,56864,MORTGAGE,5,MEDICAL,A,12300,7.88,0,0.22,N,8
28,100000,MORTGAGE,13,HOMEIMPROVEMENT,A,12000,7.88,0,0.12,N,8
28,52300,RENT,1,MEDICAL,A,10800,7.88,0,0.21,N,8
28,60000,RENT,12,DEBTCONSOLIDATION,A,4600,7.88,0,0.08,N,8
28,20400,MORTGAGE,4,EDUCATION,A,2075,7.88,0,0.1,N,8
28,17004,RENT,4,HOMEIMPROVEMENT,A,3500,7.68,1,0.21,N,8
28,125000,OWN,4,PERSONAL,A,10000,7.51,0,0.08,N,8
28,66000,RENT,12,DEBTCONSOLIDATION,A,8400,7.51,1,0.13,N,8
28,85100,MORTGAGE,12,EDUCATION,A,8000,7.51,0,0.09,N,8
28,49000,MORTGAGE,4,MEDICAL,A,7000,7.51,0,0.14,N,8
28,115000,MORTGAGE,11,HOMEIMPROVEMENT,A,5000,7.51,0,0.04,N,8
28,50000,RENT,4,PERSONAL,A,15000,7.49,0,0.3,N,8
28,39000,RENT,0,MEDICAL,A,9600,7.49,0,0.25,N,8
28,81120,RENT,0,PERSONAL,A,8350,7.49,0,0.1,N,8
28,45000,MORTGAGE,12,HOMEIMPROVEMENT,A,8000,7.49,0,0.18,N,8
28,100000,MORTGAGE,2,EDUCATION,A,4000,7.49,0,0.04,N,8
28,26000,OWN,3,HOMEIMPROVEMENT,A,2500,7.49,0,0.1,N,8
28,31000,OWN,0,HOMEIMPROVEMENT,A,1000,7.4,0,0.03,N,8
28,17573,RENT,1,MEDICAL,A,3000,7.37,1,0.17,N,8
28,55000,RENT,7,EDUCATION,A,1500,7.37,0,0.03,N,8
28,65000,MORTGAGE,2,MEDICAL,A,7500,7.29,0,0.12,N,8
28,64000,MORTGAGE,3,VENTURE,A,7200,7.29,0,0.11,N,8
28,48000,RENT,4,EDUCATION,A,5000,7.29,0,0.1,N,8
28,39500,MORTGAGE,11,EDUCATION,A,11000,7.14,0,0.28,N,8
28,141000,MORTGAGE,4,HOMEIMPROVEMENT,A,9000,7.14,0,0.06,N,8
28,83500,MORTGAGE,1,EDUCATION,A,8000,7.14,0,0.1,N,8
28,59000,MORTGAGE,12,VENTURE,A,5000,7.14,0,0.08,N,8
28,32640,RENT,3,MEDICAL,A,4500,7.14,0,0.14,N,8
28,40800,MORTGAGE,12,EDUCATION,A,6700,6.99,0,0.16,N,8
28,42000,RENT,7,MEDICAL,A,2250,6.99,1,0.05,N,8
28,52000,RENT,12,VENTURE,A,10000,6.92,0,0.19,N,8
28,51000,RENT,3,HOMEIMPROVEMENT,A,10000,6.92,0,0.2,N,8
28,48000,MORTGAGE,1,EDUCATION,A,10000,6.92,0,0.21,N,8
28,85000,MORTGAGE,1,MEDICAL,A,5000,6.92,0,0.06,N,8
28,90700,MORTGAGE,11,HOMEIMPROVEMENT,A,20000,6.91,0,0.22,N,8
28,36000,MORTGAGE,4,MEDICAL,A,4000,6.91,0,0.11,N,8
28,34000,MORTGAGE,12,HOMEIMPROVEMENT,A,3700,6.91,1,0.11,N,8
28,46000,RENT,0,MEDICAL,A,2500,6.91,0,0.05,N,8
28,150000,OWN,12,HOMEIMPROVEMENT,A,8500,6.76,0,0.06,N,8
28,158367,MORTGAGE,5,MEDICAL,A,12000,6.62,0,0.08,N,8
28,72000,MORTGAGE,12,MEDICAL,A,4500,6.62,0,0.06,N,8
28,70000,MORTGAGE,7,MEDICAL,A,4000,6.39,0,0.06,N,8
28,70000,MORTGAGE,12,PERSONAL,A,3000,6.39,0,0.04,N,8
28,81000,MORTGAGE,11,PERSONAL,A,6000,6.17,0,0.07,N,8
28,75000,MORTGAGE,5,MEDICAL,A,16800,6.03,0,0.22,N,8
28,64000,MORTGAGE,5,VENTURE,A,12000,6.03,0,0.19,N,8
28,65500,MORTGAGE,11,HOMEIMPROVEMENT,A,11000,6.03,0,0.17,N,8
28,20400,RENT,12,EDUCATION,A,6000,6.03,0,0.29,N,8
28,30000,MORTGAGE,,VENTURE,A,6000,6.03,0,0.2,N,8
28,35000,MORTGAGE,12,EDUCATION,A,12000,5.99,0,0.34,N,8
28,60000,MORTGAGE,2,EDUCATION,A,6000,5.99,0,0.1,N,8
28,60000,MORTGAGE,13,DEBTCONSOLIDATION,A,12000,5.79,0,0.2,N,8
28,60000,MORTGAGE,0,HOMEIMPROVEMENT,A,7500,5.79,0,0.13,N,8
28,102500,MORTGAGE,12,MEDICAL,A,6000,5.79,0,0.06,N,8
28,45000,MORTGAGE,2,EDUCATION,A,3000,5.79,0,0.07,N,8
28,120000,MORTGAGE,3,MEDICAL,A,14500,5.42,0,0.12,N,8
28,135000,MORTGAGE,0,MEDICAL,A,14400,5.42,0,0.11,N,8
28,65000,RENT,9,PERSONAL,A,10400,5.42,0,0.16,N,8
28,100000,MORTGAGE,12,PERSONAL,A,10000,5.42,0,0.1,N,8
28,99996,MORTGAGE,6,VENTURE,A,10000,5.42,0,0.1,N,8
28,35500,MORTGAGE,12,VENTURE,A,9600,5.42,0,0.27,N,8
28,38000,OWN,13,VENTURE,A,6425,5.42,0,0.17,N,8
28,27000,OWN,5,EDUCATION,A,5600,5.42,0,0.21,N,8
28,33600,RENT,12,VENTURE,A,5000,5.42,0,0.15,N,8
28,89602,MORTGAGE,4,VENTURE,A,4800,5.42,0,0.05,N,8
28,190000,MORTGAGE,7,EDUCATION,B,25000,,0,0.13,N,8
28,175000,RENT,4,VENTURE,B,24500,,0,0.14,N,8
28,57360,MORTGAGE,3,PERSONAL,B,23000,,0,0.4,N,8
28,55640,MORTGAGE,6,MEDICAL,B,20000,,0,0.36,N,8
28,150000,MORTGAGE,4,EDUCATION,B,20000,,0,0.13,N,8
28,74400,MORTGAGE,3,HOMEIMPROVEMENT,B,20000,,1,0.27,N,8
28,71000,MORTGAGE,1,PERSONAL,B,20000,,0,0.28,N,8
28,89250,RENT,0,MEDICAL,E,20000,,1,0.19,N,8
28,36000,MORTGAGE,5,MEDICAL,E,15450,,1,0.43,N,8
28,68000,MORTGAGE,12,PERSONAL,C,15000,,0,0.22,N,8
28,30000,MORTGAGE,5,HOMEIMPROVEMENT,A,15000,,0,0.5,N,8
28,44049,RENT,3,VENTURE,B,14000,,1,0.32,N,8
28,52000,RENT,12,EDUCATION,B,12000,,0,0.23,N,8
28,33996,MORTGAGE,5,PERSONAL,A,12000,,1,0.35,N,8
28,201000,OWN,4,VENTURE,A,12000,,0,0.06,N,8
28,50400,MORTGAGE,4,VENTURE,A,12000,,0,0.24,N,8
28,46000,RENT,3,MEDICAL,B,12000,,0,0.26,N,8
28,54989,RENT,1,HOMEIMPROVEMENT,B,9000,,1,0.16,N,8
28,240000,MORTGAGE,3,VENTURE,D,8400,,0,0.04,N,8
28,55000,MORTGAGE,7,MEDICAL,A,8000,,0,0.15,N,8
28,30000,RENT,4,MEDICAL,A,8000,,0,0.27,N,8
28,30000,RENT,4,DEBTCONSOLIDATION,A,8000,,0,0.27,N,8
28,52000,RENT,1,VENTURE,C,8000,,0,0.15,N,8
28,43000,RENT,12,MEDICAL,A,7000,,0,0.16,N,8
28,60000,MORTGAGE,12,MEDICAL,B,5000,,0,0.08,N,8
28,20000,RENT,2,MEDICAL,A,4800,,0,0.24,N,8
28,54000,RENT,0,EDUCATION,C,4500,,1,0.08,Y,8
28,45000,RENT,0,EDUCATION,A,4000,,0,0.09,N,8
28,45000,MORTGAGE,0,EDUCATION,A,3600,,0,0.08,N,8
28,57600,RENT,1,PERSONAL,B,3300,,0,0.06,N,8
28,58000,MORTGAGE,12,EDUCATION,A,3000,,0,0.05,N,8
28,10000,RENT,12,EDUCATION,B,3000,,1,0.3,N,8
28,45000,RENT,3,EDUCATION,C,2800,,0,0.06,N,8
28,55000,MORTGAGE,6,EDUCATION,A,2400,,0,0.04,N,8
28,53544,RENT,12,MEDICAL,C,1800,,0,0.03,Y,8
28,53000,RENT,12,MEDICAL,C,1200,,0,0.02,Y,8
28,85000,MORTGAGE,0,EDUCATION,E,24000,19.03,0,0.28,N,7
28,170000,MORTGAGE,8,PERSONAL,F,20000,18.99,0,0.12,Y,7
28,71007,MORTGAGE,4,EDUCATION,F,25000,18.62,0,0.35,N,7
28,56000,RENT,0,MEDICAL,F,20000,18.62,1,0.36,N,7
28,92000,MORTGAGE,12,VENTURE,F,24500,18.3,0,0.27,N,7
28,32000,MORTGAGE,,HOMEIMPROVEMENT,D,8575,17.58,1,0.27,N,7
28,46000,RENT,3,DEBTCONSOLIDATION,E,9000,17.56,1,0.2,Y,7
28,68900,MORTGAGE,1,PERSONAL,E,18000,17.39,1,0.26,N,7
28,78000,MORTGAGE,11,DEBTCONSOLIDATION,E,12000,16.95,1,0.15,Y,7
28,35000,OWN,2,PERSONAL,D,13250,16.89,0,0.38,N,7
28,50000,RENT,2,MEDICAL,D,2000,16.89,1,0.04,N,7
28,34000,MORTGAGE,12,EDUCATION,D,10000,16.77,1,0.29,Y,7
28,55000,OWN,0,DEBTCONSOLIDATION,D,6700,16.77,0,0.12,Y,7
28,39600,RENT,2,VENTURE,E,2800,16.77,1,0.07,Y,7
28,54000,RENT,2,EDUCATION,D,10000,16.49,1,0.19,Y,7
28,143000,MORTGAGE,5,HOMEIMPROVEMENT,D,8275,16.49,1,0.06,Y,7
28,51000,RENT,13,VENTURE,D,7500,16.49,0,0.15,Y,7
28,16000,RENT,2,DEBTCONSOLIDATION,E,5000,16.45,1,0.31,Y,7
28,56000,RENT,5,DEBTCONSOLIDATION,E,4800,16.45,1,0.09,N,7
28,108800,MORTGAGE,3,MEDICAL,E,35000,16.4,1,0.27,Y,7
28,59000,RENT,0,HOMEIMPROVEMENT,E,6500,16.35,1,0.11,N,7
28,90000,MORTGAGE,5,VENTURE,D,13600,16.32,0,0.15,Y,7
28,140000,OWN,12,VENTURE,D,18000,16.29,0,0.13,N,7
28,63000,RENT,10,VENTURE,D,8000,16.29,0,0.13,N,7
28,42000,MORTGAGE,,DEBTCONSOLIDATION,D,7600,16.29,1,0.18,N,7
28,45000,RENT,6,MEDICAL,D,3600,16.29,0,0.08,N,7
28,70000,MORTGAGE,11,VENTURE,E,15000,16,0,0.21,N,7
28,78000,MORTGAGE,4,VENTURE,D,10000,15.99,1,0.13,Y,7
28,60000,OWN,12,EDUCATION,D,7000,15.99,0,0.12,N,7
28,42000,OWN,4,PERSONAL,C,8000,15.96,0,0.19,N,7
28,29000,RENT,1,PERSONAL,C,5000,15.96,1,0.17,Y,7
28,84000,RENT,7,PERSONAL,E,25000,15.95,0,0.3,Y,7
28,30144,RENT,,EDUCATION,D,15000,15.95,1,0.5,Y,7
28,48000,RENT,12,PERSONAL,D,12500,15.95,0,0.26,N,7
28,60000,RENT,12,HOMEIMPROVEMENT,D,5000,15.7,0,0.08,Y,7
28,47515,RENT,5,EDUCATION,D,3200,15.7,0,0.07,Y,7
28,120000,MORTGAGE,4,PERSONAL,D,8000,15.62,0,0.07,N,7
28,57600,MORTGAGE,9,EDUCATION,D,12000,15.58,0,0.21,Y,7
28,40000,RENT,0,DEBTCONSOLIDATION,E,12000,15.57,1,0.3,N,7
28,200000,RENT,4,VENTURE,D,25000,15.33,0,0.13,Y,7
28,108000,RENT,2,PERSONAL,D,20000,15.31,1,0.19,N,7
28,54000,RENT,2,MEDICAL,D,12000,15.31,1,0.22,N,7
28,105000,RENT,5,DEBTCONSOLIDATION,C,5500,15.23,0,0.05,N,7
28,29004,RENT,5,VENTURE,C,4800,15.23,0,0.17,Y,7
28,30000,RENT,6,VENTURE,C,4200,15.23,0,0.14,Y,7
28,24000,RENT,,PERSONAL,C,3000,15.23,0,0.13,Y,7
28,36000,MORTGAGE,,VENTURE,D,6000,15.21,0,0.17,N,7
28,30416,RENT,7,HOMEIMPROVEMENT,D,7000,14.96,1,0.23,Y,7
28,50000,RENT,4,DEBTCONSOLIDATION,D,15000,14.91,1,0.3,N,7
28,39000,RENT,6,MEDICAL,D,8000,14.91,1,0.21,Y,7
28,209000,OWN,4,PERSONAL,D,15000,14.84,0,0.07,Y,7
28,45996,RENT,0,MEDICAL,D,11000,14.74,1,0.24,Y,7
28,58704,RENT,5,DEBTCONSOLIDATION,C,23500,14.72,1,0.4,N,7
28,56000,OWN,10,HOMEIMPROVEMENT,C,12000,14.72,0,0.21,Y,7
28,140000,MORTGAGE,4,HOMEIMPROVEMENT,C,18000,14.65,0,0.13,Y,7
28,75000,MORTGAGE,2,PERSONAL,C,15000,14.65,0,0.2,Y,7
28,90000,RENT,12,MEDICAL,C,12000,14.65,0,0.13,N,7
28,48000,MORTGAGE,,DEBTCONSOLIDATION,C,5000,14.65,0,0.1,Y,7
28,35000,RENT,5,MEDICAL,D,10000,14.61,0,0.29,N,7
28,48000,OWN,1,EDUCATION,D,12000,14.54,0,0.25,N,7
28,30000,RENT,0,VENTURE,D,10000,14.54,1,0.33,N,7
28,95827,MORTGAGE,11,EDUCATION,E,16000,14.5,0,0.17,N,7
28,178000,RENT,5,EDUCATION,D,25000,14.46,1,0.14,Y,7
28,63000,MORTGAGE,3,DEBTCONSOLIDATION,D,11200,14.42,1,0.18,Y,7
28,54000,RENT,1,MEDICAL,D,2000,14.42,1,0.04,N,7
28,120000,RENT,4,EDUCATION,C,20000,14.26,0,0.17,N,7
28,32400,RENT,3,MEDICAL,D,4900,14.12,1,0.15,N,7
28,29496,RENT,8,EDUCATION,D,4500,14.11,0,0.15,Y,7
28,37000,RENT,7,EDUCATION,D,3600,14.11,0,0.1,N,7
28,61000,RENT,12,HOMEIMPROVEMENT,C,15000,13.99,0,0.25,N,7
28,66000,RENT,11,DEBTCONSOLIDATION,C,9000,13.99,0,0.14,N,7
28,32200,RENT,2,EDUCATION,D,9000,13.99,1,0.28,Y,7
28,108041,MORTGAGE,6,EDUCATION,C,5600,13.98,0,0.05,Y,7
28,79701,RENT,11,PERSONAL,C,20000,13.92,0,0.25,N,7
28,47831,RENT,8,DEBTCONSOLIDATION,C,16000,13.85,1,0.33,N,7
28,63000,MORTGAGE,0,EDUCATION,D,5000,13.67,0,0.08,Y,7
28,38004,RENT,4,DEBTCONSOLIDATION,C,10000,13.61,0,0.26,N,7
28,136092,MORTGAGE,2,PERSONAL,C,8000,13.61,0,0.06,N,7
28,50000,MORTGAGE,12,EDUCATION,C,18000,13.49,0,0.36,Y,7
28,60000,MORTGAGE,12,MEDICAL,C,14400,13.49,0,0.24,N,7
28,64600,RENT,3,PERSONAL,C,10000,13.48,0,0.15,Y,7
28,52000,RENT,12,HOMEIMPROVEMENT,C,5000,13.48,0,0.1,Y,7
28,45000,RENT,3,MEDICAL,C,7000,13.43,0,0.16,Y,7
28,131040,MORTGAGE,0,MEDICAL,C,10000,13.35,0,0.08,Y,7
28,64000,MORTGAGE,3,VENTURE,C,5000,13.23,0,0.08,Y,7
28,68000,MORTGAGE,12,VENTURE,C,3250,13.23,0,0.05,N,7
28,65000,OWN,1,MEDICAL,C,2500,13.22,0,0.04,Y,7
28,37152,RENT,12,EDUCATION,D,2300,13.17,0,0.06,N,7
28,68004,RENT,1,PERSONAL,C,15000,13.16,0,0.22,N,7
28,68004,RENT,1,PERSONAL,C,15000,13.16,0,0.22,Y,7
28,140000,RENT,11,HOMEIMPROVEMENT,C,25000,13.11,0,0.18,Y,7
28,49861,RENT,2,MEDICAL,C,25000,13.11,1,0.5,Y,7
28,48500,RENT,0,MEDICAL,C,15000,12.99,1,0.31,Y,7
28,138600,MORTGAGE,10,DEBTCONSOLIDATION,C,12000,12.99,0,0.09,N,7
28,63000,RENT,1,EDUCATION,C,11200,12.99,0,0.18,Y,7
28,78000,MORTGAGE,1,HOMEIMPROVEMENT,C,5000,12.99,0,0.06,Y,7
28,55000,RENT,2,DEBTCONSOLIDATION,C,3200,12.98,0,0.06,N,7
28,127000,MORTGAGE,9,DEBTCONSOLIDATION,C,8400,12.87,0,0.07,N,7
28,48500,RENT,3,VENTURE,D,7500,12.86,0,0.15,N,7
28,45000,RENT,2,PERSONAL,C,5000,12.73,0,0.11,N,7
28,60000,OWN,0,PERSONAL,C,16000,12.72,0,0.27,N,7
28,44447,MORTGAGE,8,EDUCATION,C,6000,12.72,0,0.13,Y,7
28,64049,MORTGAGE,7,EDUCATION,B,20000,12.69,0,0.31,N,7
28,34320,MORTGAGE,5,DEBTCONSOLIDATION,B,16000,12.69,0,0.47,N,7
28,52000,RENT,2,PERSONAL,B,10000,12.69,0,0.19,N,7
28,160000,RENT,7,PERSONAL,B,8000,12.69,0,0.05,N,7
28,115000,MORTGAGE,3,PERSONAL,C,4500,12.68,0,0.04,N,7
28,60000,MORTGAGE,12,DEBTCONSOLIDATION,C,16800,12.61,0,0.28,Y,7
28,76113,RENT,,HOMEIMPROVEMENT,C,14500,12.61,1,0.19,N,7
28,53000,MORTGAGE,12,HOMEIMPROVEMENT,B,17050,12.42,0,0.32,N,7
28,76500,MORTGAGE,12,MEDICAL,B,10000,12.42,0,0.13,N,7
28,48879,RENT,4,PERSONAL,B,5000,12.42,0,0.1,N,7
28,78000,RENT,12,MEDICAL,B,3000,12.42,0,0.04,N,7
28,70000,RENT,0,MEDICAL,B,13000,12.18,0,0.19,N,7
28,102000,MORTGAGE,2,VENTURE,B,10000,12.18,0,0.1,N,7
28,56700,MORTGAGE,11,VENTURE,B,15000,12.12,0,0.26,N,7
28,215662,MORTGAGE,12,VENTURE,B,21000,11.99,0,0.1,N,7
28,48000,RENT,5,PERSONAL,B,15000,11.99,1,0.31,N,7
28,45000,RENT,6,MEDICAL,B,11000,11.99,0,0.24,N,7
28,70000,RENT,2,MEDICAL,B,15000,11.89,0,0.21,N,7
28,78000,MORTGAGE,12,HOMEIMPROVEMENT,B,24000,11.83,1,0.31,N,7
28,73000,MORTGAGE,6,PERSONAL,B,15000,11.83,0,0.21,N,7
28,30000,MORTGAGE,4,DEBTCONSOLIDATION,C,7500,11.78,0,0.25,N,7
28,250000,MORTGAGE,3,PERSONAL,B,35000,11.71,0,0.14,N,7
28,54000,RENT,5,DEBTCONSOLIDATION,B,12700,11.71,1,0.24,N,7
28,58000,RENT,3,EDUCATION,B,12500,11.71,0,0.22,N,7
28,126000,MORTGAGE,2,HOMEIMPROVEMENT,B,12000,11.71,0,0.1,N,7
28,26000,RENT,9,MEDICAL,B,5000,11.71,0,0.19,N,7
28,48000,RENT,4,PERSONAL,B,4500,11.71,0,0.09,N,7
28,68000,MORTGAGE,7,VENTURE,B,2500,11.71,0,0.04,N,7
28,80000,OWN,2,HOMEIMPROVEMENT,C,16000,11.66,0,0.2,Y,7
28,112200,RENT,11,MEDICAL,C,7000,11.66,0,0.06,Y,7
28,112200,RENT,11,DEBTCONSOLIDATION,C,7000,11.66,0,0.06,Y,7
28,71500,MORTGAGE,13,HOMEIMPROVEMENT,B,15000,11.49,0,0.21,N,7
28,19000,RENT,1,DEBTCONSOLIDATION,B,9250,11.49,1,0.49,N,7
28,50000,RENT,0,HOMEIMPROVEMENT,B,8825,11.49,0,0.18,N,7
28,72000,RENT,2,MEDICAL,B,7000,11.49,0,0.1,N,7
28,81120,MORTGAGE,5,HOMEIMPROVEMENT,B,5200,11.49,0,0.06,N,7
28,42100,RENT,0,PERSONAL,B,4925,11.49,0,0.12,N,7
28,34000,RENT,1,VENTURE,B,4800,11.49,0,0.14,N,7
28,31150,RENT,4,MEDICAL,B,4000,11.49,0,0.13,N,7
28,15000,RENT,0,MEDICAL,B,1800,11.49,0,0.12,N,7
28,102000,RENT,12,DEBTCONSOLIDATION,B,15000,11.46,0,0.15,N,7
28,80000,MORTGAGE,13,PERSONAL,B,21000,11.36,0,0.26,N,7
28,26000,MORTGAGE,7,DEBTCONSOLIDATION,B,12000,11.36,1,0.46,N,7
28,52000,RENT,12,HOMEIMPROVEMENT,B,5000,11.36,1,0.1,N,7
28,75000,MORTGAGE,12,DEBTCONSOLIDATION,C,15250,11.34,0,0.2,Y,7
28,66000,RENT,0,VENTURE,C,7500,11.28,1,0.11,Y,7
28,30000,RENT,13,MEDICAL,B,14800,11.14,1,0.49,N,7
28,54080,MORTGAGE,7,HOMEIMPROVEMENT,B,13750,11.14,0,0.25,N,7
28,112000,MORTGAGE,9,HOMEIMPROVEMENT,B,15000,11.12,0,0.13,N,7
28,147500,MORTGAGE,12,DEBTCONSOLIDATION,B,10000,11.12,0,0.07,N,7
28,225000,MORTGAGE,12,DEBTCONSOLIDATION,B,6000,11.12,0,0.03,N,7
28,96000,RENT,5,VENTURE,B,5000,11.12,0,0.05,N,7
28,58200,MORTGAGE,8,PERSONAL,B,4500,11.12,0,0.08,N,7
28,38700,RENT,8,VENTURE,B,3600,11.12,0,0.09,N,7
28,44604,RENT,11,PERSONAL,B,1500,11.12,0,0.03,N,7
28,75000,RENT,0,HOMEIMPROVEMENT,B,20000,11.11,0,0.27,N,7
28,40000,RENT,12,DEBTCONSOLIDATION,B,12000,11.11,0,0.3,N,7
28,80000,MORTGAGE,0,HOMEIMPROVEMENT,B,6500,11.11,0,0.08,N,7
28,108000,MORTGAGE,6,EDUCATION,B,27400,10.99,0,0.25,N,7
28,49000,OWN,6,EDUCATION,B,19000,10.99,0,0.39,N,7
28,103992,MORTGAGE,3,PERSONAL,B,18000,10.99,0,0.17,N,7
28,34000,RENT,7,MEDICAL,B,9600,10.99,0,0.28,N,7
28,74000,MORTGAGE,13,PERSONAL,B,7800,10.99,0,0.11,N,7
28,95000,MORTGAGE,0,MEDICAL,B,4500,10.99,0,0.05,N,7
28,72000,MORTGAGE,3,HOMEIMPROVEMENT,B,10000,10.95,0,0.14,N,7
28,11029,MORTGAGE,12,MEDICAL,C,2150,10.78,1,0.19,Y,7
28,87950,MORTGAGE,12,PERSONAL,B,24000,10.75,0,0.27,N,7
28,90000,MORTGAGE,3,MEDICAL,B,21000,10.74,0,0.23,N,7
28,120000,MORTGAGE,11,MEDICAL,B,14400,10.74,0,0.12,N,7
28,36000,MORTGAGE,4,VENTURE,B,2400,10.71,0,0.07,N,7
28,35000,RENT,4,EDUCATION,B,13250,10.65,1,0.38,N,7
28,64125,RENT,2,DEBTCONSOLIDATION,B,10000,10.65,0,0.16,N,7
28,24000,RENT,8,EDUCATION,B,8875,10.65,1,0.37,N,7
28,42000,MORTGAGE,5,HOMEIMPROVEMENT,B,5375,10.65,0,0.13,N,7
28,70000,RENT,4,HOMEIMPROVEMENT,B,2400,10.65,0,0.03,N,7
28,75000,MORTGAGE,9,DEBTCONSOLIDATION,B,9600,10.62,0,0.13,N,7
28,50176,RENT,3,VENTURE,B,5000,10.59,0,0.1,N,7
28,28800,MORTGAGE,2,HOMEIMPROVEMENT,B,2000,10.59,0,0.07,N,7
28,119000,MORTGAGE,2,MEDICAL,B,5325,10.38,0,0.04,N,7
28,22884,RENT,4,DEBTCONSOLIDATION,B,4800,10.38,0,0.21,N,7
28,115000,MORTGAGE,12,DEBTCONSOLIDATION,B,18000,10.37,0,0.16,N,7
28,145656,MORTGAGE,2,DEBTCONSOLIDATION,B,10000,10.37,1,0.07,N,7
28,61000,RENT,3,VENTURE,B,5000,10.37,0,0.08,N,7
28,59000,MORTGAGE,2,VENTURE,B,14000,10.36,0,0.24,N,7
28,55000,RENT,4,HOMEIMPROVEMENT,B,12000,10.36,0,0.22,N,7
28,24000,RENT,5,PERSONAL,B,5500,10.36,0,0.23,N,7
28,50000,MORTGAGE,12,VENTURE,B,3000,10.36,0,0.06,N,7
28,125000,MORTGAGE,13,VENTURE,B,15000,10.25,0,0.12,N,7
28,39000,RENT,3,PERSONAL,B,5000,10.25,0,0.13,N,7
28,31000,RENT,2,PERSONAL,B,3000,10,0,0.1,N,7
28,73992,RENT,2,PERSONAL,B,20000,9.96,0,0.27,N,7
28,160000,MORTGAGE,4,DEBTCONSOLIDATION,B,34000,9.91,0,0.21,N,7
28,61000,RENT,9,PERSONAL,B,25000,9.91,1,0.41,N,7
28,95000,MORTGAGE,13,VENTURE,B,15000,9.91,0,0.16,N,7
28,75000,RENT,8,DEBTCONSOLIDATION,B,7200,9.88,0,0.1,N,7
28,16800,OWN,5,EDUCATION,B,5000,9.88,1,0.3,N,7
28,99000,MORTGAGE,12,VENTURE,B,18000,9.76,0,0.18,N,7
28,75000,RENT,1,HOMEIMPROVEMENT,A,12000,9.63,0,0.16,N,7
28,80569,MORTGAGE,2,EDUCATION,B,4000,9.63,0,0.05,N,7
28,96000,OWN,12,PERSONAL,B,3000,9.63,0,0.03,N,7
28,42000,MORTGAGE,0,DEBTCONSOLIDATION,B,12000,9.62,0,0.29,N,7
28,30000,RENT,0,DEBTCONSOLIDATION,A,10000,9.32,1,0.33,N,7
28,52524,MORTGAGE,11,MEDICAL,A,9200,9.32,0,0.18,N,7
28,77250,RENT,1,PERSONAL,B,10000,9.2,0,0.13,N,7
28,51996,RENT,11,HOMEIMPROVEMENT,A,9600,9.07,0,0.18,N,7
28,110000,MORTGAGE,1,MEDICAL,A,12000,8.94,0,0.11,N,7
28,34200,RENT,8,PERSONAL,A,7500,8.94,0,0.22,N,7
28,144000,MORTGAGE,12,MEDICAL,A,35000,8.9,0,0.24,N,7
28,72467,RENT,2,MEDICAL,B,5000,8.88,0,0.07,N,7
28,42328,RENT,5,MEDICAL,A,6000,8.63,0,0.14,N,7
28,39000,RENT,0,PERSONAL,A,6000,8.63,0,0.15,N,7
28,48000,RENT,11,MEDICAL,A,9000,8.59,0,0.19,N,7
28,59520,MORTGAGE,9,PERSONAL,A,5000,8.59,0,0.08,N,7
28,20000,MORTGAGE,0,HOMEIMPROVEMENT,A,5000,8.59,0,0.25,N,7
28,85000,MORTGAGE,2,EDUCATION,A,15000,8.49,0,0.18,N,7
28,38000,RENT,0,DEBTCONSOLIDATION,A,10000,8.49,0,0.26,N,7
28,77500,OWN,3,EDUCATION,A,8000,8.49,0,0.1,N,7
28,120000,RENT,12,MEDICAL,A,9600,8,0,0.08,N,7
28,46000,MORTGAGE,12,EDUCATION,A,6000,8,0,0.13,N,7
28,84000,OWN,8,VENTURE,A,25000,7.9,0,0.3,N,7
28,60000,MORTGAGE,12,HOMEIMPROVEMENT,A,20000,7.9,0,0.33,N,7
28,42000,RENT,4,MEDICAL,A,9600,7.9,0,0.23,N,7
28,21000,RENT,6,EDUCATION,A,6250,7.9,0,0.3,N,7
28,81000,RENT,13,VENTURE,A,6225,7.9,0,0.08,N,7
28,30000,MORTGAGE,,MEDICAL,A,4750,7.9,0,0.16,N,7
28,39000,RENT,0,EDUCATION,A,3000,7.9,0,0.08,N,7
28,95680,MORTGAGE,12,VENTURE,A,17000,7.88,0,0.18,N,7
28,52000,MORTGAGE,10,EDUCATION,A,13600,7.88,0,0.26,N,7
28,56864,MORTGAGE,5,PERSONAL,A,12300,7.88,0,0.22,N,7
28,140000,RENT,9,HOMEIMPROVEMENT,A,12000,7.88,0,0.09,N,7
28,50000,RENT,5,PERSONAL,A,10000,7.88,0,0.2,N,7
28,93200,RENT,1,VENTURE,A,8800,7.88,0,0.09,N,7
28,95000,MORTGAGE,5,VENTURE,A,5000,7.88,0,0.05,N,7
28,95000,MORTGAGE,5,PERSONAL,A,5000,7.88,0,0.05,N,7
28,75000,RENT,7,DEBTCONSOLIDATION,A,3000,7.68,0,0.04,N,7
28,48000,RENT,9,EDUCATION,A,2000,7.68,0,0.04,N,7
28,106358,MORTGAGE,5,EDUCATION,A,13125,7.66,0,0.12,N,7
28,96000,MORTGAGE,8,VENTURE,A,10000,7.66,0,0.1,N,7
28,65000,OWN,13,VENTURE,A,8000,7.66,0,0.12,N,7
28,115000,MORTGAGE,12,EDUCATION,A,22000,7.51,0,0.19,N,7
28,35000,OWN,5,EDUCATION,A,10000,7.51,0,0.29,N,7
28,100000,RENT,1,EDUCATION,A,10000,7.51,0,0.1,N,7
28,52260,MORTGAGE,4,EDUCATION,A,9000,7.51,0,0.17,N,7
28,38000,MORTGAGE,5,VENTURE,A,8400,7.51,0,0.22,N,7
28,115000,MORTGAGE,11,HOMEIMPROVEMENT,A,5000,7.51,0,0.04,N,7
28,51996,MORTGAGE,4,PERSONAL,A,5000,7.51,0,0.1,N,7
28,25000,RENT,1,EDUCATION,A,5000,7.51,0,0.2,N,7
28,98000,RENT,6,EDUCATION,A,4000,7.51,1,0.04,N,7
28,54000,MORTGAGE,11,HOMEIMPROVEMENT,A,1200,7.51,0,0.02,N,7
28,85000,MORTGAGE,8,PERSONAL,A,12500,7.49,0,0.15,N,7
28,82500,MORTGAGE,12,DEBTCONSOLIDATION,A,11000,7.49,0,0.13,N,7
28,61838,MORTGAGE,12,EDUCATION,A,10675,7.49,0,0.17,N,7
28,65000,MORTGAGE,3,HOMEIMPROVEMENT,A,10000,7.49,0,0.15,N,7
28,58000,MORTGAGE,8,VENTURE,A,9600,7.49,0,0.17,N,7
28,125000,MORTGAGE,0,VENTURE,A,7500,7.49,0,0.06,N,7
28,90080,MORTGAGE,9,MEDICAL,A,5500,7.49,0,0.06,N,7
28,43200,RENT,1,EDUCATION,A,3000,7.49,0,0.07,N,7
28,31000,OWN,0,PERSONAL,A,1000,7.4,0,0.03,N,7
28,52828,MORTGAGE,6,MEDICAL,A,14500,7.29,0,0.27,N,7
28,62400,MORTGAGE,,MEDICAL,A,5400,7.29,0,0.09,N,7
28,30000,MORTGAGE,8,DEBTCONSOLIDATION,A,3000,7.29,0,0.1,N,7
28,50000,RENT,4,MEDICAL,A,8000,7.14,0,0.16,N,7
28,32500,MORTGAGE,12,EDUCATION,A,5000,7.14,0,0.15,N,7
28,200000,MORTGAGE,7,PERSONAL,A,10000,6.99,0,0.05,N,7
28,46000,MORTGAGE,12,PERSONAL,A,6500,6.99,0,0.14,N,7
28,70000,MORTGAGE,13,HOMEIMPROVEMENT,A,5000,6.99,0,0.07,N,7
28,32000,RENT,5,MEDICAL,A,5000,6.99,0,0.16,N,7
28,47000,RENT,4,PERSONAL,A,2800,6.99,0,0.06,N,7
28,72000,MORTGAGE,5,HOMEIMPROVEMENT,A,12000,6.92,0,0.17,N,7
28,57248,MORTGAGE,1,EDUCATION,A,9000,6.92,0,0.16,N,7
28,25000,RENT,0,EDUCATION,A,7000,6.92,0,0.28,N,7
28,30000,RENT,4,DEBTCONSOLIDATION,A,12000,6.62,1,0.4,N,7
28,62352,MORTGAGE,3,DEBTCONSOLIDATION,A,3800,6.62,0,0.06,N,7
28,115000,RENT,0,HOMEIMPROVEMENT,A,2850,6.54,0,0.02,N,7
28,31200,RENT,3,DEBTCONSOLIDATION,A,3600,6.39,0,0.12,N,7
28,11340,OWN,,DEBTCONSOLIDATION,A,2325,6.39,1,0.21,N,7
28,39184,RENT,3,DEBTCONSOLIDATION,A,6000,6.17,0,0.15,N,7
28,110000,MORTGAGE,12,VENTURE,A,17000,6.03,0,0.15,N,7
28,61000,MORTGAGE,12,PERSONAL,A,12000,6.03,0,0.2,N,7
28,95000,MORTGAGE,12,HOMEIMPROVEMENT,A,3500,6.03,0,0.04,N,7
28,22968,RENT,4,MEDICAL,A,1500,6.03,0,0.07,N,7
28,80000,MORTGAGE,11,PERSONAL,A,16000,5.99,0,0.2,N,7
28,86000,MORTGAGE,12,PERSONAL,A,15600,5.99,0,0.18,N,7
28,86000,MORTGAGE,12,VENTURE,A,15600,5.99,0,0.18,N,7
28,61425,OWN,2,VENTURE,A,9000,5.99,0,0.15,N,7
28,50000,MORTGAGE,1,VENTURE,A,8000,5.99,0,0.16,N,7
28,24996,MORTGAGE,6,PERSONAL,A,6000,5.99,0,0.24,N,7
28,39000,RENT,6,DEBTCONSOLIDATION,A,5000,5.99,1,0.13,N,7
28,65000,MORTGAGE,2,VENTURE,A,2500,5.99,0,0.04,N,7
28,110000,MORTGAGE,3,VENTURE,A,11000,5.79,0,0.1,N,7
28,73073,MORTGAGE,8,VENTURE,A,4200,5.79,0,0.06,N,7
28,42000,MORTGAGE,12,VENTURE,A,11000,5.42,0,0.26,N,7
28,70000,MORTGAGE,12,DEBTCONSOLIDATION,A,9000,5.42,1,0.13,N,7
28,60000,RENT,5,HOMEIMPROVEMENT,A,7200,5.42,0,0.12,N,7
28,30000,RENT,2,PERSONAL,A,5200,5.42,0,0.17,N,7
28,44000,RENT,7,DEBTCONSOLIDATION,A,5000,5.42,0,0.11,N,7
28,145000,MORTGAGE,9,MEDICAL,B,25000,,0,0.17,N,7
28,57360,MORTGAGE,3,EDUCATION,B,23000,,0,0.4,N,7
28,105000,RENT,0,VENTURE,E,20000,,1,0.19,N,7
28,115000,MORTGAGE,3,MEDICAL,A,18500,,0,0.16,N,7
28,123504,MORTGAGE,12,VENTURE,B,18000,,0,0.15,N,7
28,82800,MORTGAGE,10,VENTURE,B,18000,,0,0.22,N,7
28,47881,RENT,12,DEBTCONSOLIDATION,B,15000,,1,0.31,N,7
28,35000,OWN,2,VENTURE,B,15000,,0,0.43,N,7
28,141996,MORTGAGE,3,VENTURE,A,13000,,0,0.09,N,7
28,51200,RENT,12,DEBTCONSOLIDATION,B,12000,,1,0.23,N,7
28,38295,RENT,5,PERSONAL,C,12000,,1,0.31,N,7
28,36888,RENT,5,MEDICAL,C,12000,,1,0.33,Y,7
28,64700,MORTGAGE,4,EDUCATION,B,12000,,0,0.19,N,7
28,62500,RENT,3,DEBTCONSOLIDATION,A,12000,,0,0.19,N,7
28,47840,RENT,0,MEDICAL,B,12000,,0,0.25,N,7
28,67000,RENT,,EDUCATION,A,12000,,0,0.18,N,7
28,135000,RENT,8,MEDICAL,B,10800,,0,0.08,N,7
28,50000,RENT,4,EDUCATION,C,10225,,0,0.2,Y,7
28,60000,OWN,5,VENTURE,C,10000,,0,0.17,N,7
28,20000,OWN,0,MEDICAL,E,10000,,1,0.5,N,7
28,75000,MORTGAGE,10,MEDICAL,A,9800,,0,0.13,N,7
28,30000,RENT,0,VENTURE,A,9600,,1,0.32,N,7
28,84800,RENT,4,DEBTCONSOLIDATION,B,9000,,0,0.11,N,7
28,84800,RENT,4,VENTURE,B,9000,,0,0.11,N,7
28,50000,MORTGAGE,0,PERSONAL,A,9000,,0,0.18,N,7
28,49000,MORTGAGE,11,VENTURE,C,8025,,1,0.16,Y,7
28,99000,OWN,11,HOMEIMPROVEMENT,A,8000,,0,0.08,N,7
28,32376,RENT,2,DEBTCONSOLIDATION,F,8000,,1,0.25,Y,7
28,40000,RENT,2,MEDICAL,C,7500,,0,0.19,N,7
28,50000,RENT,4,DEBTCONSOLIDATION,B,7200,,0,0.14,N,7
28,168000,OWN,12,MEDICAL,A,6800,,0,0.04,N,7
28,92000,MORTGAGE,0,EDUCATION,C,6000,,0,0.07,N,7
28,46551,MORTGAGE,12,VENTURE,A,5000,,0,0.11,N,7
28,95000,MORTGAGE,9,MEDICAL,C,5000,,0,0.05,Y,7
28,55640,MORTGAGE,9,MEDICAL,C,5000,,0,0.09,N,7
28,99400,MORTGAGE,6,MEDICAL,B,4800,,0,0.05,N,7
28,48000,RENT,2,DEBTCONSOLIDATION,A,4000,,0,0.08,N,7
28,63600,MORTGAGE,12,DEBTCONSOLIDATION,A,3000,,0,0.05,N,7
28,65000,MORTGAGE,8,EDUCATION,D,3000,,0,0.05,N,7
28,80000,MORTGAGE,12,VENTURE,A,2500,,0,0.03,N,7
28,60000,MORTGAGE,5,HOMEIMPROVEMENT,A,2500,,0,0.04,N,7
28,53544,RENT,12,HOMEIMPROVEMENT,C,1800,,0,0.03,Y,7
28,73000,RENT,3,HOMEIMPROVEMENT,C,1000,,0,0.01,N,7
28,73000,RENT,3,DEBTCONSOLIDATION,C,1000,,0,0.01,N,7
28,118000,MORTGAGE,6,PERSONAL,G,25000,20.11,1,0.21,Y,6
28,82000,RENT,12,VENTURE,G,16750,20.11,1,0.2,N,6
28,25000,RENT,0,HOMEIMPROVEMENT,F,5175,18.43,1,0.21,Y,6
28,68000,MORTGAGE,12,MEDICAL,F,24500,18.3,1,0.31,Y,6
28,56000,RENT,7,EDUCATION,F,20000,18.25,1,0.36,N,6
28,25000,RENT,,MEDICAL,D,9750,18.25,1,0.39,Y,6
28,143000,MORTGAGE,3,DEBTCONSOLIDATION,E,25000,17.93,1,0.17,N,6
28,270300,MORTGAGE,3,MEDICAL,E,25000,17.88,1,0.08,N,6
28,51000,OWN,2,MEDICAL,E,20400,17.74,1,0.4,Y,6
28,190000,MORTGAGE,1,HOMEIMPROVEMENT,D,35000,17.49,0,0.18,N,6
28,35000,RENT,5,VENTURE,F,4250,16.96,0,0.12,N,6
28,191250,MORTGAGE,11,MEDICAL,E,9000,16.95,1,0.04,N,6
28,54000,OWN,13,DEBTCONSOLIDATION,E,6500,16.45,1,0.12,Y,6
28,285000,MORTGAGE,4,PERSONAL,E,25000,16.32,0,0.09,N,6
28,88365,RENT,9,EDUCATION,D,12000,16.29,0,0.14,N,6
28,50400,RENT,8,VENTURE,D,18500,16.02,1,0.37,N,6
28,84000,MORTGAGE,1,DEBTCONSOLIDATION,D,3000,15.99,1,0.04,Y,6
28,29120,RENT,0,VENTURE,D,1500,15.7,1,0.05,Y,6
28,56461,RENT,5,EDUCATION,E,5400,15.68,0,0.1,Y,6
28,33900,RENT,6,EDUCATION,D,10000,15.58,0,0.29,N,6
28,34000,MORTGAGE,12,MEDICAL,D,3500,15.58,1,0.1,N,6
28,70900,MORTGAGE,12,EDUCATION,D,25000,15.37,0,0.35,Y,6
28,64900,MORTGAGE,12,DEBTCONSOLIDATION,D,25000,15.37,1,0.39,N,6
28,54000,RENT,2,HOMEIMPROVEMENT,D,12000,15.31,1,0.22,N,6
28,33000,OWN,1,HOMEIMPROVEMENT,D,7500,15.31,0,0.23,Y,6
28,90000,OWN,5,HOMEIMPROVEMENT,D,20000,15.28,0,0.22,Y,6
28,91800,MORTGAGE,4,MEDICAL,D,20000,15.28,1,0.19,N,6
28,60000,RENT,10,HOMEIMPROVEMENT,C,10500,15.27,0,0.17,Y,6
28,35000,RENT,6,VENTURE,C,2125,15.27,0,0.06,N,6
28,300000,MORTGAGE,12,EDUCATION,C,10125,15.23,0,0.03,N,6
28,59000,RENT,2,DEBTCONSOLIDATION,C,5000,15.23,1,0.08,N,6
28,35000,RENT,12,EDUCATION,D,3200,15.21,0,0.09,N,6
28,89400,RENT,12,HOMEIMPROVEMENT,D,5000,15.2,0,0.06,N,6
28,75000,OTHER,4,VENTURE,D,7200,15.05,0,0.1,Y,6
28,98000,RENT,0,HOMEIMPROVEMENT,D,20000,14.96,1,0.2,N,6
28,46000,MORTGAGE,3,EDUCATION,D,16750,14.96,0,0.36,N,6
28,65000,RENT,12,VENTURE,D,10000,14.96,0,0.15,Y,6
28,39000,RENT,6,MEDICAL,D,10000,14.96,1,0.26,N,6
28,42000,RENT,4,DEBTCONSOLIDATION,D,2000,14.96,1,0.05,Y,6
28,41000,RENT,10,DEBTCONSOLIDATION,C,1500,14.79,0,0.04,Y,6
28,24000,RENT,2,HOMEIMPROVEMENT,C,3500,14.72,1,0.15,Y,6
28,45000,RENT,4,MEDICAL,C,9000,14.65,0,0.2,N,6
28,108000,RENT,0,EDUCATION,D,25000,14.61,1,0.23,Y,6
28,56000,MORTGAGE,9,VENTURE,D,4800,14.61,0,0.09,Y,6
28,25200,RENT,5,PERSONAL,D,11500,14.46,1,0.46,Y,6
28,33000,RENT,0,VENTURE,D,3200,14.42,1,0.1,Y,6
28,72000,RENT,3,MEDICAL,C,12000,14.27,0,0.17,Y,6
28,70000,RENT,1,HOMEIMPROVEMENT,C,12000,14.27,0,0.17,Y,6
28,25000,MORTGAGE,12,HOMEIMPROVEMENT,C,10625,14.27,0,0.42,Y,6
28,40000,RENT,6,EDUCATION,C,10500,14.27,0,0.26,N,6
28,78500,RENT,2,HOMEIMPROVEMENT,C,5000,14.27,0,0.06,Y,6
28,48000,RENT,1,PERSONAL,C,11200,14.26,0,0.23,N,6
28,66920,RENT,12,MEDICAL,C,5000,14.26,0,0.07,N,6
28,92000,MORTGAGE,8,PERSONAL,C,7750,14.22,1,0.08,N,6
28,66300,MORTGAGE,11,MEDICAL,D,12000,14.11,1,0.15,N,6
28,86400,MORTGAGE,0,EDUCATION,D,16000,14.09,0,0.19,Y,6
28,100000,MORTGAGE,0,VENTURE,C,18000,13.99,0,0.18,Y,6
28,50000,RENT,1,HOMEIMPROVEMENT,C,16200,13.99,1,0.32,Y,6
28,56148,MORTGAGE,12,DEBTCONSOLIDATION,C,2400,13.99,0,0.04,N,6
28,100000,MORTGAGE,3,MEDICAL,C,8000,13.98,0,0.08,Y,6
28,100000,MORTGAGE,3,EDUCATION,C,8000,13.98,0,0.08,Y,6
28,90000,MORTGAGE,12,HOMEIMPROVEMENT,C,12000,13.92,0,0.13,N,6
28,50000,RENT,7,VENTURE,C,14000,13.79,0,0.28,Y,6
28,120000,MORTGAGE,5,MEDICAL,C,22000,13.72,0,0.18,Y,6
28,47004,MORTGAGE,12,PERSONAL,C,10000,13.61,1,0.21,Y,6
28,70000,RENT,0,DEBTCONSOLIDATION,C,12800,13.57,0,0.18,N,6
28,107000,RENT,4,HOMEIMPROVEMENT,C,16000,13.49,0,0.15,N,6
28,116000,OWN,7,VENTURE,C,12000,13.49,0,0.1,Y,6
28,72000,RENT,4,VENTURE,C,12000,13.49,0,0.17,Y,6
28,38000,RENT,7,PERSONAL,C,5000,13.49,1,0.13,N,6
28,38400,RENT,3,DEBTCONSOLIDATION,C,5000,13.49,0,0.13,Y,6
28,44000,RENT,5,PERSONAL,C,16000,13.48,1,0.36,N,6
28,41400,RENT,2,DEBTCONSOLIDATION,C,14000,13.48,1,0.34,N,6
28,43000,MORTGAGE,12,HOMEIMPROVEMENT,C,12000,13.48,0,0.28,N,6
28,96000,OWN,13,EDUCATION,C,15000,13.47,0,0.16,N,6
28,91000,MORTGAGE,12,MEDICAL,C,21000,13.35,0,0.23,Y,6
28,64000,MORTGAGE,3,MEDICAL,C,5000,13.23,0,0.08,N,6
28,26400,RENT,7,PERSONAL,C,5000,13.11,1,0.19,Y,6
28,20000,RENT,2,HOMEIMPROVEMENT,C,4000,13.11,1,0.2,N,6
28,62040,RENT,0,PERSONAL,C,13400,13.06,0,0.22,Y,6
28,62040,RENT,0,DEBTCONSOLIDATION,C,13400,13.06,0,0.22,Y,6
28,113300,MORTGAGE,12,VENTURE,C,18000,12.99,0,0.16,N,6
28,87600,OWN,12,VENTURE,C,12000,12.99,0,0.14,N,6
28,73500,RENT,0,HOMEIMPROVEMENT,C,14400,12.98,0,0.2,Y,6
28,36000,RENT,0,MEDICAL,C,8000,12.84,0,0.22,N,6
28,55000,RENT,7,DEBTCONSOLIDATION,C,7500,12.84,0,0.14,Y,6
28,73008,MORTGAGE,2,EDUCATION,C,14000,12.73,0,0.19,Y,6
28,80000,MORTGAGE,5,HOMEIMPROVEMENT,B,9000,12.69,0,0.11,N,6
28,100000,OWN,7,HOMEIMPROVEMENT,C,20000,12.68,0,0.2,Y,6
28,74000,OWN,12,VENTURE,D,5450,12.67,0,0.07,Y,6
28,143000,RENT,5,HOMEIMPROVEMENT,C,15000,12.53,0,0.1,N,6
28,39600,MORTGAGE,2,DEBTCONSOLIDATION,B,5000,12.53,0,0.13,N,6
28,140000,OWN,1,EDUCATION,B,17600,12.42,0,0.13,N,6
28,57600,MORTGAGE,12,PERSONAL,B,10625,12.42,0,0.18,N,6
28,95000,RENT,5,EDUCATION,B,8000,12.42,0,0.08,N,6
28,30225,RENT,7,PERSONAL,B,2000,12.42,0,0.07,N,6
28,105000,MORTGAGE,0,VENTURE,B,19000,12.21,0,0.18,N,6
28,70000,MORTGAGE,4,HOMEIMPROVEMENT,B,20000,12.18,0,0.29,N,6
28,66500,RENT,4,VENTURE,B,16000,12.18,0,0.24,N,6
28,33288,RENT,2,EDUCATION,C,10800,12.09,1,0.32,N,6
28,215662,MORTGAGE,12,HOMEIMPROVEMENT,B,21000,11.99,0,0.1,N,6
28,60000,MORTGAGE,6,DEBTCONSOLIDATION,B,15000,11.99,0,0.25,N,6
28,57408,RENT,2,HOMEIMPROVEMENT,B,4800,11.99,0,0.08,N,6
28,48000,MORTGAGE,4,VENTURE,B,3000,11.99,0,0.06,N,6
28,53000,RENT,2,MEDICAL,B,10000,11.89,0,0.19,N,6
28,39520,RENT,0,VENTURE,B,6500,11.89,0,0.16,N,6
28,90000,MORTGAGE,5,VENTURE,B,25000,11.86,0,0.28,N,6
28,42240,OWN,2,MEDICAL,B,12000,11.86,0,0.28,N,6
28,42240,OWN,2,PERSONAL,B,12000,11.86,0,0.28,N,6
28,55000,RENT,2,MEDICAL,B,13800,11.83,0,0.25,N,6
28,57000,OWN,7,PERSONAL,B,3500,11.83,0,0.06,N,6
28,57000,RENT,12,DEBTCONSOLIDATION,B,20000,11.71,1,0.35,N,6
28,85000,RENT,8,EDUCATION,B,8000,11.71,0,0.09,N,6
28,64000,RENT,1,DEBTCONSOLIDATION,B,18000,11.58,1,0.28,N,6
28,80004,MORTGAGE,2,VENTURE,B,22750,11.49,0,0.28,N,6
28,80000,RENT,9,PERSONAL,B,18000,11.49,0,0.23,N,6
28,53000,RENT,6,DEBTCONSOLIDATION,B,3500,11.49,0,0.07,N,6
28,31000,RENT,6,PERSONAL,B,2400,11.49,0,0.08,N,6
28,71874,RENT,6,DEBTCONSOLIDATION,B,20000,11.48,0,0.28,N,6
28,240000,RENT,2,MEDICAL,B,6000,11.46,0,0.03,N,6
28,40000,MORTGAGE,10,DEBTCONSOLIDATION,B,10000,11.26,0,0.25,N,6
28,48000,RENT,1,VENTURE,B,2650,11.26,0,0.06,N,6
28,125000,MORTGAGE,8,MEDICAL,B,8000,11.14,0,0.06,N,6
28,54924,RENT,6,DEBTCONSOLIDATION,B,2500,11.14,0,0.05,N,6
28,109200,MORTGAGE,12,PERSONAL,B,8000,11.12,0,0.07,N,6
28,42000,RENT,0,VENTURE,B,7000,11.11,0,0.17,N,6
28,37000,RENT,2,VENTURE,B,4500,11.11,0,0.12,N,6
28,41000,RENT,0,VENTURE,B,3000,11.11,0,0.07,N,6
28,81972,RENT,4,DEBTCONSOLIDATION,B,18000,10.99,0,0.22,N,6
28,60000,MORTGAGE,5,MEDICAL,B,6000,10.99,0,0.1,N,6
28,72000,MORTGAGE,3,HOMEIMPROVEMENT,B,4000,10.99,0,0.06,N,6
28,35000,MORTGAGE,1,VENTURE,B,4000,10.99,0,0.11,N,6
28,13200,RENT,0,MEDICAL,B,3000,10.99,1,0.23,N,6
28,37000,MORTGAGE,12,PERSONAL,B,1000,10.99,0,0.03,N,6
28,230000,MORTGAGE,12,DEBTCONSOLIDATION,B,10000,10.95,0,0.04,N,6
28,39000,RENT,3,VENTURE,B,9900,10.95,0,0.25,N,6
28,40000,RENT,3,MEDICAL,B,8000,10.95,0,0.2,N,6
28,11029,MORTGAGE,12,DEBTCONSOLIDATION,C,2150,10.78,1,0.19,Y,6
28,42000,MORTGAGE,4,HOMEIMPROVEMENT,B,10000,10.75,0,0.24,N,6
28,12000,OWN,,MEDICAL,B,2000,10.75,1,0.17,N,6
28,83000,MORTGAGE,9,DEBTCONSOLIDATION,B,12000,10.74,0,0.14,N,6
28,108000,MORTGAGE,4,DEBTCONSOLIDATION,B,10000,10.74,0,0.09,N,6
28,40000,RENT,1,MEDICAL,B,6500,10.74,0,0.16,N,6
28,120000,OWN,7,VENTURE,B,5000,10.65,0,0.04,N,6
28,78000,RENT,5,PERSONAL,B,12000,10.62,0,0.15,N,6
28,60000,MORTGAGE,3,EDUCATION,B,35000,10.59,0,0.58,N,6
28,44000,MORTGAGE,12,MEDICAL,B,8000,10.59,0,0.18,N,6
28,44000,MORTGAGE,12,EDUCATION,B,8000,10.59,0,0.18,N,6
28,64000,RENT,13,MEDICAL,B,7000,10.59,0,0.11,N,6
28,87000,RENT,7,VENTURE,B,6400,10.39,0,0.07,N,6
28,61500,RENT,2,MEDICAL,B,15000,10.37,0,0.24,N,6
28,30000,RENT,10,MEDICAL,B,6000,10.37,1,0.2,N,6
28,56056,RENT,3,DEBTCONSOLIDATION,B,5600,10.37,0,0.1,N,6
28,20000,RENT,0,MEDICAL,B,2150,10.37,0,0.11,N,6
28,176000,MORTGAGE,12,HOMEIMPROVEMENT,B,25000,10.25,0,0.14,N,6
28,72000,MORTGAGE,,MEDICAL,B,22000,10.25,0,0.31,N,6
28,62000,MORTGAGE,8,PERSONAL,B,5000,10.25,0,0.08,N,6
28,9081,RENT,,HOMEIMPROVEMENT,B,3000,10.25,1,0.33,N,6
28,48000,RENT,0,EDUCATION,B,10000,10.08,0,0.21,N,6
28,110000,MORTGAGE,12,MEDICAL,B,15000,10,0,0.14,N,6
28,43200,OWN,5,PERSONAL,B,12250,9.99,0,0.28,N,6
28,61000,MORTGAGE,12,PERSONAL,B,12000,9.99,0,0.2,N,6
28,54000,MORTGAGE,1,VENTURE,B,6250,9.99,0,0.12,N,6
28,80000,RENT,5,DEBTCONSOLIDATION,B,2200,9.99,0,0.03,N,6
28,40000,MORTGAGE,9,DEBTCONSOLIDATION,B,19200,9.91,0,0.48,N,6
28,45000,RENT,1,DEBTCONSOLIDATION,B,10000,9.91,0,0.22,N,6
28,69000,MORTGAGE,9,MEDICAL,B,4000,9.91,0,0.06,N,6
28,45000,OWN,,MEDICAL,B,15000,9.88,0,0.33,N,6
28,103200,MORTGAGE,7,EDUCATION,B,9000,9.88,0,0.09,N,6
28,53000,RENT,0,PERSONAL,B,7000,9.88,0,0.13,N,6
28,25000,RENT,1,EDUCATION,B,12000,9.83,1,0.48,N,6
28,65000,OWN,0,HOMEIMPROVEMENT,B,1450,9.76,0,0.02,N,6
28,82300,RENT,3,VENTURE,A,3600,9.63,0,0.04,N,6
28,38000,RENT,12,PERSONAL,A,3200,9.63,0,0.08,N,6
28,52000,MORTGAGE,0,PERSONAL,A,7500,9.32,0,0.14,N,6
28,24000,RENT,4,VENTURE,A,3000,9.32,0,0.13,N,6
28,30000,RENT,5,PERSONAL,B,2400,9.25,0,0.08,N,6
28,139913,MORTGAGE,7,HOMEIMPROVEMENT,A,5375,8.94,0,0.04,N,6
28,118000,RENT,7,DEBTCONSOLIDATION,A,4800,8.9,0,0.04,N,6
28,47000,MORTGAGE,5,HOMEIMPROVEMENT,B,6000,8.88,1,0.13,N,6
28,135996,MORTGAGE,12,HOMEIMPROVEMENT,A,12500,8.59,0,0.09,N,6
28,44500,MORTGAGE,2,PERSONAL,A,10000,8.59,0,0.22,N,6
28,93600,MORTGAGE,,PERSONAL,A,35000,8.49,0,0.37,N,6
28,225000,MORTGAGE,2,VENTURE,A,30000,8.49,0,0.13,N,6
28,65000,RENT,3,HOMEIMPROVEMENT,A,7000,8.49,0,0.11,N,6
28,130000,MORTGAGE,0,EDUCATION,A,9000,8,0,0.07,N,6
28,90000,MORTGAGE,9,DEBTCONSOLIDATION,A,4000,8,0,0.04,N,6
28,140000,MORTGAGE,8,MEDICAL,A,22000,7.9,0,0.16,N,6
28,55000,OWN,13,PERSONAL,A,18000,7.9,0,0.33,N,6
28,33000,RENT,3,DEBTCONSOLIDATION,A,13000,7.9,1,0.39,N,6
28,75000,RENT,6,EDUCATION,A,8000,7.9,0,0.11,N,6
28,33000,RENT,2,PERSONAL,A,6000,7.9,0,0.18,N,6
28,26000,RENT,2,DEBTCONSOLIDATION,A,5000,7.9,0,0.19,N,6
28,14400,RENT,0,EDUCATION,A,3600,7.9,1,0.25,N,6
28,150000,MORTGAGE,5,HOMEIMPROVEMENT,A,15000,7.88,0,0.1,N,6
28,90000,MORTGAGE,0,MEDICAL,A,15000,7.88,0,0.17,N,6
28,125600,MORTGAGE,0,PERSONAL,A,13800,7.88,0,0.11,N,6
28,54000,MORTGAGE,12,DEBTCONSOLIDATION,A,11500,7.88,0,0.21,N,6
28,65004,RENT,12,PERSONAL,A,10000,7.88,0,0.15,N,6
28,42500,RENT,2,DEBTCONSOLIDATION,A,10000,7.88,0,0.24,N,6
28,75000,RENT,5,VENTURE,A,5000,7.88,0,0.07,N,6
28,23350,RENT,8,MEDICAL,A,4900,7.88,0,0.21,N,6
28,60000,RENT,12,DEBTCONSOLIDATION,A,4600,7.88,0,0.08,N,6
28,44894,OWN,8,EDUCATION,A,3600,7.88,0,0.08,N,6
28,50000,MORTGAGE,3,DEBTCONSOLIDATION,A,5000,7.74,0,0.1,N,6
28,42996,RENT,4,EDUCATION,A,3000,7.68,0,0.07,N,6
28,35000,RENT,2,MEDICAL,A,7200,7.66,0,0.21,N,6
28,77385,RENT,3,MEDICAL,A,6000,7.66,0,0.08,N,6
28,65000,RENT,13,HOMEIMPROVEMENT,A,15000,7.51,0,0.23,N,6
28,116000,MORTGAGE,12,VENTURE,A,14000,7.51,0,0.12,N,6
28,80000,MORTGAGE,8,EDUCATION,A,9600,7.51,0,0.12,N,6
28,32000,MORTGAGE,5,PERSONAL,A,8500,7.51,0,0.27,N,6
28,55704,MORTGAGE,12,EDUCATION,A,8400,7.51,0,0.15,N,6
28,52500,RENT,2,PERSONAL,A,8000,7.51,0,0.15,N,6
28,115000,MORTGAGE,3,HOMEIMPROVEMENT,A,25000,7.49,0,0.22,N,6
28,55000,OWN,7,VENTURE,A,20000,7.49,0,0.36,N,6
28,50000,RENT,4,PERSONAL,A,15000,7.49,0,0.3,N,6
28,72500,RENT,1,DEBTCONSOLIDATION,A,12000,7.49,0,0.17,N,6
28,59000,OWN,12,MEDICAL,A,10000,7.49,0,0.17,N,6
28,37000,MORTGAGE,4,EDUCATION,A,10000,7.49,0,0.27,N,6
28,75000,RENT,0,VENTURE,A,6000,7.49,0,0.08,N,6
28,90080,MORTGAGE,9,HOMEIMPROVEMENT,A,5500,7.49,0,0.06,N,6
28,51000,MORTGAGE,1,PERSONAL,A,4775,7.49,1,0.09,N,6
28,54000,MORTGAGE,12,MEDICAL,A,4150,7.49,0,0.08,N,6
28,35600,RENT,3,EDUCATION,A,4000,7.49,0,0.11,N,6
28,65000,MORTGAGE,4,HOMEIMPROVEMENT,A,2000,7.49,0,0.03,N,6
28,59004,MORTGAGE,1,PERSONAL,A,8000,7.37,1,0.14,N,6
28,114400,MORTGAGE,0,PERSONAL,A,12000,7.29,0,0.1,N,6
28,123000,MORTGAGE,0,PERSONAL,A,10000,7.14,1,0.08,N,6
28,52000,RENT,6,DEBTCONSOLIDATION,A,6000,7.14,0,0.12,N,6
28,44340,MORTGAGE,,PERSONAL,A,2600,7.14,1,0.06,N,6
28,24000,MORTGAGE,2,PERSONAL,A,1500,7.14,0,0.06,N,6
28,68804,MORTGAGE,1,EDUCATION,A,22000,6.99,0,0.32,N,6
28,91000,OWN,11,VENTURE,A,7000,6.99,0,0.08,N,6
28,25000,RENT,0,VENTURE,A,7000,6.92,0,0.28,N,6
28,75000,RENT,4,EDUCATION,A,6000,6.92,0,0.08,N,6
28,43000,MORTGAGE,4,MEDICAL,A,13800,6.91,0,0.32,N,6
28,80004,MORTGAGE,5,MEDICAL,A,12000,6.91,0,0.15,N,6
28,80004,MORTGAGE,5,MEDICAL,A,12000,6.91,0,0.15,N,6
28,25000,RENT,5,MEDICAL,A,8000,6.91,1,0.32,N,6
28,67386,MORTGAGE,11,HOMEIMPROVEMENT,A,1500,6.91,0,0.02,N,6
28,55000,MORTGAGE,4,VENTURE,A,20000,6.62,0,0.36,N,6
28,62352,MORTGAGE,3,EDUCATION,A,3800,6.62,0,0.06,N,6
28,60000,MORTGAGE,0,DEBTCONSOLIDATION,A,16000,6.54,0,0.27,N,6
28,110000,MORTGAGE,8,HOMEIMPROVEMENT,A,15000,6.54,0,0.14,N,6
28,72000,RENT,6,MEDICAL,A,15000,6.54,0,0.21,N,6
28,50000,RENT,2,VENTURE,A,14000,6.54,0,0.28,N,6
28,35000,MORTGAGE,0,DEBTCONSOLIDATION,A,11850,6.54,0,0.34,N,6
28,60000,RENT,4,EDUCATION,A,10000,6.54,0,0.17,N,6
28,75000,MORTGAGE,12,HOMEIMPROVEMENT,A,16000,6.17,0,0.21,N,6
28,60000,RENT,3,PERSONAL,A,12000,6.17,0,0.2,N,6
28,30000,RENT,1,PERSONAL,A,5000,6.17,0,0.17,N,6
28,26400,MORTGAGE,4,MEDICAL,A,3000,6.17,0,0.11,N,6
28,200000,MORTGAGE,2,PERSONAL,A,15000,6.03,0,0.07,N,6
28,80000,MORTGAGE,12,DEBTCONSOLIDATION,A,12000,6.03,0,0.15,N,6
28,75000,RENT,0,EDUCATION,A,12000,6.03,0,0.16,N,6
28,140000,RENT,0,HOMEIMPROVEMENT,A,7400,6.03,0,0.05,N,6
28,54590,RENT,3,EDUCATION,A,5000,6.03,0,0.09,N,6
28,50000,MORTGAGE,1,PERSONAL,A,8000,5.99,0,0.16,N,6
28,99518,MORTGAGE,10,DEBTCONSOLIDATION,A,6500,5.99,0,0.07,N,6
28,121008,MORTGAGE,0,PERSONAL,A,5400,5.99,0,0.04,N,6
28,81000,MORTGAGE,6,VENTURE,A,2500,5.99,0,0.03,N,6
28,80000,RENT,12,MEDICAL,A,17000,5.79,0,0.21,N,6
28,170000,RENT,1,HOMEIMPROVEMENT,A,12000,5.79,0,0.07,N,6
28,60000,MORTGAGE,2,HOMEIMPROVEMENT,A,6500,5.79,1,0.11,N,6
28,42000,RENT,0,MEDICAL,A,6400,5.79,0,0.15,N,6
28,55000,MORTGAGE,5,PERSONAL,A,4800,5.79,0,0.09,N,6
28,30000,RENT,2,DEBTCONSOLIDATION,A,12000,5.42,1,0.4,N,6
28,120000,MORTGAGE,12,EDUCATION,A,10000,5.42,0,0.08,N,6
28,25000,RENT,0,DEBTCONSOLIDATION,A,3000,5.42,0,0.12,N,6
28,100000,MORTGAGE,4,VENTURE,D,25000,,1,0.25,N,6
28,105000,MORTGAGE,1,DEBTCONSOLIDATION,A,24000,,0,0.23,N,6
28,59160,MORTGAGE,2,PERSONAL,B,23500,,0,0.4,N,6
28,110000,MORTGAGE,12,PERSONAL,B,22400,,0,0.2,N,6
28,72087,MORTGAGE,10,PERSONAL,C,16000,,0,0.22,N,6
28,73000,MORTGAGE,11,EDUCATION,B,15000,,0,0.21,N,6
28,33000,RENT,10,PERSONAL,A,15000,,1,0.45,N,6
28,110004,MORTGAGE,2,HOMEIMPROVEMENT,B,15000,,0,0.14,N,6
28,62851,MORTGAGE,8,DEBTCONSOLIDATION,B,12000,,0,0.19,N,6
28,74400,MORTGAGE,7,MEDICAL,B,12000,,0,0.16,N,6
28,150000,MORTGAGE,12,EDUCATION,C,10000,,0,0.07,Y,6
28,41500,RENT,4,DEBTCONSOLIDATION,C,10000,,1,0.24,Y,6
28,38400,MORTGAGE,0,MEDICAL,A,10000,,0,0.26,N,6
28,75000,RENT,3,EDUCATION,B,7500,,0,0.1,N,6
28,55000,MORTGAGE,12,MEDICAL,A,7000,,0,0.13,N,6
28,55640,MORTGAGE,9,PERSONAL,C,5000,,0,0.09,N,6
28,51996,RENT,1,PERSONAL,C,5000,,0,0.1,N,6
28,19200,RENT,4,VENTURE,C,4800,,1,0.25,N,6
28,45000,MORTGAGE,0,VENTURE,B,3675,,0,0.08,N,6
28,20000,RENT,3,VENTURE,C,3000,,0,0.15,Y,6
28,60000,RENT,3,EDUCATION,B,2000,,0,0.03,N,6
28,60000,MORTGAGE,8,MEDICAL,C,1500,,0,0.03,Y,6
28,111000,MORTGAGE,12,DEBTCONSOLIDATION,F,25000,19.79,1,0.23,N,5
28,69000,MORTGAGE,5,DEBTCONSOLIDATION,F,25000,19.41,1,0.36,Y,5
28,50000,RENT,7,VENTURE,F,14000,19.04,0,0.28,Y,5
28,41000,RENT,11,VENTURE,E,4000,18.64,1,0.1,Y,5
28,78000,RENT,12,HOMEIMPROVEMENT,G,24625,18.36,1,0.32,N,5
28,51000,OWN,2,DEBTCONSOLIDATION,E,20400,17.74,1,0.4,Y,5
28,96000,MORTGAGE,5,HOMEIMPROVEMENT,D,11250,17.58,0,0.12,N,5
28,30000,RENT,12,MEDICAL,D,10000,17.58,1,0.33,N,5
28,48096,RENT,4,DEBTCONSOLIDATION,E,1200,17.56,1,0.02,Y,5
28,70910,RENT,8,MEDICAL,E,3000,17.44,1,0.04,Y,5
28,55000,RENT,3,HOMEIMPROVEMENT,E,15000,17.06,0,0.27,Y,5
28,54400,RENT,0,MEDICAL,D,10200,16.89,1,0.16,N,5
28,50000,RENT,2,EDUCATION,D,2000,16.89,1,0.04,N,5
28,58200,RENT,11,EDUCATION,E,20500,16.82,1,0.35,Y,5
28,31800,RENT,2,VENTURE,E,6400,16.82,1,0.2,Y,5
28,122000,MORTGAGE,11,VENTURE,D,15000,16.77,0,0.12,Y,5
28,103832,RENT,12,EDUCATION,E,24000,16.69,0,0.23,N,5
28,77544,MORTGAGE,2,PERSONAL,E,15000,16.63,0,0.19,Y,5
28,90000,MORTGAGE,7,HOMEIMPROVEMENT,E,17600,16.35,0,0.2,Y,5
28,110000,MORTGAGE,0,VENTURE,E,15000,16.32,0,0.14,Y,5
28,82000,MORTGAGE,3,HOMEIMPROVEMENT,D,25000,16.29,0,0.3,N,5
28,35000,RENT,12,PERSONAL,D,10000,16.29,0,0.29,N,5
28,50400,RENT,8,EDUCATION,D,18500,16.02,1,0.37,N,5
28,24000,RENT,,MEDICAL,D,7950,15.99,1,0.33,N,5
28,49000,RENT,6,DEBTCONSOLIDATION,D,4800,15.99,1,0.1,N,5
28,72000,MORTGAGE,12,PERSONAL,E,16000,15.95,0,0.22,N,5
28,72000,MORTGAGE,12,VENTURE,E,16000,15.95,0,0.22,N,5
28,66000,RENT,12,DEBTCONSOLIDATION,D,10000,15.7,1,0.15,N,5
28,65000,MORTGAGE,6,PERSONAL,D,22000,15.65,0,0.34,N,5
28,148000,MORTGAGE,0,HOMEIMPROVEMENT,D,15000,15.65,1,0.1,Y,5
28,84000,OWN,12,VENTURE,D,25000,15.62,0,0.3,Y,5
28,41500,RENT,3,MEDICAL,D,11000,15.33,1,0.27,Y,5
28,65984,RENT,12,MEDICAL,D,10000,15.33,1,0.13,N,5
28,31000,RENT,1,HOMEIMPROVEMENT,D,7500,15.31,1,0.24,Y,5
28,19200,OWN,2,PERSONAL,D,4700,15.31,1,0.24,Y,5
28,84500,MORTGAGE,13,HOMEIMPROVEMENT,C,9600,15.27,0,0.11,N,5
28,48000,MORTGAGE,13,PERSONAL,C,5000,15.27,1,0.1,Y,5
28,24000,RENT,0,MEDICAL,D,1600,15.05,1,0.07,N,5
28,48000,RENT,4,VENTURE,D,2000,14.96,0,0.04,N,5
28,69000,MORTGAGE,5,DEBTCONSOLIDATION,D,20000,14.91,1,0.29,Y,5
28,80000,RENT,8,VENTURE,D,14000,14.91,0,0.17,N,5
28,50000,OWN,3,HOMEIMPROVEMENT,D,8500,14.83,0,0.17,Y,5
28,60372,RENT,4,DEBTCONSOLIDATION,C,18000,14.65,0,0.3,Y,5
28,71000,RENT,0,HOMEIMPROVEMENT,D,3200,14.61,1,0.05,Y,5
28,56100,RENT,9,MEDICAL,D,20000,14.59,1,0.3,Y,5
28,30000,RENT,0,MEDICAL,D,11500,14.46,1,0.38,Y,5
28,60000,OWN,1,HOMEIMPROVEMENT,C,5000,14.27,0,0.08,Y,5
28,100000,OWN,13,VENTURE,C,2000,14.27,0,0.02,Y,5
28,81996,RENT,5,PERSONAL,C,5000,14.26,0,0.06,N,5
28,32000,RENT,2,MEDICAL,C,7750,14.22,0,0.24,Y,5
28,18000,OWN,12,VENTURE,C,3500,14.22,1,0.19,N,5
28,55000,MORTGAGE,2,EDUCATION,D,18000,14.11,0,0.33,N,5
28,48996,RENT,8,MEDICAL,D,15000,14.09,1,0.31,Y,5
28,50000,RENT,1,MEDICAL,C,16200,13.99,1,0.32,Y,5
28,65000,RENT,2,HOMEIMPROVEMENT,C,7200,13.98,0,0.11,Y,5
28,225000,MORTGAGE,8,PERSONAL,C,16800,13.92,0,0.07,Y,5
28,72000,RENT,0,MEDICAL,C,24000,13.85,1,0.33,N,5
28,136092,MORTGAGE,2,VENTURE,C,8000,13.61,0,0.06,N,5
28,18000,OWN,2,MEDICAL,C,6350,13.57,1,0.35,N,5
28,27840,RENT,5,PERSONAL,C,4750,13.57,0,0.17,N,5
28,75000,RENT,6,HOMEIMPROVEMENT,C,20000,13.49,0,0.27,N,5
28,80000,RENT,0,MEDICAL,C,15000,13.49,0,0.19,N,5
28,50000,RENT,0,PERSONAL,C,10800,13.49,0,0.22,Y,5
28,34000,RENT,2,EDUCATION,C,7000,13.49,1,0.21,Y,5
28,35000,RENT,2,MEDICAL,C,4800,13.49,0,0.14,N,5
28,44000,RENT,5,PERSONAL,C,16000,13.48,1,0.36,N,5
28,63564,RENT,4,MEDICAL,C,16000,13.47,0,0.25,Y,5
28,80000,MORTGAGE,8,EDUCATION,C,13000,13.47,0,0.16,N,5
28,52000,RENT,0,HOMEIMPROVEMENT,C,12000,13.35,0,0.23,N,5
28,125000,RENT,1,DEBTCONSOLIDATION,C,4000,13.35,0,0.03,Y,5
28,63000,MORTGAGE,3,VENTURE,C,13500,13.23,0,0.21,N,5
28,86000,MORTGAGE,6,PERSONAL,C,2650,13.23,0,0.03,Y,5
28,110000,RENT,2,HOMEIMPROVEMENT,C,10000,13.22,0,0.09,N,5
28,176608,MORTGAGE,1,VENTURE,C,21125,13.16,0,0.12,Y,5
28,62000,RENT,2,MEDICAL,C,12800,13.16,0,0.21,Y,5
28,78996,MORTGAGE,10,HOMEIMPROVEMENT,C,12000,13.16,0,0.15,Y,5
28,20000,RENT,2,VENTURE,C,4000,13.11,1,0.2,N,5
28,120000,MORTGAGE,11,HOMEIMPROVEMENT,C,5000,13.06,0,0.04,N,5
28,336000,RENT,1,VENTURE,C,2150,13.06,0,0.01,Y,5
28,43000,MORTGAGE,11,PERSONAL,C,5000,12.99,0,0.12,Y,5
28,44000,RENT,0,HOMEIMPROVEMENT,C,5000,12.99,1,0.11,Y,5
28,36000,OWN,0,EDUCATION,C,2350,12.99,0,0.07,Y,5
28,48715,RENT,2,DEBTCONSOLIDATION,C,12000,12.87,0,0.25,Y,5
28,100000,MORTGAGE,3,EDUCATION,C,10000,12.84,0,0.1,Y,5
28,75000,OWN,11,EDUCATION,B,12000,12.69,0,0.16,N,5
28,51000,RENT,5,DEBTCONSOLIDATION,B,6000,12.69,0,0.12,N,5
28,43500,MORTGAGE,12,PERSONAL,B,4000,12.69,0,0.09,N,5
28,39600,RENT,11,EDUCATION,B,1500,12.69,0,0.04,N,5
28,24000,RENT,4,PERSONAL,C,5600,12.68,0,0.23,Y,5
28,200000,RENT,1,MEDICAL,B,24250,12.53,0,0.12,N,5
28,124800,MORTGAGE,1,VENTURE,C,15000,12.53,0,0.12,Y,5
28,40000,RENT,2,MEDICAL,B,9000,12.53,0,0.23,N,5
28,55000,RENT,3,VENTURE,C,5000,12.53,0,0.09,Y,5
28,35004,RENT,2,EDUCATION,B,4000,12.53,0,0.11,N,5
28,40000,RENT,0,EDUCATION,B,10000,12.42,0,0.25,N,5
28,135000,RENT,5,VENTURE,B,4000,12.42,0,0.03,N,5
28,81996,MORTGAGE,12,EDUCATION,B,3000,12.42,0,0.04,N,5
28,56000,MORTGAGE,5,HOMEIMPROVEMENT,C,5050,12.29,1,0.09,Y,5
28,51043,MORTGAGE,12,VENTURE,C,2100,12.29,1,0.04,N,5
28,40500,MORTGAGE,0,VENTURE,C,12000,12.23,0,0.3,Y,5
28,28089,RENT,0,PERSONAL,C,5500,12.22,0,0.2,Y,5
28,77000,MORTGAGE,5,PERSONAL,B,15000,12.21,0,0.19,N,5
28,75000,MORTGAGE,5,VENTURE,B,10000,12.21,0,0.13,N,5
28,71000,MORTGAGE,1,VENTURE,B,9800,12.21,0,0.14,N,5
28,75000,MORTGAGE,2,MEDICAL,B,20000,12.18,0,0.27,N,5
28,80000,MORTGAGE,12,DEBTCONSOLIDATION,B,12000,12.18,0,0.15,N,5
28,53500,RENT,4,VENTURE,B,5000,12.18,0,0.09,N,5
28,33288,RENT,2,DEBTCONSOLIDATION,C,10800,12.09,1,0.32,N,5
28,60000,MORTGAGE,6,EDUCATION,B,15000,11.99,0,0.25,N,5
28,124886,MORTGAGE,12,PERSONAL,B,5000,11.99,1,0.04,N,5
28,54600,MORTGAGE,13,EDUCATION,B,20000,11.89,1,0.37,N,5
28,40000,RENT,2,PERSONAL,B,14000,11.89,1,0.35,N,5
28,24000,RENT,0,DEBTCONSOLIDATION,B,5000,11.86,0,0.21,N,5
28,160000,OWN,12,VENTURE,B,23000,11.83,0,0.14,N,5
28,10800,RENT,0,DEBTCONSOLIDATION,B,4200,11.83,1,0.39,N,5
28,62000,RENT,3,DEBTCONSOLIDATION,C,9300,11.72,0,0.15,Y,5
28,60000,MORTGAGE,8,MEDICAL,B,20000,11.71,0,0.33,N,5
28,85000,RENT,8,DEBTCONSOLIDATION,B,8000,11.71,0,0.09,N,5
28,77000,MORTGAGE,4,DEBTCONSOLIDATION,B,2600,11.71,0,0.03,N,5
28,64000,RENT,1,PERSONAL,C,10000,11.66,0,0.16,N,5
28,54263,RENT,0,HOMEIMPROVEMENT,C,3500,11.66,0,0.06,N,5
28,86652,RENT,5,HOMEIMPROVEMENT,B,20000,11.58,1,0.23,N,5
28,68000,RENT,4,VENTURE,B,11000,11.49,0,0.16,N,5
28,21600,OWN,11,HOMEIMPROVEMENT,B,8000,11.49,0,0.37,N,5
28,35496,MORTGAGE,5,DEBTCONSOLIDATION,B,5500,11.49,0,0.15,N,5
28,60000,RENT,2,DEBTCONSOLIDATION,B,3000,11.49,0,0.05,N,5
28,22200,OWN,,HOMEIMPROVEMENT,B,2500,11.49,0,0.11,N,5
28,42000,RENT,3,DEBTCONSOLIDATION,B,2000,11.49,0,0.05,N,5
28,78000,RENT,5,HOMEIMPROVEMENT,B,20000,11.48,0,0.26,N,5
28,100000,MORTGAGE,4,VENTURE,B,20000,11.48,0,0.2,N,5
28,37584,OWN,2,MEDICAL,B,20000,11.48,0,0.53,N,5
28,80000,RENT,2,DEBTCONSOLIDATION,B,15000,11.48,0,0.19,N,5
28,46000,MORTGAGE,2,PERSONAL,B,4000,11.48,0,0.09,N,5
28,280000,MORTGAGE,3,HOMEIMPROVEMENT,B,20000,11.36,0,0.07,N,5
28,26000,RENT,7,VENTURE,B,8000,11.36,1,0.31,N,5
28,75000,MORTGAGE,12,VENTURE,C,15250,11.34,0,0.2,N,5
28,140000,RENT,0,DEBTCONSOLIDATION,B,15000,11.26,0,0.11,N,5
28,30000,RENT,13,PERSONAL,B,14800,11.14,1,0.49,N,5
28,65000,RENT,7,MEDICAL,B,14400,11.14,0,0.22,N,5
28,42900,RENT,3,PERSONAL,B,14000,11.14,1,0.33,N,5
28,75000,RENT,4,DEBTCONSOLIDATION,B,8400,11.14,1,0.11,N,5
28,100000,MORTGAGE,3,VENTURE,B,5300,11.14,0,0.05,N,5
28,8000,RENT,1,HOMEIMPROVEMENT,B,4750,11.12,1,0.59,N,5
28,37090,RENT,2,DEBTCONSOLIDATION,B,3000,11.12,0,0.08,N,5
28,40000,RENT,12,VENTURE,B,12000,11.11,0,0.3,N,5
28,36000,RENT,0,DEBTCONSOLIDATION,B,10000,11.11,0,0.28,N,5
28,60000,OWN,0,VENTURE,B,7000,11.11,0,0.12,N,5
28,70356,MORTGAGE,12,EDUCATION,B,6000,11.11,0,0.09,N,5
28,36000,RENT,8,PERSONAL,B,5600,11.11,0,0.16,N,5
28,65000,MORTGAGE,12,EDUCATION,B,24000,10.99,0,0.37,N,5
28,90722,MORTGAGE,7,HOMEIMPROVEMENT,B,18000,10.99,0,0.2,N,5
28,34000,RENT,7,DEBTCONSOLIDATION,B,9600,10.99,0,0.28,N,5
28,59700,MORTGAGE,12,HOMEIMPROVEMENT,B,6000,10.99,0,0.1,N,5
28,27000,OWN,7,PERSONAL,B,2400,10.99,0,0.09,N,5
28,65000,OWN,1,VENTURE,B,7500,10.96,0,0.12,N,5
28,74000,MORTGAGE,6,EDUCATION,B,18000,10.75,0,0.24,N,5
28,38500,RENT,2,PERSONAL,B,12000,10.75,1,0.31,N,5
28,150000,RENT,13,PERSONAL,B,3000,10.75,0,0.02,N,5
28,132650,MORTGAGE,12,MEDICAL,B,20000,10.65,0,0.15,N,5
28,30996,RENT,7,MEDICAL,B,4000,10.65,0,0.13,N,5
28,50000,RENT,0,PERSONAL,B,6000,10.59,0,0.12,N,5
28,43000,RENT,5,MEDICAL,B,6000,10.39,0,0.14,N,5
28,36000,RENT,1,MEDICAL,B,5700,10.39,0,0.16,N,5
28,30000,RENT,7,VENTURE,B,10000,10.38,1,0.33,N,5
28,30000,RENT,7,VENTURE,B,10000,10.38,1,0.33,N,5
28,24000,OWN,3,PERSONAL,B,8000,10.37,0,0.33,N,5
28,42000,MORTGAGE,6,EDUCATION,B,5000,10.37,0,0.12,N,5
28,59000,MORTGAGE,2,VENTURE,B,14000,10.36,0,0.24,N,5
28,42016,RENT,3,MEDICAL,B,5000,10.36,0,0.12,N,5
28,66560,RENT,4,PERSONAL,B,4800,10.36,0,0.07,N,5
28,50000,RENT,1,EDUCATION,C,15000,10.28,0,0.3,N,5
28,84000,MORTGAGE,12,MEDICAL,B,20500,10,0,0.24,N,5
28,40000,OWN,2,VENTURE,B,5000,10,0,0.13,N,5
28,33600,RENT,12,EDUCATION,B,4200,10,0,0.13,N,5
28,85000,MORTGAGE,4,PERSONAL,B,35000,9.99,0,0.41,N,5
28,61000,MORTGAGE,12,PERSONAL,B,12000,9.99,0,0.2,N,5
28,144000,RENT,12,PERSONAL,B,10000,9.99,0,0.07,N,5
28,58000,MORTGAGE,11,DEBTCONSOLIDATION,B,6700,9.99,0,0.12,N,5
28,86004,MORTGAGE,12,VENTURE,B,3000,9.99,0,0.03,N,5
28,31000,MORTGAGE,0,VENTURE,B,11300,9.91,0,0.36,N,5
28,78000,MORTGAGE,7,HOMEIMPROVEMENT,B,10000,9.91,0,0.13,N,5
28,45000,RENT,1,MEDICAL,B,10000,9.91,0,0.22,N,5
28,15360,RENT,2,PERSONAL,B,5375,9.91,1,0.35,N,5
28,101000,MORTGAGE,4,EDUCATION,B,5000,9.91,0,0.05,N,5
28,95000,MORTGAGE,12,EDUCATION,B,35000,9.63,0,0.37,N,5
28,57000,MORTGAGE,12,HOMEIMPROVEMENT,A,13000,9.63,0,0.23,N,5
28,13500,OWN,0,PERSONAL,A,6700,9.63,1,0.5,N,5
28,60000,RENT,3,EDUCATION,B,3600,9.63,0,0.06,N,5
28,85000,MORTGAGE,3,DEBTCONSOLIDATION,B,20000,9.62,0,0.24,N,5
28,12000,OWN,,EDUCATION,B,3000,9.62,1,0.25,N,5
28,76000,MORTGAGE,12,HOMEIMPROVEMENT,A,5000,8.94,1,0.07,N,5
28,73200,RENT,2,VENTURE,A,12000,8.9,0,0.16,N,5
28,30000,RENT,3,PERSONAL,A,10000,8.9,1,0.33,N,5
28,140000,MORTGAGE,12,MEDICAL,B,15000,8.88,0,0.11,N,5
28,23000,RENT,,MEDICAL,B,6000,8.88,0,0.26,N,5
28,100000,MORTGAGE,13,VENTURE,A,13000,8.59,0,0.13,N,5
28,85000,MORTGAGE,3,DEBTCONSOLIDATION,A,7000,8.59,0,0.08,N,5
28,123000,OWN,7,PERSONAL,A,4000,8.59,0,0.03,N,5
28,96636,MORTGAGE,10,MEDICAL,A,30000,8.49,0,0.31,N,5
28,114000,MORTGAGE,13,HOMEIMPROVEMENT,A,26000,8.49,0,0.23,N,5
28,97000,MORTGAGE,9,VENTURE,A,12000,8.49,0,0.12,N,5
28,22188,RENT,9,EDUCATION,A,11500,8.49,1,0.52,N,5
28,60000,RENT,12,PERSONAL,A,5000,8.49,0,0.08,N,5
28,76000,RENT,4,DEBTCONSOLIDATION,A,3400,8.49,0,0.04,N,5
28,50000,OWN,3,EDUCATION,A,3200,8.49,0,0.06,N,5
28,48000,RENT,1,EDUCATION,A,2500,8.49,0,0.05,N,5
28,50000,RENT,0,EDUCATION,A,7000,8.32,0,0.14,N,5
28,24840,RENT,2,EDUCATION,A,1500,8,1,0.06,N,5
28,131004,MORTGAGE,5,EDUCATION,A,25000,7.9,0,0.19,N,5
28,95000,MORTGAGE,5,DEBTCONSOLIDATION,A,23450,7.9,0,0.25,N,5
28,158000,MORTGAGE,6,MEDICAL,A,15000,7.9,0,0.09,N,5
28,75000,RENT,6,VENTURE,A,10000,7.9,0,0.13,N,5
28,80000,OWN,12,EDUCATION,A,8400,7.9,0,0.1,N,5
28,86400,MORTGAGE,,MEDICAL,A,5000,7.9,0,0.06,N,5
28,34000,RENT,,PERSONAL,A,5000,7.9,1,0.15,N,5
28,34000,RENT,,PERSONAL,A,5000,7.9,1,0.15,N,5
28,40500,RENT,9,DEBTCONSOLIDATION,A,15000,7.88,1,0.37,N,5
28,52000,MORTGAGE,10,DEBTCONSOLIDATION,A,13600,7.88,0,0.26,N,5
28,28080,RENT,0,DEBTCONSOLIDATION,A,12000,7.88,1,0.43,N,5
28,60000,MORTGAGE,4,DEBTCONSOLIDATION,A,8000,7.88,0,0.13,N,5
28,225000,MORTGAGE,1,VENTURE,A,5000,7.75,0,0.02,N,5
28,120000,MORTGAGE,12,HOMEIMPROVEMENT,A,6000,7.74,0,0.05,N,5
28,80500,MORTGAGE,4,DEBTCONSOLIDATION,A,6000,7.74,0,0.07,N,5
28,33400,MORTGAGE,12,PERSONAL,A,16700,7.66,0,0.5,N,5
28,37500,RENT,10,PERSONAL,A,2400,7.66,0,0.06,N,5
28,125000,MORTGAGE,12,PERSONAL,A,30000,7.51,0,0.24,N,5
28,60000,OWN,7,MEDICAL,A,12000,7.51,0,0.2,N,5
28,57000,MORTGAGE,5,PERSONAL,A,9500,7.51,0,0.17,N,5
28,51000,MORTGAGE,12,VENTURE,A,8000,7.51,0,0.16,N,5
28,32468,MORTGAGE,12,VENTURE,A,6000,7.51,0,0.18,N,5
28,95000,MORTGAGE,0,HOMEIMPROVEMENT,A,5000,7.51,0,0.05,N,5
28,40000,RENT,2,VENTURE,A,4200,7.51,0,0.1,N,5
28,28800,RENT,0,MEDICAL,A,4200,7.51,0,0.15,N,5
28,90000,MORTGAGE,13,HOMEIMPROVEMENT,A,1800,7.51,0,0.02,N,5
28,50343,OWN,11,HOMEIMPROVEMENT,A,22000,7.49,0,0.44,N,5
28,55000,RENT,3,MEDICAL,A,11000,7.49,0,0.2,N,5
28,50004,OWN,4,EDUCATION,A,10000,7.49,0,0.2,N,5
28,65000,MORTGAGE,3,VENTURE,A,10000,7.49,0,0.15,N,5
28,44300,MORTGAGE,12,HOMEIMPROVEMENT,A,4325,7.49,0,0.1,N,5
28,70000,MORTGAGE,0,EDUCATION,A,5000,7.43,0,0.07,N,5
28,30000,MORTGAGE,8,DEBTCONSOLIDATION,A,3000,7.29,0,0.1,N,5
28,125004,MORTGAGE,9,PERSONAL,A,12000,7.14,0,0.1,N,5
28,33763,RENT,5,MEDICAL,A,4800,7.14,0,0.14,N,5
28,120000,MORTGAGE,0,EDUCATION,A,1000,7.12,0,0.01,N,5
28,22000,OWN,5,EDUCATION,A,8000,6.99,0,0.36,N,5
28,29112,OWN,1,VENTURE,A,7000,6.99,0,0.24,N,5
28,300000,MORTGAGE,11,DEBTCONSOLIDATION,A,10800,6.92,0,0.04,N,5
28,65000,MORTGAGE,3,DEBTCONSOLIDATION,A,5000,6.92,0,0.08,N,5
28,62496,RENT,4,EDUCATION,A,12000,6.91,0,0.19,N,5
28,75000,RENT,0,VENTURE,A,5625,6.91,0,0.07,N,5
28,24000,OWN,,VENTURE,A,3000,6.91,0,0.13,N,5
28,70000,MORTGAGE,7,EDUCATION,A,8000,6.62,0,0.11,N,5
28,70000,MORTGAGE,2,VENTURE,A,5600,6.62,0,0.08,N,5
28,138000,MORTGAGE,11,MEDICAL,A,5000,6.62,0,0.04,N,5
28,69000,MORTGAGE,9,EDUCATION,A,15000,6.54,1,0.22,N,5
28,43000,MORTGAGE,6,VENTURE,A,15000,6.03,0,0.35,N,5
28,61000,MORTGAGE,12,PERSONAL,A,12000,6.03,0,0.2,N,5
28,110000,MORTGAGE,12,MEDICAL,A,6000,6.03,0,0.05,N,5
28,70000,MORTGAGE,,DEBTCONSOLIDATION,A,24000,5.99,0,0.34,N,5
28,65004,MORTGAGE,7,MEDICAL,A,9000,5.99,0,0.14,N,5
28,64000,MORTGAGE,4,PERSONAL,A,8825,5.99,0,0.14,N,5
28,31200,OWN,0,EDUCATION,A,4350,5.99,0,0.14,N,5
28,78000,MORTGAGE,5,DEBTCONSOLIDATION,A,12000,5.79,0,0.15,N,5
28,110000,MORTGAGE,3,VENTURE,A,11000,5.79,0,0.1,N,5
28,112200,MORTGAGE,10,VENTURE,A,6800,5.79,0,0.06,N,5
28,86400,MORTGAGE,0,EDUCATION,A,5000,5.79,0,0.06,N,5
28,53376,RENT,5,PERSONAL,A,10000,5.42,0,0.19,N,5
28,90000,RENT,0,VENTURE,A,7200,5.42,0,0.08,N,5
28,54000,RENT,9,VENTURE,A,6000,5.42,0,0.11,N,5
28,37290,MORTGAGE,7,PERSONAL,A,5500,5.42,0,0.15,N,5
28,42000,RENT,4,MEDICAL,A,5000,5.42,0,0.12,N,5
28,103000,MORTGAGE,2,EDUCATION,A,5000,5.42,0,0.05,N,5
28,33600,MORTGAGE,12,MEDICAL,A,3000,5.42,0,0.09,N,5
28,33600,MORTGAGE,12,MEDICAL,A,3000,5.42,0,0.09,N,5
28,30000,RENT,12,EDUCATION,A,2000,5.42,0,0.07,N,5
28,98400,MORTGAGE,12,PERSONAL,A,1500,5.42,0,0.02,N,5
28,144000,MORTGAGE,12,PERSONAL,A,30000,,0,0.21,N,5
28,115000,MORTGAGE,8,MEDICAL,A,28000,,0,0.24,N,5
28,78000,RENT,0,PERSONAL,D,25000,,1,0.32,Y,5
28,206000,RENT,2,EDUCATION,C,24000,,0,0.12,Y,5
28,100511,RENT,1,DEBTCONSOLIDATION,D,21000,,1,0.21,Y,5
28,78200,MORTGAGE,12,MEDICAL,D,20000,,1,0.22,Y,5
28,133000,MORTGAGE,6,DEBTCONSOLIDATION,E,20000,,1,0.15,Y,5
28,60000,OWN,5,MEDICAL,B,20000,,0,0.33,N,5
28,120000,MORTGAGE,0,PERSONAL,B,20000,,0,0.17,N,5
28,110004,MORTGAGE,2,EDUCATION,B,15000,,0,0.14,N,5
28,46400,RENT,6,DEBTCONSOLIDATION,C,14125,,0,0.3,N,5
28,33600,RENT,9,EDUCATION,C,14000,,1,0.42,Y,5
28,114000,MORTGAGE,4,DEBTCONSOLIDATION,A,12000,,0,0.11,N,5
28,67000,RENT,3,HOMEIMPROVEMENT,B,12000,,0,0.18,N,5
28,68496,RENT,8,PERSONAL,B,10000,,0,0.15,N,5
28,100000,MORTGAGE,6,DEBTCONSOLIDATION,B,10000,,0,0.1,N,5
28,170000,MORTGAGE,0,EDUCATION,A,10000,,0,0.06,N,5
28,76000,RENT,2,MEDICAL,B,8500,,0,0.11,N,5
28,45500,OWN,1,MEDICAL,A,8400,,0,0.18,N,5
28,54996,MORTGAGE,12,PERSONAL,A,6400,,0,0.12,N,5
28,60000,MORTGAGE,12,PERSONAL,B,6000,,0,0.1,N,5
28,52000,MORTGAGE,11,MEDICAL,A,6000,,0,0.12,N,5
28,32000,RENT,0,PERSONAL,B,6000,,0,0.19,N,5
28,29000,MORTGAGE,6,DEBTCONSOLIDATION,C,5600,,1,0.19,N,5
28,70000,MORTGAGE,0,VENTURE,B,5275,,0,0.08,N,5
28,38400,RENT,3,EDUCATION,C,5000,,0,0.13,N,5
28,60000,MORTGAGE,4,DEBTCONSOLIDATION,B,4800,,0,0.08,N,5
28,80000,MORTGAGE,6,HOMEIMPROVEMENT,B,4400,,0,0.06,N,5
28,100000,MORTGAGE,0,EDUCATION,A,3950,,0,0.04,N,5
28,49000,RENT,0,DEBTCONSOLIDATION,F,3000,,1,0.06,Y,5
27,107450,MORTGAGE,11,PERSONAL,G,24000,20.86,1,0.22,Y,10
27,34000,RENT,4,MEDICAL,G,14000,19.82,1,0.41,N,10
27,39000,MORTGAGE,11,HOMEIMPROVEMENT,E,5000,18.79,1,0.13,Y,10
27,258000,RENT,11,EDUCATION,E,35000,18.64,1,0.14,N,10
27,30000,RENT,2,DEBTCONSOLIDATION,E,5000,17.99,1,0.17,Y,10
27,68255,MORTGAGE,6,MEDICAL,E,17500,17.93,1,0.22,Y,10
27,23004,RENT,6,EDUCATION,F,3000,17.8,0,0.13,Y,10
27,52275,RENT,7,MEDICAL,D,20050,17.58,1,0.33,Y,10
27,30000,RENT,4,MEDICAL,D,2400,17.49,1,0.08,Y,10
27,96000,RENT,1,VENTURE,D,25000,16.89,1,0.26,Y,10
27,44000,RENT,1,VENTURE,D,5000,16.89,1,0.11,Y,10
27,56400,RENT,4,PERSONAL,D,8000,16.77,0,0.14,Y,10
27,54000,MORTGAGE,0,DEBTCONSOLIDATION,D,12000,16.49,1,0.22,N,10
27,112921,MORTGAGE,11,HOMEIMPROVEMENT,E,19000,16.35,0,0.17,N,10
27,34000,RENT,0,EDUCATION,E,15000,16.35,1,0.44,Y,10
27,31200,OWN,1,DEBTCONSOLIDATION,E,7000,16.35,1,0.22,Y,10
27,170000,RENT,11,PERSONAL,D,25000,16.32,0,0.15,N,10
27,32000,MORTGAGE,11,DEBTCONSOLIDATION,D,1000,16.29,1,0.03,Y,10
27,120000,MORTGAGE,4,HOMEIMPROVEMENT,D,25000,16.07,0,0.21,Y,10
27,70000,MORTGAGE,7,VENTURE,D,8000,16,0,0.11,N,10
27,45200,RENT,11,EDUCATION,D,5000,16,1,0.11,N,10
27,118000,RENT,1,PERSONAL,D,13425,15.99,1,0.11,Y,10
27,50000,OWN,,HOMEIMPROVEMENT,D,7800,15.99,0,0.16,N,10
27,62900,RENT,9,MEDICAL,D,7450,15.99,1,0.1,N,10
27,21112,RENT,0,PERSONAL,D,3600,15.99,1,0.17,Y,10
27,34000,RENT,7,MEDICAL,C,7000,15.96,0,0.21,Y,10
27,72000,RENT,4,DEBTCONSOLIDATION,C,6000,15.96,0,0.08,N,10
27,34000,RENT,0,DEBTCONSOLIDATION,C,5600,15.96,1,0.16,Y,10
27,56525,MORTGAGE,4,MEDICAL,D,12000,15.95,1,0.18,N,10
27,47000,RENT,3,VENTURE,D,25000,15.7,1,0.53,Y,10
27,66300,MORTGAGE,11,MEDICAL,D,21000,15.62,1,0.27,Y,10
27,102400,MORTGAGE,2,EDUCATION,D,25000,15.57,0,0.24,N,10
27,37000,OWN,1,VENTURE,D,16750,15.33,0,0.45,Y,10
27,54400,MORTGAGE,11,MEDICAL,D,11000,15.33,1,0.17,Y,10
27,47000,RENT,2,HOMEIMPROVEMENT,D,4000,15.33,1,0.09,Y,10
27,33996,RENT,8,EDUCATION,D,6000,15.31,0,0.18,N,10
27,44200,MORTGAGE,11,MEDICAL,C,11500,15.27,0,0.26,Y,10
27,64000,RENT,0,PERSONAL,C,10000,15.27,0,0.16,Y,10
27,130000,RENT,11,EDUCATION,C,12000,15.23,0,0.09,Y,10
27,72000,RENT,3,VENTURE,D,24000,14.96,1,0.33,N,10
27,89000,MORTGAGE,11,EDUCATION,D,2800,14.96,0,0.03,Y,10
27,69996,RENT,3,EDUCATION,D,10800,14.91,0,0.15,Y,10
27,275000,RENT,7,HOMEIMPROVEMENT,D,10000,14.91,0,0.04,Y,10
27,30996,RENT,4,DEBTCONSOLIDATION,D,5775,14.91,1,0.19,N,10
27,70000,RENT,9,MEDICAL,C,3600,14.79,0,0.05,Y,10
27,24000,RENT,2,VENTURE,C,5000,14.72,0,0.21,N,10
27,43218,RENT,11,VENTURE,C,5300,14.65,0,0.12,Y,10
27,68000,MORTGAGE,0,HOMEIMPROVEMENT,C,3000,14.65,0,0.04,Y,10
27,128000,RENT,11,DEBTCONSOLIDATION,D,24250,14.59,1,0.19,N,10
27,46000,RENT,5,EDUCATION,D,13000,14.59,0,0.28,Y,10
27,79000,MORTGAGE,11,HOMEIMPROVEMENT,D,2875,14.59,0,0.04,Y,10
27,52680,OWN,11,PERSONAL,D,8000,14.54,0,0.15,N,10
27,60000,RENT,0,PERSONAL,D,5000,14.54,1,0.08,N,10
27,31200,MORTGAGE,4,EDUCATION,C,15000,14.27,0,0.48,Y,10
27,54000,MORTGAGE,6,VENTURE,C,10000,14.27,1,0.19,N,10
27,67000,RENT,2,HOMEIMPROVEMENT,C,20000,14.26,0,0.3,Y,10
27,33000,RENT,4,EDUCATION,C,5000,14.22,0,0.15,Y,10
27,36000,RENT,2,DEBTCONSOLIDATION,D,12000,14.09,1,0.33,Y,10
27,51996,OWN,8,EDUCATION,D,9600,14.09,0,0.18,N,10
27,31200,RENT,3,EDUCATION,C,10000,13.99,1,0.32,N,10
27,66000,RENT,10,MEDICAL,C,5000,13.99,0,0.08,Y,10
27,58000,RENT,0,EDUCATION,C,4600,13.99,0,0.08,Y,10
27,22800,RENT,5,PERSONAL,C,3500,13.99,1,0.15,Y,10
27,59000,MORTGAGE,11,HOMEIMPROVEMENT,C,16000,13.98,0,0.27,N,10
27,45000,OWN,5,EDUCATION,C,15250,13.98,0,0.34,N,10
27,26208,RENT,0,EDUCATION,C,3000,13.98,0,0.11,N,10
27,75000,OWN,3,HOMEIMPROVEMENT,C,25000,13.85,0,0.33,N,10
27,45000,RENT,1,MEDICAL,C,8000,13.85,0,0.18,N,10
27,44000,MORTGAGE,3,EDUCATION,C,6400,13.85,0,0.15,N,10
27,106000,MORTGAGE,5,HOMEIMPROVEMENT,C,24000,13.8,0,0.23,N,10
27,44196,RENT,2,DEBTCONSOLIDATION,C,5500,13.8,0,0.12,N,10
27,48000,RENT,9,DEBTCONSOLIDATION,C,14000,13.79,1,0.29,N,10
27,120000,MORTGAGE,4,PERSONAL,C,6000,13.79,0,0.05,N,10
27,34152,RENT,5,MEDICAL,C,5000,13.79,0,0.15,N,10
27,26400,RENT,1,MEDICAL,C,2000,13.61,0,0.08,N,10
27,93000,MORTGAGE,5,DEBTCONSOLIDATION,C,16000,13.57,0,0.17,Y,10
27,112000,MORTGAGE,9,EDUCATION,C,13000,13.57,0,0.12,N,10
27,52000,RENT,0,MEDICAL,C,22950,13.49,1,0.44,N,10
27,62000,RENT,9,EDUCATION,C,10400,13.49,0,0.17,Y,10
27,34000,RENT,3,VENTURE,C,10000,13.49,1,0.29,N,10
27,64800,RENT,3,VENTURE,C,8000,13.49,0,0.12,N,10
27,37000,RENT,3,EDUCATION,C,8000,13.49,0,0.22,Y,10
27,30000,RENT,0,MEDICAL,C,5600,13.49,0,0.19,N,10
27,70000,MORTGAGE,1,DEBTCONSOLIDATION,C,5500,13.49,0,0.08,Y,10
27,91200,RENT,3,DEBTCONSOLIDATION,C,5000,13.49,0,0.05,Y,10
27,35000,RENT,5,VENTURE,C,10000,13.48,0,0.29,N,10
27,34000,MORTGAGE,12,VENTURE,C,10625,13.47,0,0.31,Y,10
27,50000,RENT,5,MEDICAL,C,8000,13.43,0,0.16,N,10
27,26400,RENT,3,VENTURE,C,2500,13.23,0,0.09,Y,10
27,64000,RENT,2,HOMEIMPROVEMENT,C,13000,13.11,0,0.2,N,10
27,20000,RENT,1,VENTURE,C,6000,13.11,0,0.3,Y,10
27,67000,RENT,1,DEBTCONSOLIDATION,C,2800,13.04,0,0.04,N,10
27,157544,MORTGAGE,8,DEBTCONSOLIDATION,C,35000,12.99,0,0.22,Y,10
27,57600,OWN,,VENTURE,C,3000,12.99,0,0.05,Y,10
27,96000,MORTGAGE,4,DEBTCONSOLIDATION,C,2500,12.99,0,0.03,Y,10
27,50000,MORTGAGE,4,EDUCATION,C,2200,12.99,0,0.04,Y,10
27,44000,RENT,3,MEDICAL,C,3500,12.98,0,0.08,N,10
27,24000,RENT,0,DEBTCONSOLIDATION,C,4000,12.87,0,0.17,N,10
27,87988,MORTGAGE,5,DEBTCONSOLIDATION,C,20000,12.84,0,0.23,Y,10
27,45000,OWN,4,VENTURE,C,20000,12.84,0,0.44,N,10
27,70000,OWN,0,PERSONAL,C,15000,12.84,0,0.21,N,10
27,50000,MORTGAGE,3,DEBTCONSOLIDATION,C,10000,12.84,0,0.2,N,10
27,41000,RENT,4,DEBTCONSOLIDATION,C,8000,12.84,1,0.2,Y,10
27,99996,MORTGAGE,0,VENTURE,C,3000,12.84,0,0.03,N,10
27,103250,RENT,1,VENTURE,C,25000,12.73,0,0.24,N,10
27,132000,RENT,6,DEBTCONSOLIDATION,C,20000,12.73,0,0.15,N,10
27,38004,RENT,5,EDUCATION,C,15000,12.73,1,0.39,N,10
27,76000,RENT,2,MEDICAL,C,14500,12.73,0,0.19,N,10
27,40000,RENT,4,EDUCATION,C,6000,12.73,0,0.15,N,10
27,40000,MORTGAGE,7,HOMEIMPROVEMENT,B,14675,12.69,0,0.37,N,10
27,29000,RENT,2,PERSONAL,B,10000,12.69,1,0.34,N,10
27,27000,RENT,2,MEDICAL,B,7500,12.69,0,0.28,N,10
27,80000,MORTGAGE,7,MEDICAL,B,7400,12.69,0,0.09,N,10
27,84000,MORTGAGE,2,PERSONAL,B,7000,12.69,0,0.08,N,10
27,54000,RENT,5,MEDICAL,B,3200,12.69,0,0.06,N,10
27,58800,RENT,6,HOMEIMPROVEMENT,B,2800,12.69,1,0.05,N,10
27,31897,RENT,8,MEDICAL,C,14125,12.68,1,0.44,N,10
27,71000,RENT,11,EDUCATION,C,8400,12.61,0,0.12,Y,10
27,31200,MORTGAGE,1,DEBTCONSOLIDATION,B,12300,12.53,0,0.39,N,10
27,60000,MORTGAGE,3,HOMEIMPROVEMENT,B,10000,12.53,0,0.17,N,10
27,34000,OWN,7,EDUCATION,C,8000,12.53,0,0.24,N,10
27,30000,RENT,2,VENTURE,B,4200,12.53,0,0.14,N,10
27,116000,MORTGAGE,0,EDUCATION,C,3500,12.53,1,0.03,N,10
27,165000,MORTGAGE,6,MEDICAL,B,35000,12.42,0,0.21,N,10
27,90000,MORTGAGE,4,HOMEIMPROVEMENT,B,20000,12.42,0,0.22,N,10
27,76788,MORTGAGE,0,DEBTCONSOLIDATION,B,17000,12.42,0,0.22,N,10
27,55000,RENT,4,VENTURE,B,15000,12.42,0,0.27,N,10
27,180000,RENT,2,MEDICAL,B,15000,12.42,0,0.08,N,10
27,88000,MORTGAGE,4,VENTURE,B,14000,12.42,0,0.16,N,10
27,72000,MORTGAGE,4,PERSONAL,B,14000,12.42,0,0.19,N,10
27,170000,RENT,3,HOMEIMPROVEMENT,B,12075,12.42,0,0.07,N,10
27,36000,RENT,3,MEDICAL,B,5800,12.42,0,0.16,N,10
27,65000,MORTGAGE,8,MEDICAL,B,3000,12.42,0,0.05,N,10
27,117000,RENT,7,PERSONAL,B,1800,12.42,0,0.02,N,10
27,84000,RENT,0,MEDICAL,B,16000,12.21,0,0.19,N,10
27,57996,RENT,11,EDUCATION,B,7500,12.21,0,0.13,N,10
27,15000,RENT,1,HOMEIMPROVEMENT,B,7000,12.21,1,0.47,N,10
27,56000,RENT,5,HOMEIMPROVEMENT,B,20000,12.18,1,0.36,N,10
27,78000,OWN,4,VENTURE,B,6000,12.18,0,0.08,N,10
27,57240,OWN,4,MEDICAL,B,15000,11.99,0,0.26,N,10
27,120000,MORTGAGE,3,PERSONAL,B,14000,11.99,0,0.12,N,10
27,35000,OWN,2,HOMEIMPROVEMENT,B,6000,11.99,0,0.17,N,10
27,54000,RENT,6,DEBTCONSOLIDATION,B,5000,11.99,1,0.09,N,10
27,65000,MORTGAGE,11,VENTURE,B,4500,11.99,0,0.07,N,10
27,44500,RENT,5,PERSONAL,B,2500,11.99,0,0.06,N,10
27,48100,MORTGAGE,1,VENTURE,B,20000,11.89,0,0.42,N,10
27,20000,RENT,0,PERSONAL,B,8000,11.89,1,0.4,N,10
27,52800,RENT,2,VENTURE,B,8400,11.86,0,0.16,N,10
27,81000,RENT,4,VENTURE,B,6000,11.86,0,0.07,N,10
27,72000,MORTGAGE,11,PERSONAL,B,5000,11.86,1,0.07,N,10
27,140000,OWN,12,VENTURE,B,24100,11.83,0,0.17,N,10
27,75000,RENT,3,MEDICAL,B,20000,11.83,0,0.27,N,10
27,170496,MORTGAGE,3,DEBTCONSOLIDATION,B,15000,11.83,1,0.09,N,10
27,48996,MORTGAGE,0,HOMEIMPROVEMENT,B,5000,11.83,0,0.1,N,10
27,85000,MORTGAGE,9,MEDICAL,B,24000,11.71,0,0.28,N,10
27,50000,MORTGAGE,6,PERSONAL,B,12000,11.71,0,0.24,N,10
27,80000,MORTGAGE,11,EDUCATION,B,7500,11.71,0,0.09,N,10
27,138000,RENT,2,DEBTCONSOLIDATION,B,4000,11.71,1,0.03,N,10
27,17000,RENT,6,PERSONAL,B,2875,11.71,1,0.17,N,10
27,100000,RENT,0,VENTURE,B,15000,11.58,0,0.15,N,10
27,130000,RENT,3,MEDICAL,B,10000,11.49,0,0.08,N,10
27,40800,MORTGAGE,4,EDUCATION,B,6000,11.49,0,0.15,N,10
27,42072,RENT,3,VENTURE,B,5000,11.49,0,0.12,N,10
27,44000,RENT,2,MEDICAL,B,2000,11.49,1,0.05,N,10
27,60000,MORTGAGE,3,PERSONAL,B,6000,11.48,0,0.1,N,10
27,38500,RENT,1,VENTURE,B,3000,11.48,0,0.08,N,10
27,56253,RENT,11,HOMEIMPROVEMENT,B,10000,11.36,0,0.18,N,10
27,60000,RENT,2,HOMEIMPROVEMENT,B,8800,11.36,0,0.15,N,10
27,63344,MORTGAGE,3,HOMEIMPROVEMENT,B,8000,11.36,0,0.13,N,10
27,58000,OWN,4,EDUCATION,B,4000,11.14,0,0.07,N,10
27,80000,MORTGAGE,4,DEBTCONSOLIDATION,B,24000,11.12,0,0.3,N,10
27,77000,MORTGAGE,11,VENTURE,B,18500,11.11,0,0.24,N,10
27,149616,OWN,0,MEDICAL,C,15000,11.03,0,0.1,N,10
27,125000,MORTGAGE,11,MEDICAL,B,30000,10.99,0,0.24,N,10
27,52000,RENT,5,MEDICAL,B,26000,10.99,1,0.5,N,10
27,160000,MORTGAGE,4,HOMEIMPROVEMENT,B,25000,10.99,0,0.16,N,10
27,78000,RENT,4,PERSONAL,B,24000,10.99,1,0.31,N,10
27,130000,MORTGAGE,3,VENTURE,B,24000,10.99,0,0.18,N,10
27,75000,RENT,6,HOMEIMPROVEMENT,B,12000,10.99,0,0.16,N,10
27,48000,RENT,5,MEDICAL,B,9000,10.99,0,0.19,N,10
27,37000,OWN,5,HOMEIMPROVEMENT,B,8000,10.99,0,0.22,N,10
27,90000,RENT,0,MEDICAL,B,8000,10.99,0,0.09,N,10
27,85000,MORTGAGE,8,VENTURE,B,7500,10.99,0,0.09,N,10
27,39000,MORTGAGE,6,DEBTCONSOLIDATION,B,6400,10.99,0,0.16,N,10
27,38300,MORTGAGE,2,PERSONAL,B,6000,10.99,1,0.16,N,10
27,42000,RENT,1,PERSONAL,B,5000,10.99,0,0.12,N,10
27,120000,OWN,11,MEDICAL,B,4800,10.99,0,0.04,N,10
27,60174,MORTGAGE,11,MEDICAL,B,3025,10.99,1,0.04,N,10
27,22800,MORTGAGE,11,MEDICAL,B,2500,10.99,0,0.11,N,10
27,35040,RENT,11,MEDICAL,B,2000,10.99,0,0.06,N,10
27,24000,RENT,0,PERSONAL,B,2800,10.95,0,0.12,N,10
27,24000,RENT,0,VENTURE,B,2800,10.95,0,0.12,N,10
27,96996,MORTGAGE,11,DEBTCONSOLIDATION,B,1500,10.95,0,0.02,N,10
27,18000,RENT,3,EDUCATION,B,8000,10.75,1,0.44,N,10
27,24000,RENT,4,DEBTCONSOLIDATION,B,7000,10.75,0,0.29,N,10
27,26000,RENT,6,PERSONAL,B,6000,10.75,0,0.23,N,10
27,69996,MORTGAGE,0,HOMEIMPROVEMENT,B,6000,10.75,0,0.09,N,10
27,30000,RENT,4,EDUCATION,B,10000,10.74,1,0.33,N,10
27,69592,MORTGAGE,4,MEDICAL,B,6500,10.74,0,0.09,N,10
27,31000,RENT,0,PERSONAL,B,4000,10.74,0,0.13,N,10
27,56000,RENT,2,PERSONAL,B,14000,10.65,0,0.25,N,10
27,70000,RENT,11,MEDICAL,B,10000,10.65,0,0.14,N,10
27,43680,MORTGAGE,3,DEBTCONSOLIDATION,B,7000,10.65,0,0.16,N,10
27,33000,MORTGAGE,7,VENTURE,B,4800,10.65,0,0.15,N,10
27,60132,RENT,11,VENTURE,B,10000,10.62,0,0.17,N,10
27,49000,MORTGAGE,11,MEDICAL,B,8500,10.59,0,0.17,N,10
27,86875,MORTGAGE,5,VENTURE,B,8000,10.59,0,0.09,N,10
27,43900,MORTGAGE,2,PERSONAL,B,14000,10.38,0,0.32,N,10
27,49536,OWN,11,MEDICAL,B,12000,10.38,0,0.24,N,10
27,48000,RENT,5,MEDICAL,B,10200,10.38,0,0.21,N,10
27,50004,OWN,5,MEDICAL,B,10200,10.37,0,0.2,N,10
27,30000,RENT,5,PERSONAL,B,4975,10.37,0,0.17,N,10
27,56331,MORTGAGE,7,EDUCATION,B,10000,10.36,0,0.18,N,10
27,24960,RENT,3,DEBTCONSOLIDATION,B,10750,10.25,1,0.43,N,10
27,40000,RENT,0,VENTURE,B,8000,10.25,0,0.2,N,10
27,18000,RENT,0,PERSONAL,B,8000,10.25,1,0.44,N,10
27,36000,MORTGAGE,7,PERSONAL,B,6000,10.25,0,0.17,N,10
27,34040,RENT,3,MEDICAL,B,5000,10.25,1,0.15,N,10
27,26000,RENT,6,MEDICAL,B,4000,10.25,0,0.15,N,10
27,75288,MORTGAGE,12,MEDICAL,B,18050,10,0,0.24,N,10
27,37273,RENT,4,PERSONAL,B,8500,10,0,0.23,N,10
27,33000,RENT,9,PERSONAL,B,5000,10,0,0.15,N,10
27,50000,OWN,,PERSONAL,B,5125,9.99,0,0.1,N,10
27,100000,MORTGAGE,10,MEDICAL,B,12000,9.96,0,0.12,N,10
27,37000,RENT,1,EDUCATION,B,13000,9.91,1,0.35,N,10
27,75000,MORTGAGE,11,EDUCATION,B,12000,9.91,1,0.16,N,10
27,30000,RENT,8,DEBTCONSOLIDATION,B,11000,9.91,1,0.37,N,10
27,231252,MORTGAGE,1,PERSONAL,B,2000,9.91,0,0.01,N,10
27,38400,RENT,6,MEDICAL,B,5000,9.88,0,0.13,N,10
27,38400,RENT,6,MEDICAL,B,5000,9.88,0,0.13,N,10
27,96000,RENT,7,HOMEIMPROVEMENT,B,7500,9.83,0,0.08,N,10
27,150000,MORTGAGE,11,PERSONAL,A,9000,9.63,0,0.06,N,10
27,38004,RENT,8,MEDICAL,A,5000,9.63,0,0.13,N,10
27,48000,RENT,7,PERSONAL,B,4000,9.62,0,0.08,N,10
27,35000,RENT,2,MEDICAL,A,6000,9.32,0,0.17,N,10
27,72000,RENT,4,HOMEIMPROVEMENT,B,20000,9.25,0,0.28,N,10
27,45000,MORTGAGE,12,DEBTCONSOLIDATION,B,5000,9.25,0,0.11,N,10
27,45000,RENT,1,MEDICAL,B,10000,9.2,0,0.22,N,10
27,75670,MORTGAGE,0,MEDICAL,A,10000,8.94,0,0.13,N,10
27,60000,MORTGAGE,5,MEDICAL,A,6000,8.94,0,0.1,N,10
27,90000,MORTGAGE,6,MEDICAL,A,24400,8.9,0,0.27,N,10
27,45600,MORTGAGE,6,VENTURE,A,15350,8.9,0,0.34,N,10
27,52000,MORTGAGE,4,DEBTCONSOLIDATION,A,8000,8.9,0,0.15,N,10
27,75000,MORTGAGE,0,PERSONAL,A,7500,8.9,0,0.1,N,10
27,75000,MORTGAGE,0,PERSONAL,A,7500,8.9,0,0.1,N,10
27,25000,RENT,0,MEDICAL,A,7000,8.9,0,0.28,N,10
27,24000,OWN,1,PERSONAL,A,6000,8.9,0,0.25,N,10
27,56400,RENT,1,VENTURE,B,9700,8.88,0,0.17,N,10
27,50400,MORTGAGE,,EDUCATION,B,3600,8.88,0,0.07,N,10
27,113800,MORTGAGE,3,MEDICAL,A,7500,8.63,0,0.07,N,10
27,103000,RENT,9,HOMEIMPROVEMENT,A,10000,8.59,0,0.1,N,10
27,47000,RENT,,DEBTCONSOLIDATION,A,15000,8.49,1,0.32,N,10
27,85000,RENT,4,VENTURE,A,14400,8.49,0,0.17,N,10
27,61200,MORTGAGE,3,MEDICAL,A,13000,8.49,1,0.18,N,10
27,12000,RENT,2,MEDICAL,A,5000,8.49,1,0.42,N,10
27,35000,RENT,0,DEBTCONSOLIDATION,A,3000,8.49,0,0.09,N,10
27,107000,MORTGAGE,4,EDUCATION,A,11500,8.38,0,0.11,N,10
27,100000,MORTGAGE,0,HOMEIMPROVEMENT,A,5000,8.07,0,0.05,N,10
27,110000,MORTGAGE,4,HOMEIMPROVEMENT,A,2500,8.07,0,0.02,N,10
27,117000,RENT,2,EDUCATION,A,10000,8,0,0.09,N,10
27,33000,RENT,2,MEDICAL,A,7600,8,0,0.23,N,10
27,80000,MORTGAGE,11,VENTURE,A,5000,8,0,0.06,N,10
27,32000,RENT,3,MEDICAL,A,4200,8,0,0.13,N,10
27,65000,RENT,4,PERSONAL,A,28000,7.9,1,0.43,N,10
27,117996,MORTGAGE,4,DEBTCONSOLIDATION,A,16000,7.9,0,0.14,N,10
27,82000,MORTGAGE,11,VENTURE,A,4000,7.9,0,0.05,N,10
27,62000,RENT,4,DEBTCONSOLIDATION,A,16000,7.88,0,0.26,N,10
27,91224,MORTGAGE,6,MEDICAL,A,15000,7.88,0,0.16,N,10
27,30000,RENT,3,PERSONAL,A,13000,7.88,1,0.43,N,10
27,96000,RENT,3,HOMEIMPROVEMENT,A,10000,7.88,0,0.1,N,10
27,41200,RENT,1,MEDICAL,A,7100,7.88,0,0.17,N,10
27,60000,RENT,0,HOMEIMPROVEMENT,A,7200,7.74,0,0.12,N,10
27,85000,RENT,0,VENTURE,A,7200,7.68,0,0.08,N,10
27,51267,MORTGAGE,8,EDUCATION,A,4000,7.68,0,0.08,N,10
27,70000,RENT,3,EDUCATION,A,3000,7.68,0,0.04,N,10
27,48000,MORTGAGE,5,MEDICAL,A,12000,7.66,0,0.25,N,10
27,69936,MORTGAGE,11,DEBTCONSOLIDATION,A,8000,7.66,0,0.11,N,10
27,84780,MORTGAGE,5,VENTURE,A,18000,7.51,0,0.21,N,10
27,200000,MORTGAGE,6,EDUCATION,A,10000,7.51,0,0.05,N,10
27,34800,OWN,7,HOMEIMPROVEMENT,A,9500,7.51,0,0.27,N,10
27,90000,OWN,1,VENTURE,A,7500,7.51,0,0.08,N,10
27,65304,MORTGAGE,6,HOMEIMPROVEMENT,A,5300,7.51,0,0.08,N,10
27,70000,MORTGAGE,3,HOMEIMPROVEMENT,A,5200,7.51,0,0.07,N,10
27,44000,RENT,6,VENTURE,A,4800,7.51,0,0.11,N,10
27,84906,MORTGAGE,11,DEBTCONSOLIDATION,A,4500,7.51,0,0.05,N,10
27,84906,MORTGAGE,11,DEBTCONSOLIDATION,A,4500,7.51,0,0.05,N,10
27,116000,MORTGAGE,11,DEBTCONSOLIDATION,A,18000,7.49,0,0.16,N,10
27,55000,MORTGAGE,3,PERSONAL,A,11000,7.49,0,0.2,N,10
27,90000,RENT,4,HOMEIMPROVEMENT,A,10000,7.49,0,0.11,N,10
27,43200,RENT,4,EDUCATION,A,10000,7.49,0,0.23,N,10
27,35000,RENT,3,MEDICAL,A,6000,7.49,0,0.17,N,10
27,48000,RENT,4,VENTURE,A,2800,7.49,0,0.06,N,10
27,120000,RENT,0,DEBTCONSOLIDATION,A,7200,7.29,0,0.06,N,10
27,84000,MORTGAGE,3,DEBTCONSOLIDATION,A,7000,7.29,0,0.08,N,10
27,36000,MORTGAGE,,DEBTCONSOLIDATION,A,6000,7.29,0,0.17,N,10
27,90000,MORTGAGE,0,MEDICAL,A,10000,7.14,0,0.11,N,10
27,120000,MORTGAGE,2,EDUCATION,A,7000,7.14,0,0.06,N,10
27,33600,MORTGAGE,,HOMEIMPROVEMENT,A,6400,7.14,0,0.19,N,10
27,27180,RENT,,MEDICAL,A,4800,7.14,0,0.18,N,10
27,19200,RENT,4,PERSONAL,A,1500,7.14,0,0.08,N,10
27,38000,RENT,5,EDUCATION,A,8500,6.99,0,0.22,N,10
27,60000,RENT,8,VENTURE,A,7000,6.99,0,0.12,N,10
27,28800,OWN,0,HOMEIMPROVEMENT,A,13000,6.92,0,0.45,N,10
27,190000,RENT,5,VENTURE,A,22000,6.91,0,0.12,N,10
27,75000,RENT,5,PERSONAL,A,15000,6.91,0,0.2,N,10
27,40000,RENT,0,MEDICAL,A,15000,6.91,1,0.38,N,10
27,72000,MORTGAGE,5,MEDICAL,A,11500,6.91,0,0.16,N,10
27,88000,RENT,11,DEBTCONSOLIDATION,A,9000,6.91,0,0.1,N,10
27,79000,MORTGAGE,4,PERSONAL,A,9000,6.76,0,0.11,N,10
27,125000,MORTGAGE,2,EDUCATION,A,8000,6.76,0,0.06,N,10
27,115000,MORTGAGE,3,EDUCATION,A,6300,6.76,0,0.05,N,10
27,55200,RENT,0,EDUCATION,A,4000,6.76,0,0.07,N,10
27,25200,RENT,2,VENTURE,A,1800,6.76,0,0.07,N,10
27,85000,MORTGAGE,11,EDUCATION,A,12000,6.62,0,0.14,N,10
27,38000,RENT,0,MEDICAL,A,12000,6.62,1,0.32,N,10
27,120000,MORTGAGE,0,HOMEIMPROVEMENT,A,10000,6.62,0,0.08,N,10
27,54000,MORTGAGE,4,MEDICAL,A,9000,6.62,0,0.17,N,10
27,68500,RENT,4,HOMEIMPROVEMENT,A,8000,6.62,0,0.12,N,10
27,31200,RENT,2,PERSONAL,A,6000,6.62,1,0.19,N,10
27,45000,MORTGAGE,2,EDUCATION,A,3000,6.62,0,0.07,N,10
27,63844,MORTGAGE,11,DEBTCONSOLIDATION,A,20000,6.54,0,0.31,N,10
27,98004,RENT,8,HOMEIMPROVEMENT,A,10000,6.54,0,0.1,N,10
27,55812,RENT,3,DEBTCONSOLIDATION,A,10000,6.54,0,0.18,N,10
27,42000,RENT,3,VENTURE,A,2400,6.54,0,0.06,N,10
27,26400,RENT,2,MEDICAL,A,2000,6.54,0,0.08,N,10
27,22000,RENT,1,EDUCATION,A,4000,6.39,0,0.18,N,10
27,77065,MORTGAGE,11,PERSONAL,A,23700,6.17,0,0.31,N,10
27,136000,MORTGAGE,3,PERSONAL,A,5000,6.17,0,0.04,N,10
27,130000,OWN,3,MEDICAL,A,15000,6.03,0,0.12,N,10
27,200000,MORTGAGE,9,PERSONAL,A,7000,6.03,0,0.04,N,10
27,29004,RENT,6,DEBTCONSOLIDATION,A,7000,6.03,0,0.24,N,10
27,65000,MORTGAGE,,VENTURE,A,6025,6.03,0,0.09,N,10
27,80000,MORTGAGE,4,PERSONAL,A,6000,6.03,0,0.07,N,10
27,75000,MORTGAGE,6,PERSONAL,A,3500,6.03,0,0.05,N,10
27,140987,MORTGAGE,5,VENTURE,A,6450,5.99,0,0.05,N,10
27,39000,OWN,3,MEDICAL,A,9600,5.79,0,0.25,N,10
27,26880,RENT,1,DEBTCONSOLIDATION,A,3000,5.79,0,0.11,N,10
27,30000,RENT,1,EDUCATION,A,1000,5.79,0,0.03,N,10
27,72000,MORTGAGE,6,EDUCATION,A,6000,5.42,0,0.08,N,10
27,49200,MORTGAGE,4,MEDICAL,A,2500,5.42,0,0.05,N,10
27,49200,MORTGAGE,4,HOMEIMPROVEMENT,A,2500,5.42,0,0.05,N,10
27,104000,OWN,10,EDUCATION,B,35000,,0,0.34,N,10
27,54000,MORTGAGE,1,HOMEIMPROVEMENT,B,27575,,0,0.51,N,10
27,108000,MORTGAGE,11,EDUCATION,B,21600,,0,0.2,N,10
27,80000,MORTGAGE,11,PERSONAL,B,20000,,0,0.25,N,10
27,60000,RENT,11,MEDICAL,C,17000,,0,0.28,N,10
27,110000,MORTGAGE,5,DEBTCONSOLIDATION,A,15000,,0,0.14,N,10
27,52656,MORTGAGE,4,VENTURE,B,13000,,0,0.25,N,10
27,49000,RENT,0,MEDICAL,B,11000,,0,0.22,N,10
27,44004,RENT,4,DEBTCONSOLIDATION,D,10000,,1,0.23,Y,10
27,40000,RENT,4,VENTURE,D,10000,,0,0.25,Y,10
27,45760,MORTGAGE,0,PERSONAL,A,9300,,0,0.2,N,10
27,33600,MORTGAGE,,MEDICAL,A,8000,,0,0.24,N,10
27,84000,RENT,8,EDUCATION,C,7200,,0,0.09,N,10
27,84000,RENT,8,VENTURE,C,7200,,0,0.09,N,10
27,72800,MORTGAGE,7,HOMEIMPROVEMENT,B,7000,,0,0.1,N,10
27,75000,MORTGAGE,4,DEBTCONSOLIDATION,B,6625,,0,0.09,N,10
27,185000,RENT,2,HOMEIMPROVEMENT,A,6000,,0,0.03,N,10
27,67068,OWN,11,PERSONAL,A,5000,,0,0.07,N,10
27,36000,MORTGAGE,5,PERSONAL,A,5000,,0,0.14,N,10
27,46576,MORTGAGE,8,DEBTCONSOLIDATION,A,4800,,0,0.1,N,10
27,55200,OWN,4,EDUCATION,B,4000,,0,0.07,N,10
27,55200,OWN,4,PERSONAL,B,4000,,0,0.07,N,10
27,36000,RENT,1,MEDICAL,C,4000,,0,0.11,N,10
27,36200,RENT,2,DEBTCONSOLIDATION,B,3600,,0,0.1,N,10
27,80800,MORTGAGE,3,PERSONAL,C,3000,,0,0.04,N,10
27,25440,MORTGAGE,5,EDUCATION,D,1200,,0,0.05,N,10
27,27000,OWN,0,EDUCATION,G,11500,20.11,1,0.43,N,9
27,104550,MORTGAGE,0,MEDICAL,F,23000,18.43,1,0.19,N,9
27,223000,RENT,2,EDUCATION,F,25000,18.3,1,0.11,N,9
27,31200,OWN,0,HOMEIMPROVEMENT,F,14000,18.09,0,0.45,Y,9
27,71000,OWN,0,VENTURE,E,5000,17.39,1,0.07,N,9
27,52600,MORTGAGE,2,PERSONAL,D,21600,17.27,1,0.41,N,9
27,37200,RENT,4,EDUCATION,D,4000,17.27,1,0.11,N,9
27,168000,MORTGAGE,5,DEBTCONSOLIDATION,F,24000,17.26,1,0.14,N,9
27,34000,RENT,10,MEDICAL,D,4000,17.19,1,0.12,Y,9
27,74000,MORTGAGE,4,EDUCATION,D,12100,16.89,0,0.16,Y,9
27,65000,RENT,5,PERSONAL,E,7000,16.82,0,0.11,N,9
27,36000,RENT,11,HOMEIMPROVEMENT,D,15000,16.77,1,0.42,N,9
27,44000,RENT,12,MEDICAL,D,10000,16.77,0,0.23,N,9
27,90000,MORTGAGE,2,PERSONAL,E,20000,16.7,0,0.22,N,9
27,34900,RENT,3,MEDICAL,E,5000,16.7,1,0.14,Y,9
27,160000,RENT,3,EDUCATION,E,10000,16.32,0,0.06,Y,9
27,51600,MORTGAGE,2,VENTURE,D,13650,16.29,1,0.26,N,9
27,43000,RENT,11,EDUCATION,D,4000,16.29,0,0.09,Y,9
27,45727,MORTGAGE,5,EDUCATION,D,1000,16.29,0,0.02,Y,9
27,100000,RENT,1,DEBTCONSOLIDATION,C,35000,16.11,1,0.35,N,9
27,91800,MORTGAGE,4,MEDICAL,D,25000,16.07,1,0.23,N,9
27,39000,RENT,0,MEDICAL,D,11000,16.07,1,0.28,Y,9
27,32160,RENT,1,MEDICAL,D,4000,15.99,1,0.12,N,9
27,30069,RENT,0,DEBTCONSOLIDATION,D,2400,15.99,1,0.08,Y,9
27,235000,MORTGAGE,5,PERSONAL,C,28000,15.96,0,0.12,N,9
27,120000,MORTGAGE,5,HOMEIMPROVEMENT,D,25000,15.95,0,0.21,N,9
27,91800,MORTGAGE,5,MEDICAL,D,25000,15.95,1,0.23,N,9
27,62900,RENT,3,MEDICAL,D,12000,15.95,1,0.16,N,9
27,54000,RENT,4,DEBTCONSOLIDATION,D,10000,15.95,1,0.19,N,9
27,36000,RENT,7,EDUCATION,D,16000,15.7,1,0.44,N,9
27,48600,MORTGAGE,4,PERSONAL,D,10000,15.7,0,0.21,N,9
27,72900,MORTGAGE,3,PERSONAL,D,10000,15.7,0,0.14,Y,9
27,54400,MORTGAGE,,MEDICAL,D,15000,15.65,1,0.23,Y,9
27,90000,MORTGAGE,11,VENTURE,D,21000,15.62,0,0.23,N,9
27,65600,RENT,3,EDUCATION,D,6000,15.62,0,0.09,Y,9
27,49000,RENT,11,MEDICAL,C,6000,15.27,0,0.12,Y,9
27,75000,RENT,11,VENTURE,D,6000,15.21,0,0.08,Y,9
27,32760,RENT,4,PERSONAL,D,5000,15.21,0,0.15,Y,9
27,60000,RENT,2,HOMEIMPROVEMENT,D,5000,15.21,1,0.08,Y,9
27,58650,MORTGAGE,5,MEDICAL,E,7500,15.07,1,0.11,Y,9
27,108000,MORTGAGE,11,DEBTCONSOLIDATION,D,25000,14.96,1,0.23,Y,9
27,47000,MORTGAGE,2,DEBTCONSOLIDATION,D,25000,14.96,1,0.53,Y,9
27,106000,OWN,3,PERSONAL,D,16000,14.96,0,0.15,Y,9
27,59619,MORTGAGE,11,VENTURE,D,7750,14.84,1,0.13,Y,9
27,25000,MORTGAGE,4,PERSONAL,D,4750,14.83,0,0.19,N,9
27,35000,RENT,3,MEDICAL,C,8000,14.79,0,0.23,Y,9
27,151000,MORTGAGE,11,DEBTCONSOLIDATION,D,20000,14.74,1,0.13,Y,9
27,67000,RENT,1,DEBTCONSOLIDATION,C,8050,14.72,0,0.12,N,9
27,40000,MORTGAGE,4,HOMEIMPROVEMENT,C,8000,14.72,0,0.2,N,9
27,45000,RENT,12,DEBTCONSOLIDATION,C,10400,14.65,0,0.23,N,9
27,30000,RENT,4,VENTURE,C,6000,14.65,0,0.2,Y,9
27,30000,RENT,0,MEDICAL,C,4500,14.65,0,0.15,N,9
27,84000,RENT,0,VENTURE,D,2500,14.59,1,0.03,N,9
27,79050,RENT,11,MEDICAL,D,4000,14.46,1,0.04,N,9
27,25200,RENT,0,MEDICAL,C,2550,14.27,0,0.1,N,9
27,38000,MORTGAGE,0,MEDICAL,C,14000,14.26,1,0.37,Y,9
27,82500,RENT,0,DEBTCONSOLIDATION,C,7200,14.22,0,0.09,Y,9
27,85000,RENT,0,DEBTCONSOLIDATION,C,2000,14.22,0,0.02,Y,9
27,96000,MORTGAGE,3,VENTURE,C,3000,14.17,1,0.03,Y,9
27,54996,OWN,2,HOMEIMPROVEMENT,D,8000,14.11,0,0.15,Y,9
27,51996,OWN,8,DEBTCONSOLIDATION,D,9600,14.09,0,0.18,N,9
27,85000,RENT,2,VENTURE,C,7000,13.99,0,0.08,Y,9
27,65000,RENT,12,DEBTCONSOLIDATION,C,5000,13.99,0,0.08,Y,9
27,54996,OWN,5,PERSONAL,C,16400,13.98,0,0.3,N,9
27,43080,RENT,7,PERSONAL,C,10000,13.98,0,0.23,N,9
27,50000,RENT,1,EDUCATION,C,8000,13.98,0,0.16,N,9
27,36000,RENT,0,DEBTCONSOLIDATION,C,8000,13.92,0,0.22,Y,9
27,79636,RENT,11,PERSONAL,D,19200,13.87,0,0.24,Y,9
27,47380,MORTGAGE,11,HOMEIMPROVEMENT,C,15000,13.79,0,0.32,Y,9
27,34152,RENT,5,EDUCATION,C,5000,13.79,0,0.15,Y,9
27,42000,MORTGAGE,0,PERSONAL,C,8000,13.61,0,0.19,Y,9
27,75000,MORTGAGE,1,PERSONAL,C,18000,13.57,0,0.24,Y,9
27,52000,RENT,0,VENTURE,C,22950,13.49,1,0.44,N,9
27,30000,RENT,5,PERSONAL,C,6575,13.49,1,0.22,N,9
27,65000,RENT,9,EDUCATION,C,3500,13.49,0,0.05,N,9
27,33600,RENT,1,MEDICAL,C,3000,13.49,0,0.09,Y,9
27,75000,RENT,4,VENTURE,C,1000,13.49,0,0.01,Y,9
27,55000,RENT,3,DEBTCONSOLIDATION,C,20000,13.48,1,0.36,N,9
27,95000,MORTGAGE,11,DEBTCONSOLIDATION,C,18000,13.48,0,0.19,N,9
27,80004,RENT,1,VENTURE,C,5000,13.47,0,0.06,Y,9
27,81000,OWN,4,VENTURE,C,9000,13.43,0,0.11,Y,9
27,60000,RENT,3,PERSONAL,C,4800,13.35,0,0.08,Y,9
27,67000,RENT,5,DEBTCONSOLIDATION,C,12000,13.23,0,0.18,Y,9
27,180000,MORTGAGE,2,PERSONAL,C,8000,13.23,0,0.04,N,9
27,44000,MORTGAGE,3,EDUCATION,C,5700,13.23,0,0.13,Y,9
27,72000,RENT,4,HOMEIMPROVEMENT,C,20000,13.22,1,0.28,N,9
27,59068,MORTGAGE,11,VENTURE,C,13500,13.22,0,0.23,Y,9
27,58800,MORTGAGE,0,EDUCATION,C,9800,13.22,0,0.17,Y,9
27,50000,RENT,1,VENTURE,C,15000,13.16,0,0.3,N,9
27,142000,RENT,2,MEDICAL,C,5000,13.16,0,0.04,Y,9
27,25000,RENT,0,PERSONAL,C,3600,13.16,0,0.14,Y,9
27,165000,MORTGAGE,6,HOMEIMPROVEMENT,C,35000,12.99,0,0.21,N,9
27,115000,MORTGAGE,4,MEDICAL,C,9600,12.87,0,0.08,N,9
27,39000,MORTGAGE,0,DEBTCONSOLIDATION,C,6900,12.87,0,0.18,N,9
27,31500,RENT,10,EDUCATION,C,6000,12.84,1,0.19,N,9
27,90000,MORTGAGE,5,VENTURE,C,12000,12.73,0,0.13,N,9
27,60000,MORTGAGE,,HOMEIMPROVEMENT,C,8400,12.73,1,0.14,N,9
27,90000,RENT,11,PERSONAL,B,15600,12.69,0,0.17,N,9
27,20004,RENT,0,VENTURE,B,1500,12.69,0,0.07,N,9
27,95000,MORTGAGE,6,PERSONAL,C,15000,12.68,0,0.16,N,9
27,30000,RENT,0,PERSONAL,C,10000,12.68,1,0.33,N,9
27,120000,MORTGAGE,11,PERSONAL,C,8000,12.61,0,0.07,N,9
27,24000,OWN,2,VENTURE,C,6000,12.53,0,0.25,N,9
27,46000,MORTGAGE,2,PERSONAL,C,4000,12.53,1,0.09,Y,9
27,48500,RENT,1,VENTURE,B,17500,12.42,1,0.36,N,9
27,90000,RENT,1,EDUCATION,B,16000,12.42,0,0.18,N,9
27,170000,RENT,3,DEBTCONSOLIDATION,B,12075,12.42,0,0.07,N,9
27,38500,RENT,0,DEBTCONSOLIDATION,B,11500,12.42,0,0.3,N,9
27,43000,RENT,11,MEDICAL,B,10000,12.42,0,0.23,N,9
27,160000,RENT,4,EDUCATION,B,8000,12.42,0,0.05,N,9
27,78000,RENT,4,HOMEIMPROVEMENT,C,9600,12.29,0,0.12,Y,9
27,33500,RENT,0,MEDICAL,B,2100,12.21,0,0.06,N,9
27,59000,RENT,3,PERSONAL,B,18000,12.18,1,0.31,N,9
27,54000,RENT,4,PERSONAL,D,9600,12.17,1,0.18,Y,9
27,100000,MORTGAGE,2,MEDICAL,C,10000,12.09,0,0.1,Y,9
27,100970,MORTGAGE,5,VENTURE,B,20000,11.99,0,0.2,N,9
27,40000,RENT,1,MEDICAL,B,5000,11.99,0,0.13,N,9
27,33600,RENT,4,PERSONAL,B,3200,11.99,0,0.1,N,9
27,140000,MORTGAGE,4,PERSONAL,B,2800,11.99,0,0.02,N,9
27,57500,RENT,2,DEBTCONSOLIDATION,C,9000,11.97,0,0.16,Y,9
27,44640,RENT,0,MEDICAL,B,12800,11.83,0,0.29,N,9
27,55000,RENT,11,MEDICAL,B,8000,11.83,0,0.15,N,9
27,56400,RENT,9,EDUCATION,B,3000,11.83,0,0.05,N,9
27,42000,RENT,1,PERSONAL,B,3000,11.83,0,0.07,N,9
27,49304,MORTGAGE,2,MEDICAL,C,10000,11.78,0,0.2,N,9
27,150792,MORTGAGE,11,PERSONAL,B,6000,11.71,0,0.04,N,9
27,32000,MORTGAGE,0,MEDICAL,C,7500,11.59,1,0.23,Y,9
27,95800,RENT,1,DEBTCONSOLIDATION,B,2500,11.58,0,0.03,N,9
27,59004,OWN,8,MEDICAL,B,24250,11.49,0,0.41,N,9
27,57000,RENT,2,EDUCATION,B,12000,11.49,0,0.21,N,9
27,36000,MORTGAGE,6,VENTURE,B,4000,11.49,0,0.11,N,9
27,21000,RENT,5,MEDICAL,B,4000,11.49,0,0.19,N,9
27,70000,RENT,4,EDUCATION,B,20000,11.48,0,0.29,N,9
27,30000,RENT,5,EDUCATION,B,12000,11.36,1,0.4,N,9
27,160669,MORTGAGE,3,DEBTCONSOLIDATION,B,8000,11.36,0,0.05,N,9
27,50000,RENT,3,VENTURE,B,6000,11.36,0,0.12,N,9
27,85000,MORTGAGE,6,HOMEIMPROVEMENT,B,5500,11.36,0,0.06,N,9
27,52000,RENT,2,PERSONAL,C,11000,11.34,0,0.21,N,9
27,35000,OWN,4,VENTURE,C,7500,11.34,0,0.21,N,9
27,65000,RENT,0,MEDICAL,B,6000,11.14,0,0.09,N,9
27,27000,MORTGAGE,5,MEDICAL,B,3000,11.14,0,0.11,N,9
27,100000,RENT,4,MEDICAL,B,20000,11.12,0,0.2,N,9
27,55000,RENT,0,VENTURE,B,16000,11.12,0,0.29,N,9
27,42000,RENT,7,MEDICAL,B,5000,11.11,0,0.12,N,9
27,72000,OWN,4,EDUCATION,C,8000,11.09,0,0.11,Y,9
27,39000,RENT,0,EDUCATION,C,8000,11.03,0,0.21,N,9
27,80000,MORTGAGE,6,MEDICAL,B,23750,10.99,0,0.3,N,9
27,76000,MORTGAGE,2,DEBTCONSOLIDATION,B,10000,10.99,0,0.13,N,9
27,72000,MORTGAGE,1,DEBTCONSOLIDATION,B,10000,10.99,0,0.14,N,9
27,46028,MORTGAGE,8,DEBTCONSOLIDATION,B,18000,10.74,0,0.39,N,9
27,69638,MORTGAGE,5,EDUCATION,B,16725,10.74,0,0.24,N,9
27,39000,RENT,1,PERSONAL,B,4000,10.74,0,0.1,N,9
27,104000,MORTGAGE,11,PERSONAL,B,10000,10.65,0,0.1,N,9
27,34000,MORTGAGE,6,HOMEIMPROVEMENT,B,8875,10.65,1,0.26,N,9
27,24000,RENT,2,MEDICAL,B,2500,10.65,0,0.1,N,9
27,105000,RENT,4,VENTURE,B,20000,10.62,0,0.19,N,9
27,66000,RENT,3,DEBTCONSOLIDATION,B,20000,10.62,0,0.3,N,9
27,36000,OWN,5,EDUCATION,B,14400,10.62,0,0.4,N,9
27,21600,OWN,11,HOMEIMPROVEMENT,B,4000,10.62,0,0.19,N,9
27,48000,MORTGAGE,0,HOMEIMPROVEMENT,B,8000,10.59,0,0.17,N,9
27,42504,RENT,2,PERSONAL,B,7200,10.59,0,0.17,N,9
27,77200,RENT,0,DEBTCONSOLIDATION,B,5425,10.59,1,0.07,N,9
27,30000,RENT,6,MEDICAL,B,4000,10.39,0,0.13,N,9
27,40000,RENT,8,MEDICAL,B,12000,10.37,0,0.3,N,9
27,40000,RENT,8,PERSONAL,B,12000,10.37,0,0.3,N,9
27,50000,RENT,5,VENTURE,B,12000,10.37,0,0.24,N,9
27,110000,MORTGAGE,0,MEDICAL,B,10000,10.37,0,0.09,N,9
27,52000,RENT,0,HOMEIMPROVEMENT,B,5100,10.37,0,0.1,N,9
27,30000,RENT,5,PERSONAL,B,4975,10.37,0,0.17,N,9
27,55600,OWN,2,EDUCATION,B,4200,10.37,0,0.08,N,9
27,63500,RENT,3,PERSONAL,B,4000,10.37,0,0.06,N,9
27,61000,MORTGAGE,11,EDUCATION,B,1200,10.37,0,0.02,N,9
27,51298,RENT,11,VENTURE,B,1000,10.37,0,0.02,N,9
27,12240,RENT,0,VENTURE,B,3250,10.36,1,0.27,N,9
27,93600,RENT,1,DEBTCONSOLIDATION,B,3000,10.36,0,0.03,N,9
27,69790,RENT,6,DEBTCONSOLIDATION,B,18000,10.25,0,0.26,N,9
27,69805,RENT,3,VENTURE,B,12000,10.25,0,0.17,N,9
27,26400,RENT,9,EDUCATION,B,10000,10.25,1,0.38,N,9
27,90000,MORTGAGE,6,MEDICAL,B,5500,10.25,0,0.06,N,9
27,14000,RENT,5,HOMEIMPROVEMENT,B,4750,10,1,0.34,N,9
27,72000,OWN,2,EDUCATION,B,12000,9.99,0,0.17,N,9
27,85248,RENT,0,MEDICAL,B,10000,9.99,0,0.12,N,9
27,130000,MORTGAGE,2,VENTURE,B,5000,9.99,0,0.04,N,9
27,48000,OWN,3,VENTURE,B,24000,9.91,0,0.5,N,9
27,40000,RENT,11,MEDICAL,B,16000,9.91,1,0.4,N,9
27,60000,RENT,2,HOMEIMPROVEMENT,B,2000,9.91,0,0.03,N,9
27,200000,MORTGAGE,7,PERSONAL,B,15000,9.88,0,0.07,N,9
27,35000,RENT,3,EDUCATION,B,10000,9.88,0,0.29,N,9
27,31200,RENT,3,PERSONAL,B,7000,9.88,0,0.22,N,9
27,45000,RENT,1,EDUCATION,B,14000,9.76,1,0.31,N,9
27,62000,RENT,5,HOMEIMPROVEMENT,B,3000,9.7,0,0.05,N,9
27,58000,RENT,2,EDUCATION,B,4000,9.67,0,0.07,N,9
27,71738,MORTGAGE,4,EDUCATION,B,11500,9.63,0,0.16,N,9
27,75000,RENT,9,EDUCATION,B,10000,9.63,0,0.13,N,9
27,102000,MORTGAGE,6,VENTURE,A,10000,9.63,0,0.1,N,9
27,129996,MORTGAGE,11,PERSONAL,A,4800,9.63,0,0.04,N,9
27,40000,MORTGAGE,4,EDUCATION,A,3500,9.63,0,0.09,N,9
27,55000,MORTGAGE,2,MEDICAL,B,9600,9.62,0,0.17,N,9
27,46000,MORTGAGE,11,EDUCATION,A,8725,9.32,1,0.19,N,9
27,40000,OWN,11,PERSONAL,A,6400,9.32,0,0.16,N,9
27,48996,RENT,2,DEBTCONSOLIDATION,A,4000,9.32,0,0.08,N,9
27,75852,MORTGAGE,0,DEBTCONSOLIDATION,A,4000,9.32,0,0.05,N,9
27,60000,RENT,0,DEBTCONSOLIDATION,B,6000,9.25,0,0.1,N,9
27,60000,RENT,6,PERSONAL,A,6000,8.94,0,0.1,N,9
27,26000,MORTGAGE,11,MEDICAL,A,5000,8.94,0,0.19,N,9
27,51600,MORTGAGE,12,MEDICAL,A,6000,8.9,0,0.12,N,9
27,34000,RENT,3,MEDICAL,A,6000,8.9,0,0.18,N,9
27,88000,MORTGAGE,11,HOMEIMPROVEMENT,A,5000,8.9,1,0.06,N,9
27,44000,MORTGAGE,3,DEBTCONSOLIDATION,B,24000,8.88,1,0.55,N,9
27,98000,MORTGAGE,11,VENTURE,B,17000,8.88,0,0.17,N,9
27,90000,RENT,11,HOMEIMPROVEMENT,B,16000,8.88,0,0.18,N,9
27,90000,RENT,11,PERSONAL,B,16000,8.88,0,0.18,N,9
27,150000,OWN,0,EDUCATION,A,10000,8.59,0,0.07,N,9
27,66000,MORTGAGE,0,EDUCATION,A,9250,8.59,0,0.14,N,9
27,57996,MORTGAGE,1,MEDICAL,A,4800,8.59,0,0.08,N,9
27,132000,RENT,4,DEBTCONSOLIDATION,A,18000,8.49,0,0.14,N,9
27,50000,RENT,0,PERSONAL,A,18000,8.49,1,0.36,N,9
27,83000,MORTGAGE,,VENTURE,A,8800,8.49,0,0.11,N,9
27,80500,RENT,2,PERSONAL,A,8000,8.49,0,0.1,N,9
27,42000,MORTGAGE,11,PERSONAL,A,3500,8.49,0,0.08,N,9
27,146000,MORTGAGE,5,VENTURE,A,2500,8.49,0,0.02,N,9
27,45600,MORTGAGE,3,DEBTCONSOLIDATION,A,1450,8.49,0,0.03,N,9
27,61000,MORTGAGE,6,DEBTCONSOLIDATION,A,1050,8.49,0,0.02,N,9
27,36000,MORTGAGE,0,EDUCATION,A,6825,8.32,1,0.19,N,9
27,31200,RENT,4,MEDICAL,A,10000,8,1,0.32,N,9
27,36000,RENT,11,MEDICAL,A,3000,8,0,0.08,N,9
27,320000,MORTGAGE,11,DEBTCONSOLIDATION,A,28000,7.9,0,0.09,N,9
27,68000,OWN,11,PERSONAL,A,20000,7.9,0,0.29,N,9
27,140000,MORTGAGE,7,PERSONAL,A,18000,7.9,0,0.13,N,9
27,36672,RENT,11,PERSONAL,A,8000,7.9,1,0.22,N,9
27,50000,RENT,0,HOMEIMPROVEMENT,A,8000,7.9,0,0.16,N,9
27,18000,OWN,4,EDUCATION,A,5000,7.9,1,0.28,N,9
27,57886,MORTGAGE,7,VENTURE,A,4000,7.9,0,0.07,N,9
27,59000,MORTGAGE,11,PERSONAL,A,3000,7.9,1,0.05,N,9
27,21600,RENT,9,PERSONAL,A,6000,7.88,0,0.28,N,9
27,15600,OWN,0,EDUCATION,A,6400,7.74,1,0.41,N,9
27,75400,MORTGAGE,3,MEDICAL,A,6000,7.74,0,0.08,N,9
27,24000,RENT,0,MEDICAL,A,10000,7.68,1,0.42,N,9
27,38000,OWN,11,HOMEIMPROVEMENT,A,4000,7.68,0,0.11,N,9
27,30000,RENT,2,MEDICAL,A,6000,7.66,0,0.2,N,9
27,48192,RENT,12,DEBTCONSOLIDATION,A,2000,7.66,0,0.04,N,9
27,95004,MORTGAGE,1,PERSONAL,A,15000,7.51,0,0.16,N,9
27,28000,RENT,8,MEDICAL,A,12000,7.51,1,0.43,N,9
27,82000,MORTGAGE,11,PERSONAL,A,10000,7.51,0,0.12,N,9
27,89004,MORTGAGE,4,PERSONAL,A,10000,7.51,0,0.11,N,9
27,126000,MORTGAGE,11,PERSONAL,A,5500,7.51,0,0.04,N,9
27,55596,MORTGAGE,5,MEDICAL,A,2000,7.51,0,0.04,N,9
27,80000,RENT,3,PERSONAL,A,20000,7.49,0,0.25,N,9
27,80000,RENT,3,EDUCATION,A,20000,7.49,0,0.25,N,9
27,63000,MORTGAGE,12,PERSONAL,A,18000,7.49,0,0.29,N,9
27,69500,MORTGAGE,11,MEDICAL,A,14750,7.49,0,0.21,N,9
27,90000,RENT,4,VENTURE,A,10000,7.49,0,0.11,N,9
27,65000,MORTGAGE,11,HOMEIMPROVEMENT,A,8000,7.49,0,0.12,N,9
27,18200,RENT,8,VENTURE,A,7200,7.49,1,0.4,N,9
27,45000,RENT,1,EDUCATION,A,7000,7.49,0,0.16,N,9
27,120000,MORTGAGE,0,PERSONAL,A,7000,7.49,0,0.06,N,9
27,102000,MORTGAGE,9,PERSONAL,A,6000,7.49,0,0.06,N,9
27,47000,MORTGAGE,11,EDUCATION,A,2650,7.49,0,0.06,N,9
27,40800,RENT,3,VENTURE,A,2000,7.49,0,0.05,N,9
27,60000,MORTGAGE,0,DEBTCONSOLIDATION,A,7000,7.43,0,0.12,N,9
27,40000,RENT,2,EDUCATION,A,3000,7.4,0,0.07,N,9
27,65000,RENT,9,VENTURE,A,3500,7.37,0,0.05,N,9
27,55000,RENT,11,HOMEIMPROVEMENT,A,8000,7.29,0,0.15,N,9
27,50000,RENT,5,MEDICAL,A,7300,7.29,0,0.15,N,9
27,137720,MORTGAGE,6,DEBTCONSOLIDATION,A,13000,7.14,0,0.09,N,9
27,52000,MORTGAGE,6,PERSONAL,A,11500,7.14,0,0.22,N,9
27,81000,RENT,0,VENTURE,A,6000,7.14,0,0.07,N,9
27,62000,MORTGAGE,6,VENTURE,A,3600,7.14,0,0.06,N,9
27,54000,MORTGAGE,,DEBTCONSOLIDATION,A,2000,7.14,0,0.04,N,9
27,51600,RENT,4,VENTURE,A,12000,6.99,0,0.23,N,9
27,27600,MORTGAGE,2,EDUCATION,A,3500,6.99,0,0.13,N,9
27,82000,MORTGAGE,3,VENTURE,A,10000,6.92,0,0.12,N,9
27,44004,MORTGAGE,2,MEDICAL,A,10000,6.92,0,0.23,N,9
27,118500,MORTGAGE,4,DEBTCONSOLIDATION,A,15000,6.91,0,0.13,N,9
27,26400,MORTGAGE,6,MEDICAL,A,6000,6.91,1,0.23,N,9
27,39600,MORTGAGE,11,DEBTCONSOLIDATION,A,4800,6.76,0,0.12,N,9
27,42000,MORTGAGE,0,MEDICAL,A,4200,6.76,0,0.1,N,9
27,33000,RENT,7,EDUCATION,A,4000,6.76,0,0.12,N,9
27,32304,MORTGAGE,6,HOMEIMPROVEMENT,A,1200,6.76,1,0.04,N,9
27,50000,MORTGAGE,0,MEDICAL,A,12000,6.62,0,0.24,N,9
27,72000,OWN,2,MEDICAL,A,10000,6.62,0,0.14,N,9
27,19498,RENT,3,HOMEIMPROVEMENT,A,9575,6.62,1,0.49,N,9
27,36082,MORTGAGE,5,EDUCATION,A,5000,6.62,1,0.14,N,9
27,120000,RENT,1,DEBTCONSOLIDATION,A,20000,6.54,0,0.17,N,9
27,90000,RENT,0,DEBTCONSOLIDATION,A,20000,6.54,0,0.22,N,9
27,129700,MORTGAGE,1,PERSONAL,A,10000,6.54,0,0.08,N,9
27,47400,MORTGAGE,,HOMEIMPROVEMENT,A,13500,6.17,0,0.28,N,9
27,45000,MORTGAGE,2,MEDICAL,A,10000,6.17,0,0.22,N,9
27,45000,MORTGAGE,7,DEBTCONSOLIDATION,A,6800,6.17,0,0.15,N,9
27,73000,MORTGAGE,11,DEBTCONSOLIDATION,A,13000,6.03,0,0.18,N,9
27,65000,RENT,8,EDUCATION,A,8800,6.03,0,0.14,N,9
27,100000,MORTGAGE,11,DEBTCONSOLIDATION,A,7600,6.03,0,0.08,N,9
27,45000,MORTGAGE,4,MEDICAL,A,5000,6.03,0,0.11,N,9
27,37000,RENT,11,MEDICAL,A,14700,5.99,1,0.4,N,9
27,66240,RENT,7,MEDICAL,A,5000,5.79,0,0.08,N,9
27,70000,MORTGAGE,8,MEDICAL,A,1300,5.79,0,0.02,N,9
27,55000,MORTGAGE,0,DEBTCONSOLIDATION,A,11000,5.42,0,0.2,N,9
27,47232,OWN,10,MEDICAL,A,8000,5.42,0,0.17,N,9
27,20000,RENT,1,PERSONAL,A,7025,5.42,1,0.35,N,9
27,60000,MORTGAGE,9,DEBTCONSOLIDATION,A,3600,5.42,0,0.06,N,9
27,166000,MORTGAGE,11,HOMEIMPROVEMENT,E,30000,,0,0.18,N,9
27,60000,RENT,11,PERSONAL,B,25000,,1,0.42,N,9
27,72000,MORTGAGE,4,DEBTCONSOLIDATION,B,24000,,0,0.33,N,9
27,75000,MORTGAGE,0,HOMEIMPROVEMENT,D,23200,,0,0.31,N,9
27,130000,OWN,12,VENTURE,B,21000,,0,0.16,N,9
27,91800,MORTGAGE,11,MEDICAL,E,20000,,1,0.19,Y,9
27,150000,MORTGAGE,7,DEBTCONSOLIDATION,B,20000,,0,0.13,N,9
27,50004,RENT,5,DEBTCONSOLIDATION,B,20000,,1,0.4,N,9
27,70400,MORTGAGE,6,PERSONAL,C,15000,,0,0.21,Y,9
27,86625,MORTGAGE,3,HOMEIMPROVEMENT,A,14825,,0,0.17,N,9
27,60000,RENT,6,EDUCATION,A,12650,,0,0.21,N,9
27,101004,MORTGAGE,3,MEDICAL,B,12000,,0,0.12,N,9
27,39000,RENT,6,DEBTCONSOLIDATION,C,11100,,1,0.28,Y,9
27,69960,MORTGAGE,3,PERSONAL,A,10000,,0,0.14,N,9
27,61400,MORTGAGE,3,PERSONAL,C,10000,,0,0.16,Y,9
27,45000,RENT,1,EDUCATION,C,10000,,0,0.22,N,9
27,39996,RENT,5,MEDICAL,D,9600,,1,0.24,N,9
27,36000,RENT,2,EDUCATION,D,9300,,1,0.26,Y,9
27,24000,MORTGAGE,2,DEBTCONSOLIDATION,B,9200,,0,0.38,N,9
27,46000,OWN,,VENTURE,A,8000,,0,0.17,N,9
27,34400,MORTGAGE,,VENTURE,C,7500,,0,0.22,Y,9
27,58000,RENT,11,VENTURE,A,7000,,0,0.12,N,9
27,58000,RENT,11,VENTURE,A,7000,,0,0.12,N,9
27,75000,MORTGAGE,4,VENTURE,B,6625,,0,0.09,N,9
27,40000,RENT,2,PERSONAL,B,6000,,0,0.15,N,9
27,25000,OWN,4,PERSONAL,A,4000,,0,0.16,N,9
27,50000,MORTGAGE,0,PERSONAL,A,4000,,0,0.08,N,9
27,37440,RENT,7,PERSONAL,B,2800,,0,0.07,N,9
27,140000,MORTGAGE,11,MEDICAL,A,2700,,0,0.02,N,9
27,35000,RENT,2,VENTURE,B,2400,,0,0.07,N,9
27,70392,MORTGAGE,9,VENTURE,B,1500,,0,0.02,N,9
27,58000,MORTGAGE,4,DEBTCONSOLIDATION,C,1500,,0,0.03,N,9
27,24000,RENT,2,MEDICAL,A,1450,,0,0.06,N,9
27,24000,RENT,2,MEDICAL,A,1450,,0,0.06,N,9
27,70800,MORTGAGE,0,EDUCATION,G,20000,21.21,1,0.28,Y,8
27,39600,MORTGAGE,4,VENTURE,G,2500,20.86,1,0.06,Y,8
27,192000,MORTGAGE,11,DEBTCONSOLIDATION,D,15000,17.58,1,0.08,N,8
27,66300,MORTGAGE,0,MEDICAL,E,20000,17.56,1,0.26,N,8
27,81500,RENT,2,HOMEIMPROVEMENT,E,20000,17.51,1,0.25,Y,8
27,75905,OWN,0,MEDICAL,F,18000,17.26,1,0.2,N,8
27,79200,OWN,1,HOMEIMPROVEMENT,E,15000,17.14,0,0.19,N,8
27,33600,RENT,,MEDICAL,D,3000,16.89,1,0.09,N,8
27,35000,MORTGAGE,3,MEDICAL,E,6000,16.69,1,0.17,N,8
27,18835,RENT,2,MEDICAL,D,6000,16.49,1,0.32,Y,8
27,75805,RENT,1,DEBTCONSOLIDATION,E,13450,16.32,1,0.18,N,8
27,57800,MORTGAGE,11,MEDICAL,D,16000,16.29,1,0.24,N,8
27,98000,RENT,11,HOMEIMPROVEMENT,D,20000,16,1,0.2,N,8
27,48000,RENT,3,DEBTCONSOLIDATION,D,10800,15.99,1,0.23,N,8
27,46800,MORTGAGE,,MEDICAL,D,8000,15.7,1,0.17,N,8
27,35000,RENT,11,MEDICAL,D,12500,15.65,1,0.36,Y,8
27,20000,RENT,0,PERSONAL,D,6500,15.65,1,0.33,N,8
27,39996,RENT,7,DEBTCONSOLIDATION,D,2500,15.65,1,0.06,N,8
27,39996,RENT,3,PERSONAL,D,10000,15.37,0,0.25,Y,8
27,74000,RENT,7,DEBTCONSOLIDATION,D,24250,15.31,1,0.33,Y,8
27,44004,RENT,1,EDUCATION,D,11750,15.31,1,0.27,Y,8
27,110000,RENT,6,EDUCATION,C,16000,15.27,0,0.15,N,8
27,45000,RENT,4,MEDICAL,C,7500,15.27,0,0.17,N,8
27,69000,RENT,11,DEBTCONSOLIDATION,D,6000,15.21,1,0.09,N,8
27,96000,OWN,9,PERSONAL,D,5600,15.21,0,0.06,N,8
27,75000,MORTGAGE,11,EDUCATION,E,21000,15.2,0,0.28,N,8
27,67000,MORTGAGE,11,EDUCATION,D,24250,14.96,0,0.36,N,8
27,90000,MORTGAGE,5,VENTURE,D,20500,14.96,0,0.23,Y,8
27,51200,RENT,11,EDUCATION,D,18000,14.96,1,0.35,Y,8
27,49000,RENT,3,PERSONAL,D,3000,14.96,0,0.06,Y,8
27,35520,RENT,1,VENTURE,D,7000,14.91,1,0.2,Y,8
27,11808,RENT,,MEDICAL,D,1000,14.91,1,0.08,N,8
27,22708,RENT,6,VENTURE,D,2500,14.84,1,0.11,Y,8
27,18000,RENT,2,PERSONAL,D,2500,14.74,1,0.14,N,8
27,33600,RENT,3,DEBTCONSOLIDATION,C,10000,14.72,0,0.3,N,8
27,33000,RENT,0,PERSONAL,C,8875,14.65,0,0.27,N,8
27,56000,OWN,7,VENTURE,C,1000,14.65,0,0.02,N,8
27,45000,RENT,10,MEDICAL,D,7600,14.59,1,0.17,Y,8
27,17000,RENT,2,VENTURE,D,4000,14.42,1,0.24,N,8
27,35000,RENT,0,PERSONAL,C,14000,14.27,1,0.4,Y,8
27,90000,RENT,7,VENTURE,C,10000,14.27,0,0.11,Y,8
27,32000,RENT,11,EDUCATION,C,6000,14.27,0,0.19,N,8
27,55512,RENT,11,MEDICAL,C,4200,14.26,1,0.08,Y,8
27,56244,MORTGAGE,11,HOMEIMPROVEMENT,C,12000,14.22,0,0.21,N,8
27,60000,RENT,5,VENTURE,C,4500,14.22,0,0.07,N,8
27,51996,RENT,7,HOMEIMPROVEMENT,C,7600,14.17,0,0.15,N,8
27,29000,RENT,0,EDUCATION,D,6500,14.11,1,0.22,N,8
27,58000,RENT,0,EDUCATION,C,4600,13.99,0,0.08,N,8
27,86095,RENT,5,HOMEIMPROVEMENT,C,4000,13.99,0,0.05,N,8
27,83000,MORTGAGE,11,VENTURE,C,2500,13.99,0,0.03,Y,8
27,35000,RENT,4,DEBTCONSOLIDATION,C,14500,13.98,1,0.41,Y,8
27,58000,MORTGAGE,9,DEBTCONSOLIDATION,C,6500,13.98,0,0.11,Y,8
27,60000,RENT,2,MEDICAL,C,12000,13.92,0,0.2,Y,8
27,56500,RENT,2,HOMEIMPROVEMENT,D,14000,13.87,1,0.25,N,8
27,48000,OWN,3,EDUCATION,C,4500,13.8,0,0.09,N,8
27,39480,MORTGAGE,2,EDUCATION,C,7200,13.79,0,0.18,N,8
27,38004,MORTGAGE,11,DEBTCONSOLIDATION,C,6500,13.79,0,0.17,Y,8
27,44004,RENT,0,PERSONAL,C,5000,13.79,1,0.11,N,8
27,30000,RENT,0,MEDICAL,C,5000,13.72,0,0.17,N,8
27,50000,RENT,7,DEBTCONSOLIDATION,C,5000,13.61,0,0.1,Y,8
27,144000,MORTGAGE,4,DEBTCONSOLIDATION,C,21000,13.57,0,0.15,Y,8
27,36789,MORTGAGE,1,DEBTCONSOLIDATION,C,5500,13.57,0,0.15,Y,8
27,88000,OWN,11,HOMEIMPROVEMENT,C,3500,13.57,0,0.04,Y,8
27,56000,MORTGAGE,0,EDUCATION,D,25000,13.55,1,0.45,N,8
27,84000,RENT,1,HOMEIMPROVEMENT,C,20000,13.49,0,0.24,N,8
27,112000,MORTGAGE,12,EDUCATION,C,15000,13.49,0,0.13,N,8
27,55140,MORTGAGE,8,HOMEIMPROVEMENT,C,10000,13.49,0,0.18,Y,8
27,45000,RENT,0,DEBTCONSOLIDATION,C,5200,13.49,0,0.12,N,8
27,40752,RENT,6,MEDICAL,C,5000,13.49,0,0.12,N,8
27,55000,OWN,3,EDUCATION,C,4500,13.49,0,0.08,N,8
27,60000,RENT,11,VENTURE,C,3000,13.49,0,0.05,N,8
27,28500,MORTGAGE,3,VENTURE,C,1600,13.49,1,0.06,N,8
27,46300,MORTGAGE,3,DEBTCONSOLIDATION,C,11500,13.48,0,0.25,Y,8
27,35000,RENT,5,VENTURE,C,10000,13.48,0,0.29,Y,8
27,47900,OWN,1,VENTURE,C,7500,13.47,0,0.16,N,8
27,34000,MORTGAGE,0,PERSONAL,C,8000,13.35,0,0.24,N,8
27,60000,MORTGAGE,11,MEDICAL,C,6000,13.35,0,0.1,N,8
27,24000,RENT,,MEDICAL,C,10000,13.23,1,0.42,N,8
27,44000,MORTGAGE,0,EDUCATION,C,6000,13.23,1,0.14,Y,8
27,45500,MORTGAGE,2,DEBTCONSOLIDATION,C,5000,13.23,0,0.11,Y,8
27,54600,RENT,2,EDUCATION,C,1500,13.23,0,0.03,Y,8
27,54000,RENT,0,DEBTCONSOLIDATION,D,5000,13.17,1,0.09,N,8
27,53000,MORTGAGE,3,EDUCATION,C,6400,13.11,0,0.12,Y,8
27,114000,MORTGAGE,7,EDUCATION,C,20000,13.06,0,0.18,Y,8
27,157544,MORTGAGE,8,VENTURE,C,35000,12.99,0,0.22,N,8
27,66000,RENT,2,VENTURE,C,14000,12.99,0,0.21,Y,8
27,64000,RENT,2,VENTURE,C,5000,12.99,0,0.08,Y,8
27,64000,RENT,2,DEBTCONSOLIDATION,C,5000,12.99,0,0.08,N,8
27,68400,OWN,0,EDUCATION,C,5000,12.99,0,0.07,N,8
27,52000,MORTGAGE,8,VENTURE,C,1800,12.98,0,0.03,N,8
27,45000,MORTGAGE,3,MEDICAL,C,18000,12.87,0,0.4,N,8
27,102000,MORTGAGE,1,VENTURE,C,15000,12.84,0,0.15,N,8
27,31500,RENT,10,DEBTCONSOLIDATION,C,6000,12.84,1,0.19,N,8
27,132000,RENT,6,VENTURE,C,20000,12.73,0,0.15,N,8
27,39000,RENT,3,DEBTCONSOLIDATION,C,16000,12.73,1,0.41,N,8
27,60000,MORTGAGE,3,EDUCATION,C,5000,12.73,0,0.08,Y,8
27,125000,MORTGAGE,11,PERSONAL,C,15975,12.72,0,0.13,Y,8
27,40000,RENT,4,MEDICAL,B,12000,12.69,0,0.3,N,8
27,43200,OWN,2,VENTURE,B,5000,12.69,0,0.12,N,8
27,80000,RENT,3,DEBTCONSOLIDATION,B,4000,12.69,0,0.05,N,8
27,60500,RENT,6,MEDICAL,B,2400,12.69,0,0.04,N,8
27,87360,RENT,1,DEBTCONSOLIDATION,C,7500,12.54,0,0.09,Y,8
27,31200,MORTGAGE,1,HOMEIMPROVEMENT,B,12300,12.53,0,0.39,N,8
27,48996,RENT,3,EDUCATION,B,12000,12.53,0,0.24,N,8
27,50000,OWN,3,MEDICAL,C,9000,12.53,0,0.18,N,8
27,33000,MORTGAGE,8,EDUCATION,D,9000,12.49,1,0.27,Y,8
27,32000,RENT,6,EDUCATION,B,10000,12.42,1,0.31,N,8
27,100000,RENT,11,MEDICAL,B,5000,12.42,0,0.05,N,8
27,100000,RENT,11,VENTURE,B,5000,12.42,0,0.05,N,8
27,45000,RENT,6,VENTURE,B,3600,12.42,0,0.08,N,8
27,84000,MORTGAGE,5,PERSONAL,C,20000,12.29,1,0.24,Y,8
27,120000,MORTGAGE,2,MEDICAL,B,16000,12.21,0,0.13,N,8
27,80000,OWN,2,PERSONAL,B,9000,12.21,0,0.11,N,8
27,35000,RENT,1,VENTURE,B,8000,12.21,0,0.23,N,8
27,57504,MORTGAGE,11,MEDICAL,B,17000,12.18,1,0.3,N,8
27,54000,OWN,2,HOMEIMPROVEMENT,B,9600,12.18,0,0.18,N,8
27,45000,RENT,1,DEBTCONSOLIDATION,B,17475,11.99,1,0.39,N,8
27,16800,RENT,3,DEBTCONSOLIDATION,B,6500,11.99,1,0.39,N,8
27,53550,RENT,3,MEDICAL,B,4200,11.99,1,0.07,N,8
27,64000,MORTGAGE,11,MEDICAL,B,3500,11.99,0,0.05,N,8
27,58000,MORTGAGE,7,VENTURE,B,2800,11.99,0,0.05,N,8
27,36000,RENT,2,MEDICAL,B,2000,11.99,0,0.06,N,8
27,72000,MORTGAGE,11,EDUCATION,B,12500,11.89,0,0.17,N,8
27,52000,MORTGAGE,2,HOMEIMPROVEMENT,B,7000,11.89,0,0.13,N,8
27,60000,MORTGAGE,2,HOMEIMPROVEMENT,B,15000,11.86,0,0.25,N,8
27,60000,MORTGAGE,2,DEBTCONSOLIDATION,B,15000,11.86,0,0.25,N,8
27,32496,OWN,,VENTURE,B,9200,11.86,0,0.28,N,8
27,58000,MORTGAGE,11,MEDICAL,B,3250,11.86,0,0.06,N,8
27,190000,OWN,11,MEDICAL,B,23000,11.83,0,0.12,N,8
27,44640,RENT,0,PERSONAL,B,12800,11.83,0,0.29,N,8
27,57000,RENT,0,EDUCATION,B,7000,11.71,0,0.12,N,8
27,90000,RENT,1,VENTURE,B,6000,11.71,0,0.07,N,8
27,163232,MORTGAGE,5,VENTURE,B,4800,11.71,0,0.03,N,8
27,40000,RENT,4,DEBTCONSOLIDATION,B,4800,11.71,0,0.12,N,8
27,106000,MORTGAGE,11,EDUCATION,B,4000,11.71,0,0.04,N,8
27,31400,RENT,1,MEDICAL,B,3500,11.71,0,0.11,N,8
27,49000,RENT,3,EDUCATION,B,3000,11.71,1,0.06,N,8
27,32220,RENT,11,MEDICAL,B,17725,11.49,1,0.55,N,8
27,72000,MORTGAGE,11,PERSONAL,B,7000,11.49,0,0.1,N,8
27,35000,RENT,9,DEBTCONSOLIDATION,B,5000,11.49,0,0.14,N,8
27,69000,MORTGAGE,3,EDUCATION,B,4000,11.49,1,0.06,N,8
27,30000,RENT,2,EDUCATION,B,2000,11.49,0,0.07,N,8
27,70000,RENT,4,PERSONAL,B,20000,11.48,0,0.29,N,8
27,92000,MORTGAGE,11,EDUCATION,B,18000,11.48,0,0.2,N,8
27,41000,RENT,0,MEDICAL,B,15000,11.48,1,0.37,N,8
27,32000,RENT,4,MEDICAL,B,9000,11.48,1,0.28,N,8
27,60000,MORTGAGE,3,PERSONAL,B,6000,11.48,0,0.1,N,8
27,22896,OWN,1,MEDICAL,B,5000,11.48,0,0.22,N,8
27,38500,RENT,1,DEBTCONSOLIDATION,B,3000,11.48,0,0.08,N,8
27,62900,MORTGAGE,1,MEDICAL,B,8000,11.46,1,0.11,N,8
27,60000,RENT,11,DEBTCONSOLIDATION,B,1800,11.46,0,0.03,N,8
27,60000,RENT,11,EDUCATION,B,1800,11.46,0,0.03,N,8
27,80000,MORTGAGE,1,EDUCATION,B,20000,11.36,0,0.25,N,8
27,65000,MORTGAGE,7,HOMEIMPROVEMENT,B,12000,11.36,0,0.18,N,8
27,56253,RENT,11,VENTURE,B,10000,11.36,0,0.18,N,8
27,46000,RENT,11,MEDICAL,B,8000,11.36,0,0.17,N,8
27,102000,MORTGAGE,2,DEBTCONSOLIDATION,B,7200,11.26,0,0.07,N,8
27,49500,RENT,6,PERSONAL,C,6000,11.22,0,0.12,N,8
27,125000,OWN,7,PERSONAL,B,13200,11.14,0,0.11,N,8
27,45000,OWN,3,PERSONAL,B,3500,11.14,0,0.08,N,8
27,135000,MORTGAGE,3,MEDICAL,B,25000,11.12,0,0.19,N,8
27,64000,RENT,3,MEDICAL,B,18000,11.11,0,0.28,N,8
27,129900,MORTGAGE,11,MEDICAL,B,3100,11.11,0,0.02,N,8
27,127000,MORTGAGE,6,PERSONAL,B,21000,10.99,0,0.17,N,8
27,54000,RENT,2,MEDICAL,B,20000,10.99,1,0.37,N,8
27,73200,MORTGAGE,5,PERSONAL,B,18000,10.99,0,0.25,N,8
27,70000,RENT,6,VENTURE,B,12000,10.99,0,0.17,N,8
27,44630,OWN,10,MEDICAL,B,10825,10.99,0,0.24,N,8
27,45000,RENT,4,PERSONAL,B,6500,10.99,0,0.14,N,8
27,36500,RENT,3,DEBTCONSOLIDATION,C,7000,10.78,0,0.19,N,8
27,72000,RENT,9,EDUCATION,B,25000,10.75,1,0.35,N,8
27,35004,RENT,7,MEDICAL,B,5000,10.75,0,0.14,N,8
27,29120,RENT,2,MEDICAL,B,4000,10.75,0,0.14,N,8
27,70000,RENT,8,HOMEIMPROVEMENT,B,2200,10.74,0,0.03,N,8
27,120000,MORTGAGE,11,EDUCATION,B,20000,10.65,0,0.17,N,8
27,31850,MORTGAGE,8,VENTURE,B,14125,10.65,0,0.44,N,8
27,70000,RENT,0,MEDICAL,B,12000,10.65,0,0.17,N,8
27,45000,MORTGAGE,4,EDUCATION,B,10000,10.65,0,0.22,N,8
27,45000,RENT,1,EDUCATION,B,6000,10.65,0,0.13,N,8
27,20000,RENT,2,MEDICAL,B,4000,10.65,0,0.2,N,8
27,100000,RENT,7,MEDICAL,B,14000,10.62,0,0.14,N,8
27,85000,RENT,11,PERSONAL,B,20000,10.59,0,0.24,N,8
27,61000,RENT,7,PERSONAL,B,13000,10.59,1,0.21,N,8
27,49000,RENT,11,MEDICAL,B,4000,10.59,0,0.08,N,8
27,51000,RENT,9,PERSONAL,B,1600,10.59,0,0.03,N,8
27,75000,MORTGAGE,1,HOMEIMPROVEMENT,B,3900,10.51,0,0.05,N,8
27,47000,RENT,11,MEDICAL,B,1300,10.46,0,0.03,N,8
27,80000,RENT,1,VENTURE,B,18000,10.39,0,0.23,N,8
27,36500,RENT,4,EDUCATION,B,12500,10.25,1,0.34,N,8
27,62000,RENT,2,PERSONAL,B,9600,10.25,1,0.15,N,8
27,39000,RENT,1,MEDICAL,B,9000,10.08,0,0.23,N,8
27,82000,RENT,,DEBTCONSOLIDATION,B,19200,9.99,0,0.23,N,8
27,42000,RENT,4,DEBTCONSOLIDATION,B,8500,9.99,0,0.2,N,8
27,63360,RENT,1,EDUCATION,B,6500,9.99,0,0.1,N,8
27,67000,RENT,3,DEBTCONSOLIDATION,B,6000,9.99,0,0.09,N,8
27,140000,RENT,0,VENTURE,B,5000,9.99,0,0.04,N,8
27,35000,RENT,3,MEDICAL,B,4800,9.99,0,0.14,N,8
27,32000,MORTGAGE,3,HOMEIMPROVEMENT,B,4500,9.99,1,0.14,N,8
27,35000,RENT,8,PERSONAL,B,12000,9.91,1,0.34,N,8
27,50000,MORTGAGE,3,VENTURE,B,15000,9.88,0,0.3,N,8
27,35000,RENT,3,MEDICAL,B,10000,9.88,0,0.29,N,8
27,82600,RENT,4,MEDICAL,B,10800,9.76,0,0.13,N,8
27,56000,MORTGAGE,4,DEBTCONSOLIDATION,B,10050,9.63,0,0.18,N,8
27,31200,RENT,0,MEDICAL,A,6000,9.63,0,0.19,N,8
27,36000,RENT,5,EDUCATION,B,5000,9.63,0,0.14,N,8
27,63000,OTHER,2,DEBTCONSOLIDATION,A,4500,9.63,0,0.07,N,8
27,60000,OWN,4,MEDICAL,B,10425,9.45,0,0.17,N,8
27,62000,MORTGAGE,1,HOMEIMPROVEMENT,B,3275,9.33,0,0.05,N,8
27,62000,MORTGAGE,1,HOMEIMPROVEMENT,B,3275,9.33,0,0.05,N,8
27,50000,MORTGAGE,5,VENTURE,A,12000,9.32,0,0.24,N,8
27,75000,MORTGAGE,0,EDUCATION,A,4200,9.32,0,0.06,N,8
27,125000,RENT,3,DEBTCONSOLIDATION,B,20000,9.25,0,0.16,N,8
27,113004,MORTGAGE,11,VENTURE,A,15000,8.94,0,0.13,N,8
27,35088,MORTGAGE,7,VENTURE,A,12000,8.94,0,0.34,N,8
27,72000,MORTGAGE,2,MEDICAL,A,21100,8.9,0,0.29,N,8
27,93000,RENT,11,HOMEIMPROVEMENT,A,12000,8.9,0,0.13,N,8
27,50000,MORTGAGE,7,MEDICAL,A,9500,8.9,0,0.19,N,8
27,19200,OWN,3,PERSONAL,A,8000,8.9,1,0.42,N,8
27,41000,MORTGAGE,3,PERSONAL,A,10000,8.59,0,0.24,N,8
27,78500,RENT,6,EDUCATION,A,8000,8.59,0,0.1,N,8
27,78000,MORTGAGE,1,VENTURE,A,5125,8.59,0,0.07,N,8
27,78000,MORTGAGE,1,VENTURE,A,5125,8.59,0,0.07,N,8
27,41000,RENT,6,EDUCATION,A,15000,8.49,1,0.37,N,8
27,24000,MORTGAGE,6,PERSONAL,A,6250,8.49,0,0.26,N,8
27,40000,RENT,9,PERSONAL,A,5000,8.49,0,0.13,N,8
27,36000,MORTGAGE,2,VENTURE,A,4800,8.49,0,0.13,N,8
27,45600,MORTGAGE,3,HOMEIMPROVEMENT,A,1450,8.49,0,0.03,N,8
27,63000,OWN,2,EDUCATION,A,9500,8.07,0,0.15,N,8
27,44000,MORTGAGE,2,MEDICAL,A,7500,8,0,0.17,N,8
27,81000,MORTGAGE,2,MEDICAL,A,5500,8,0,0.07,N,8
27,111000,RENT,11,PERSONAL,A,28000,7.9,0,0.25,N,8
27,46000,MORTGAGE,3,MEDICAL,A,18000,7.9,0,0.39,N,8
27,30000,RENT,5,MEDICAL,A,16000,7.9,1,0.53,N,8
27,37440,RENT,5,PERSONAL,A,15000,7.9,1,0.4,N,8
27,50000,RENT,0,EDUCATION,A,8000,7.9,0,0.16,N,8
27,25000,RENT,1,EDUCATION,A,5600,7.9,0,0.22,N,8
27,108928,MORTGAGE,9,EDUCATION,A,17600,7.88,0,0.16,N,8
27,47500,MORTGAGE,5,MEDICAL,A,13000,7.88,1,0.27,N,8
27,30000,RENT,3,DEBTCONSOLIDATION,A,13000,7.88,1,0.43,N,8
27,68000,MORTGAGE,3,VENTURE,A,10800,7.88,0,0.16,N,8
27,70176,RENT,3,VENTURE,A,9000,7.88,0,0.13,N,8
27,60000,MORTGAGE,4,VENTURE,A,8000,7.88,0,0.13,N,8
27,42000,RENT,2,MEDICAL,A,6550,7.88,0,0.16,N,8
27,27000,RENT,1,DEBTCONSOLIDATION,A,5000,7.88,0,0.19,N,8
27,48000,OWN,10,PERSONAL,A,6500,7.75,0,0.14,N,8
27,31200,MORTGAGE,1,HOMEIMPROVEMENT,A,7500,7.74,0,0.24,N,8
27,42162,OTHER,11,VENTURE,A,2400,7.74,0,0.06,N,8
27,62500,MORTGAGE,2,DEBTCONSOLIDATION,A,12000,7.66,0,0.19,N,8
27,31000,RENT,4,DEBTCONSOLIDATION,A,8000,7.66,1,0.26,N,8
27,65000,MORTGAGE,11,PERSONAL,A,18000,7.51,0,0.28,N,8
27,86000,RENT,4,EDUCATION,A,12000,7.51,0,0.14,N,8
27,58000,MORTGAGE,3,HOMEIMPROVEMENT,A,12000,7.51,0,0.21,N,8
27,55000,MORTGAGE,1,DEBTCONSOLIDATION,A,9000,7.51,0,0.16,N,8
27,30000,RENT,2,EDUCATION,A,8600,7.51,0,0.29,N,8
27,65000,MORTGAGE,11,PERSONAL,A,3000,7.51,0,0.05,N,8
27,87000,RENT,3,HOMEIMPROVEMENT,A,20000,7.49,0,0.23,N,8
27,51000,OWN,11,VENTURE,A,18000,7.49,0,0.35,N,8
27,80000,RENT,5,HOMEIMPROVEMENT,A,16000,7.49,0,0.2,N,8
27,175000,MORTGAGE,7,MEDICAL,A,15000,7.49,0,0.09,N,8
27,70000,MORTGAGE,5,DEBTCONSOLIDATION,A,15000,7.49,0,0.21,N,8
27,35000,OWN,2,EDUCATION,A,14000,7.49,0,0.4,N,8
27,85000,MORTGAGE,11,PERSONAL,A,10000,7.49,0,0.12,N,8
27,36400,RENT,5,MEDICAL,A,9000,7.49,0,0.25,N,8
27,65000,MORTGAGE,11,VENTURE,A,8000,7.49,0,0.12,N,8
27,52000,MORTGAGE,11,HOMEIMPROVEMENT,A,6000,7.49,0,0.12,N,8
27,38000,RENT,5,MEDICAL,A,3000,7.49,0,0.08,N,8
27,23652,MORTGAGE,9,PERSONAL,A,2000,7.49,0,0.08,N,8
27,104525,MORTGAGE,11,HOMEIMPROVEMENT,A,6000,7.4,0,0.06,N,8
27,57600,RENT,3,EDUCATION,A,14000,7.29,0,0.24,N,8
27,103000,MORTGAGE,8,MEDICAL,A,8800,7.29,0,0.09,N,8
27,103000,MORTGAGE,8,PERSONAL,A,8800,7.29,0,0.09,N,8
27,40560,MORTGAGE,8,DEBTCONSOLIDATION,A,3000,7.29,0,0.07,N,8
27,37595,RENT,6,DEBTCONSOLIDATION,A,9600,7.14,0,0.26,N,8
27,99000,MORTGAGE,4,VENTURE,A,9000,7.14,0,0.09,N,8
27,120000,MORTGAGE,4,VENTURE,A,8400,7.14,0,0.07,N,8
27,69000,RENT,11,VENTURE,A,2500,7.14,0,0.04,N,8
27,40000,RENT,3,PERSONAL,A,3000,7.05,0,0.07,N,8
27,90000,RENT,4,HOMEIMPROVEMENT,A,19200,6.99,0,0.21,N,8
27,52000,MORTGAGE,4,HOMEIMPROVEMENT,A,8000,6.99,0,0.15,N,8
27,60000,RENT,8,MEDICAL,A,7000,6.99,0,0.12,N,8
27,99000,MORTGAGE,5,PERSONAL,A,5000,6.92,0,0.05,N,8
27,125000,MORTGAGE,1,HOMEIMPROVEMENT,A,24000,6.91,0,0.19,N,8
27,190000,RENT,5,VENTURE,A,22000,6.91,0,0.12,N,8
27,40000,RENT,11,DEBTCONSOLIDATION,A,20000,6.91,1,0.5,N,8
27,121000,MORTGAGE,3,HOMEIMPROVEMENT,A,16800,6.91,0,0.14,N,8
27,45000,MORTGAGE,7,PERSONAL,A,12000,6.91,0,0.27,N,8
27,51600,MORTGAGE,5,DEBTCONSOLIDATION,A,10800,6.91,0,0.21,N,8
27,56000,MORTGAGE,2,HOMEIMPROVEMENT,A,10000,6.91,1,0.18,N,8
27,88000,RENT,11,VENTURE,A,9000,6.91,0,0.1,N,8
27,20400,RENT,3,VENTURE,A,5500,6.91,0,0.27,N,8
27,72000,RENT,11,EDUCATION,A,12000,6.62,0,0.17,N,8
27,50000,MORTGAGE,0,VENTURE,A,12000,6.62,0,0.24,N,8
27,32500,OWN,3,PERSONAL,A,5000,6.62,0,0.15,N,8
27,80000,MORTGAGE,4,MEDICAL,A,15000,6.54,0,0.19,N,8
27,50000,RENT,0,VENTURE,A,14000,6.54,0,0.28,N,8
27,108000,MORTGAGE,6,MEDICAL,A,10000,6.54,0,0.09,N,8
27,156000,MORTGAGE,11,HOMEIMPROVEMENT,A,5000,6.54,0,0.03,N,8
27,75800,RENT,0,EDUCATION,A,2475,6.54,0,0.03,N,8
27,28560,MORTGAGE,7,PERSONAL,A,2400,6.39,0,0.08,N,8
27,112000,MORTGAGE,5,PERSONAL,A,8000,6.17,0,0.07,N,8
27,72996,MORTGAGE,12,EDUCATION,A,9200,6.03,0,0.13,N,8
27,85000,MORTGAGE,12,MEDICAL,A,3800,6.03,0,0.04,N,8
27,15085,RENT,2,VENTURE,A,5500,5.99,1,0.36,N,8
27,60000,MORTGAGE,3,EDUCATION,A,5075,5.99,0,0.08,N,8
27,63000,MORTGAGE,11,DEBTCONSOLIDATION,A,4400,5.99,0,0.07,N,8
27,33000,RENT,5,MEDICAL,A,4000,5.99,0,0.12,N,8
27,91000,MORTGAGE,2,HOMEIMPROVEMENT,A,3000,5.99,0,0.03,N,8
27,115000,MORTGAGE,2,MEDICAL,A,1000,5.99,0,0.01,N,8
27,170000,RENT,0,HOMEIMPROVEMENT,A,16000,5.79,0,0.09,N,8
27,33600,RENT,11,DEBTCONSOLIDATION,A,15000,5.79,1,0.45,N,8
27,73000,MORTGAGE,11,PERSONAL,A,10000,5.79,0,0.14,N,8
27,62400,MORTGAGE,12,DEBTCONSOLIDATION,A,12000,5.42,0,0.19,N,8
27,93000,MORTGAGE,11,HOMEIMPROVEMENT,A,7000,5.42,0,0.08,N,8
27,48000,MORTGAGE,11,DEBTCONSOLIDATION,A,5650,5.42,0,0.12,N,8
27,300000,MORTGAGE,11,DEBTCONSOLIDATION,A,35000,,0,0.12,N,8
27,185232,MORTGAGE,10,PERSONAL,A,35000,,0,0.19,N,8
27,80000,MORTGAGE,5,PERSONAL,C,35000,,0,0.44,N,8
27,80000,MORTGAGE,5,VENTURE,C,35000,,0,0.44,N,8
27,60000,RENT,11,VENTURE,B,25000,,1,0.42,N,8
27,159600,MORTGAGE,1,HOMEIMPROVEMENT,B,25000,,0,0.16,N,8
27,40700,MORTGAGE,8,EDUCATION,D,20400,,0,0.5,N,8
27,113000,MORTGAGE,7,DEBTCONSOLIDATION,D,20000,,1,0.18,N,8
27,101000,MORTGAGE,1,PERSONAL,D,20000,,0,0.2,N,8
27,92400,MORTGAGE,6,HOMEIMPROVEMENT,D,17500,,0,0.19,Y,8
27,180000,MORTGAGE,7,HOMEIMPROVEMENT,A,16000,,0,0.09,N,8
27,105000,RENT,1,HOMEIMPROVEMENT,B,16000,,0,0.15,N,8
27,62000,MORTGAGE,6,DEBTCONSOLIDATION,B,15000,,0,0.24,N,8
27,71500,MORTGAGE,2,EDUCATION,A,15000,,0,0.21,N,8
27,100000,MORTGAGE,11,PERSONAL,A,14400,,0,0.14,N,8
27,100000,MORTGAGE,11,PERSONAL,A,14400,,0,0.14,N,8
27,48000,OWN,2,VENTURE,C,14000,,0,0.29,N,8
27,79000,MORTGAGE,6,VENTURE,A,13000,,0,0.16,N,8
27,56000,RENT,3,MEDICAL,A,12000,,0,0.21,N,8
27,78262,RENT,4,HOMEIMPROVEMENT,B,11525,,0,0.15,N,8
27,104000,RENT,8,DEBTCONSOLIDATION,B,11000,,0,0.11,N,8
27,42000,RENT,1,EDUCATION,A,10000,,0,0.24,N,8
27,42000,RENT,1,EDUCATION,A,10000,,0,0.24,N,8
27,24600,RENT,0,DEBTCONSOLIDATION,A,10000,,1,0.41,N,8
27,24570,MORTGAGE,2,PERSONAL,C,8500,,0,0.35,Y,8
27,24000,RENT,3,PERSONAL,B,8000,,1,0.33,N,8
27,85000,RENT,1,DEBTCONSOLIDATION,A,7525,,0,0.09,N,8
27,66000,RENT,11,DEBTCONSOLIDATION,D,6000,,1,0.09,N,8
27,16000,OTHER,1,DEBTCONSOLIDATION,D,5750,,1,0.36,Y,8
27,97200,MORTGAGE,2,HOMEIMPROVEMENT,A,5500,,0,0.06,N,8
27,45336,MORTGAGE,12,MEDICAL,B,4800,,0,0.11,N,8
27,40000,RENT,0,DEBTCONSOLIDATION,A,4800,,0,0.12,N,8
27,54000,MORTGAGE,11,MEDICAL,A,4000,,0,0.07,N,8
27,70000,MORTGAGE,11,PERSONAL,C,3000,,0,0.04,Y,8
27,42000,RENT,6,VENTURE,C,3000,,0,0.07,N,8
27,35000,RENT,0,DEBTCONSOLIDATION,B,3000,,0,0.09,N,8
27,17795,OWN,4,MEDICAL,A,2650,,0,0.15,N,8
27,39500,RENT,0,MEDICAL,D,2200,,1,0.06,Y,8
27,18600,RENT,4,MEDICAL,B,1850,,0,0.1,N,8
27,40000,OTHER,0,MEDICAL,A,1200,,0,0.03,N,8
27,60000,RENT,3,VENTURE,F,7000,19.47,0,0.12,N,7
27,24000,RENT,5,MEDICAL,F,1200,18.99,0,0.05,N,7
27,100000,MORTGAGE,4,EDUCATION,F,20500,18.67,0,0.2,N,7
27,258000,RENT,11,EDUCATION,E,35000,18.64,1,0.14,Y,7
27,44000,RENT,11,VENTURE,E,3000,18.39,0,0.07,Y,7
27,14400,RENT,3,EDUCATION,F,2500,18.3,1,0.17,N,7
27,119000,MORTGAGE,7,DEBTCONSOLIDATION,D,30000,18.25,1,0.25,N,7
27,21600,RENT,0,HOMEIMPROVEMENT,D,6000,18.07,1,0.28,N,7
27,78200,OWN,4,MEDICAL,E,35000,17.99,1,0.38,Y,7
27,80000,RENT,3,EDUCATION,D,12000,17.58,0,0.15,N,7
27,78000,RENT,6,DEBTCONSOLIDATION,D,17200,17.49,1,0.22,Y,7
27,52600,RENT,3,VENTURE,E,4000,17.39,0,0.08,Y,7
27,238000,RENT,11,HOMEIMPROVEMENT,D,12000,17.27,1,0.05,N,7
27,36000,RENT,3,PERSONAL,E,10000,17.19,0,0.28,Y,7
27,78000,RENT,5,EDUCATION,E,9600,17.14,0,0.12,Y,7
27,34000,RENT,3,MEDICAL,D,10000,16.77,1,0.29,N,7
27,66000,MORTGAGE,12,EDUCATION,D,8400,16.49,0,0.13,Y,7
27,34560,MORTGAGE,8,HOMEIMPROVEMENT,E,10625,16.4,0,0.31,N,7
27,21840,RENT,0,VENTURE,E,6500,16.35,1,0.3,N,7
27,110000,OWN,0,VENTURE,D,25000,16.32,0,0.23,Y,7
27,49200,MORTGAGE,2,DEBTCONSOLIDATION,E,7500,16.32,1,0.15,N,7
27,69000,RENT,0,PERSONAL,D,3325,16.32,1,0.05,Y,7
27,20000,RENT,0,DEBTCONSOLIDATION,D,4350,16.29,1,0.22,Y,7
27,123000,MORTGAGE,0,VENTURE,C,13225,16.11,0,0.11,Y,7
27,39000,RENT,4,EDUCATION,D,2000,16.07,0,0.05,N,7
27,68000,MORTGAGE,4,HOMEIMPROVEMENT,D,30000,15.99,0,0.44,N,7
27,57000,RENT,,HOMEIMPROVEMENT,D,25475,15.99,1,0.45,Y,7
27,61000,MORTGAGE,6,DEBTCONSOLIDATION,D,6800,15.99,1,0.11,N,7
27,56525,MORTGAGE,4,MEDICAL,D,12000,15.95,1,0.18,Y,7
27,84000,MORTGAGE,11,PERSONAL,D,14000,15.7,0,0.17,Y,7
27,33000,RENT,2,MEDICAL,D,7500,15.65,1,0.23,Y,7
27,36000,RENT,4,HOMEIMPROVEMENT,D,3000,15.62,1,0.08,N,7
27,78000,OWN,3,MEDICAL,D,12000,15.58,0,0.15,N,7
27,53321,RENT,11,MEDICAL,D,9000,15.58,1,0.17,Y,7
27,41000,RENT,11,DEBTCONSOLIDATION,D,11000,15.33,1,0.27,Y,7
27,30000,RENT,0,PERSONAL,D,10000,15.31,1,0.33,N,7
27,44000,RENT,5,VENTURE,C,10000,15.27,1,0.23,Y,7
27,49500,MORTGAGE,7,VENTURE,C,4750,15.27,1,0.1,N,7
27,41000,RENT,2,DEBTCONSOLIDATION,C,2000,15.27,0,0.05,Y,7
27,58000,RENT,3,MEDICAL,C,1400,15.27,0,0.02,Y,7
27,38400,RENT,5,MEDICAL,C,10000,15.23,0,0.26,Y,7
27,80004,RENT,11,PERSONAL,D,10000,15.2,0,0.12,N,7
27,73580,MORTGAGE,3,EDUCATION,D,19950,14.96,0,0.27,N,7
27,51850,RENT,2,MEDICAL,D,3000,14.96,1,0.05,Y,7
27,36996,RENT,4,PERSONAL,D,5775,14.91,0,0.16,N,7
27,129996,MORTGAGE,2,VENTURE,D,12800,14.84,1,0.1,Y,7
27,25000,RENT,4,PERSONAL,D,8000,14.84,1,0.32,Y,7
27,30000,RENT,5,EDUCATION,D,7500,14.84,0,0.25,N,7
27,40050,RENT,3,MEDICAL,D,3600,14.84,0,0.09,Y,7
27,66000,RENT,2,EDUCATION,C,8000,14.79,0,0.12,Y,7
27,48396,RENT,11,MEDICAL,D,16000,14.74,1,0.33,Y,7
27,40000,MORTGAGE,4,HOMEIMPROVEMENT,C,8000,14.72,0,0.2,N,7
27,10400,OWN,,PERSONAL,C,4750,14.72,1,0.46,Y,7
27,24000,RENT,1,MEDICAL,C,2150,14.72,0,0.09,N,7
27,42000,OWN,4,EDUCATION,C,10000,14.65,0,0.24,N,7
27,65000,RENT,11,HOMEIMPROVEMENT,C,6000,14.65,0,0.09,Y,7
27,43218,RENT,11,PERSONAL,C,5300,14.65,0,0.12,Y,7
27,49200,RENT,4,DEBTCONSOLIDATION,C,4800,14.65,0,0.1,N,7
27,39000,RENT,1,VENTURE,D,6000,14.61,1,0.15,N,7
27,45000,RENT,10,MEDICAL,D,7600,14.59,1,0.17,N,7
27,59578,RENT,11,HOMEIMPROVEMENT,D,6000,14.59,0,0.1,Y,7
27,34800,RENT,2,VENTURE,D,4000,14.54,1,0.11,Y,7
27,70000,MORTGAGE,4,HOMEIMPROVEMENT,D,8000,14.46,0,0.11,N,7
27,52000,RENT,0,PERSONAL,C,6225,14.35,0,0.12,N,7
27,31200,OWN,2,HOMEIMPROVEMENT,C,6000,14.35,0,0.19,N,7
27,55000,RENT,11,EDUCATION,C,10000,14.27,0,0.18,N,7
27,300000,MORTGAGE,6,DEBTCONSOLIDATION,C,10000,14.27,0,0.03,Y,7
27,54000,MORTGAGE,1,DEBTCONSOLIDATION,C,6000,14.27,0,0.11,Y,7
27,68400,MORTGAGE,8,DEBTCONSOLIDATION,C,8000,14.26,1,0.12,N,7
27,12000,RENT,0,VENTURE,C,4000,14.22,1,0.33,Y,7
27,73660,RENT,4,HOMEIMPROVEMENT,E,12000,14.18,0,0.16,N,7
27,102616,RENT,4,MEDICAL,C,18000,13.99,1,0.15,Y,7
27,65000,RENT,12,MEDICAL,C,5000,13.99,0,0.08,Y,7
27,44400,MORTGAGE,10,VENTURE,C,4000,13.99,1,0.09,Y,7
27,60000,OWN,11,VENTURE,C,4000,13.98,0,0.07,Y,7
27,57996,RENT,8,DEBTCONSOLIDATION,C,13000,13.92,0,0.22,Y,7
27,65000,MORTGAGE,7,HOMEIMPROVEMENT,C,4500,13.92,0,0.07,N,7
27,44000,MORTGAGE,3,EDUCATION,C,6400,13.85,0,0.15,Y,7
27,39480,MORTGAGE,2,EDUCATION,C,7200,13.79,0,0.18,N,7
27,39000,RENT,4,PERSONAL,C,7000,13.79,1,0.18,Y,7
27,86260,MORTGAGE,11,EDUCATION,C,18000,13.72,1,0.21,Y,7
27,65000,RENT,5,VENTURE,C,7000,13.57,0,0.11,N,7
27,36000,RENT,0,PERSONAL,D,7500,13.55,1,0.21,Y,7
27,75000,RENT,0,DEBTCONSOLIDATION,C,20000,13.49,0,0.27,N,7
27,90000,RENT,2,DEBTCONSOLIDATION,C,9000,13.49,0,0.1,N,7
27,48000,MORTGAGE,1,PERSONAL,C,6000,13.49,0,0.13,N,7
27,31200,RENT,0,VENTURE,C,6000,13.49,0,0.19,Y,7
27,40000,RENT,1,VENTURE,C,13000,13.48,1,0.33,N,7
27,50000,MORTGAGE,2,VENTURE,C,10750,13.48,0,0.21,N,7
27,43200,RENT,9,MEDICAL,C,4000,13.48,0,0.09,N,7
27,42000,MORTGAGE,4,PERSONAL,C,2850,13.48,1,0.07,N,7
27,75000,OWN,11,HOMEIMPROVEMENT,C,6000,13.47,0,0.08,N,7
27,116000,MORTGAGE,4,HOMEIMPROVEMENT,D,25000,13.36,1,0.22,Y,7
27,130000,MORTGAGE,0,PERSONAL,C,8000,13.35,0,0.06,Y,7
27,60000,OWN,11,DEBTCONSOLIDATION,D,18000,13.24,0,0.3,Y,7
27,35196,RENT,4,MEDICAL,C,12250,13.23,1,0.35,N,7
27,67000,RENT,5,PERSONAL,C,12000,13.23,0,0.18,Y,7
27,85000,OWN,2,VENTURE,C,10000,13.23,0,0.12,N,7
27,180000,MORTGAGE,2,MEDICAL,C,8000,13.23,0,0.04,Y,7
27,50000,RENT,4,HOMEIMPROVEMENT,C,6400,13.23,0,0.13,Y,7
27,15000,RENT,2,EDUCATION,C,3000,13.23,1,0.2,N,7
27,26237,RENT,0,MEDICAL,C,12000,13.22,1,0.46,N,7
27,60000,RENT,1,PERSONAL,C,10000,13.22,0,0.17,N,7
27,60000,RENT,1,VENTURE,C,10000,13.22,0,0.17,N,7
27,45150,RENT,1,PERSONAL,C,18000,13.16,1,0.4,N,7
27,45150,RENT,1,VENTURE,C,18000,13.16,1,0.4,N,7
27,67000,RENT,1,PERSONAL,C,2800,13.04,0,0.04,N,7
27,45000,MORTGAGE,5,DEBTCONSOLIDATION,C,5400,12.99,0,0.12,N,7
27,47000,RENT,3,EDUCATION,C,9000,12.98,0,0.19,N,7
27,36000,MORTGAGE,6,HOMEIMPROVEMENT,C,7000,12.98,0,0.19,Y,7
27,42000,MORTGAGE,2,VENTURE,C,20000,12.84,0,0.48,Y,7
27,102000,MORTGAGE,1,HOMEIMPROVEMENT,C,15000,12.84,0,0.15,N,7
27,50000,RENT,11,HOMEIMPROVEMENT,C,5500,12.73,1,0.11,N,7
27,37793,RENT,11,VENTURE,B,17625,12.69,1,0.47,N,7
27,120000,RENT,2,DEBTCONSOLIDATION,B,11050,12.69,0,0.09,N,7
27,98000,MORTGAGE,,PERSONAL,B,10000,12.69,0,0.1,N,7
27,80000,MORTGAGE,7,DEBTCONSOLIDATION,B,7400,12.69,0,0.09,N,7
27,145000,RENT,11,MEDICAL,B,5000,12.69,0,0.03,N,7
27,60000,RENT,6,DEBTCONSOLIDATION,B,4500,12.69,0,0.07,N,7
27,48000,MORTGAGE,5,DEBTCONSOLIDATION,B,4300,12.69,0,0.09,N,7
27,30000,RENT,6,EDUCATION,B,4000,12.69,1,0.13,N,7
27,65000,MORTGAGE,2,DEBTCONSOLIDATION,B,10000,12.53,0,0.15,N,7
27,19200,RENT,2,PERSONAL,B,5000,12.53,1,0.26,N,7
27,60000,RENT,2,VENTURE,B,9200,12.42,0,0.15,N,7
27,50000,OWN,7,EDUCATION,C,8800,12.29,0,0.18,N,7
27,65004,OWN,1,HOMEIMPROVEMENT,C,12000,12.09,0,0.18,N,7
27,120000,MORTGAGE,3,PERSONAL,B,14000,11.99,0,0.12,N,7
27,101877,RENT,9,VENTURE,B,12500,11.99,0,0.12,N,7
27,40000,RENT,11,VENTURE,B,8000,11.99,0,0.2,N,7
27,89700,RENT,1,VENTURE,B,6000,11.99,0,0.07,N,7
27,45000,MORTGAGE,11,PERSONAL,B,3450,11.99,0,0.08,N,7
27,113400,OWN,6,VENTURE,B,2100,11.99,0,0.02,N,7
27,42996,RENT,11,MEDICAL,C,7500,11.91,1,0.17,N,7
27,32000,MORTGAGE,2,HOMEIMPROVEMENT,B,14000,11.89,0,0.44,N,7
27,60000,MORTGAGE,2,MEDICAL,B,4800,11.89,0,0.08,N,7
27,61200,MORTGAGE,5,MEDICAL,B,4500,11.86,0,0.07,N,7
27,70000,RENT,11,PERSONAL,B,25000,11.71,1,0.36,N,7
27,48000,RENT,3,DEBTCONSOLIDATION,B,5000,11.71,0,0.1,N,7
27,58000,RENT,3,VENTURE,B,13000,11.58,0,0.22,N,7
27,32220,RENT,11,MEDICAL,B,17725,11.49,1,0.55,N,7
27,76800,MORTGAGE,3,EDUCATION,B,5000,11.49,0,0.07,N,7
27,75000,MORTGAGE,3,VENTURE,B,4000,11.49,0,0.05,N,7
27,50004,RENT,12,DEBTCONSOLIDATION,B,3200,11.49,0,0.06,N,7
27,92000,MORTGAGE,11,EDUCATION,B,18000,11.48,0,0.2,N,7
27,31200,MORTGAGE,3,PERSONAL,B,3600,11.48,0,0.12,N,7
27,98000,MORTGAGE,5,VENTURE,B,15000,11.36,0,0.15,N,7
27,75000,RENT,1,EDUCATION,B,14400,11.36,0,0.19,N,7
27,115752,MORTGAGE,6,DEBTCONSOLIDATION,B,10000,11.36,0,0.09,N,7
27,58000,RENT,1,VENTURE,B,8000,11.36,0,0.14,N,7
27,40000,RENT,2,EDUCATION,C,6000,11.28,0,0.15,N,7
27,27996,RENT,0,PERSONAL,B,12250,11.26,1,0.44,N,7
27,41004,RENT,11,MEDICAL,B,7800,11.14,0,0.19,N,7
27,40200,RENT,2,VENTURE,B,6600,11.14,0,0.16,N,7
27,80000,OWN,11,EDUCATION,B,5000,11.14,0,0.06,N,7
27,21403,MORTGAGE,2,HOMEIMPROVEMENT,B,2100,11.12,0,0.1,N,7
27,128000,MORTGAGE,11,VENTURE,B,32000,11.11,0,0.25,N,7
27,37000,RENT,4,EDUCATION,B,7900,11.11,0,0.21,N,7
27,80000,MORTGAGE,3,DEBTCONSOLIDATION,B,3000,11.11,0,0.04,N,7
27,28000,RENT,1,DEBTCONSOLIDATION,B,7600,10.99,0,0.27,N,7
27,61500,MORTGAGE,3,HOMEIMPROVEMENT,B,6000,10.99,0,0.1,N,7
27,25000,OWN,0,EDUCATION,B,5000,10.99,0,0.2,N,7
27,43000,RENT,11,PERSONAL,B,3000,10.99,0,0.07,N,7
27,75000,MORTGAGE,2,VENTURE,B,8000,10.95,0,0.11,N,7
27,59200,RENT,4,DEBTCONSOLIDATION,B,15000,10.75,0,0.25,N,7
27,116899,MORTGAGE,12,DEBTCONSOLIDATION,B,12000,10.75,1,0.1,N,7
27,49800,RENT,3,PERSONAL,B,10000,10.74,0,0.2,N,7
27,31000,RENT,0,MEDICAL,B,4000,10.74,0,0.13,N,7
27,60000,RENT,0,HOMEIMPROVEMENT,B,11000,10.71,0,0.18,N,7
27,56000,RENT,2,MEDICAL,B,14000,10.65,0,0.25,N,7
27,44000,RENT,5,EDUCATION,B,13650,10.65,1,0.31,N,7
27,42000,RENT,2,PERSONAL,B,12000,10.65,0,0.29,N,7
27,104000,MORTGAGE,11,MEDICAL,B,10000,10.65,0,0.1,N,7
27,89000,MORTGAGE,2,DEBTCONSOLIDATION,B,10000,10.65,0,0.11,N,7
27,60000,RENT,7,VENTURE,B,9600,10.65,0,0.16,N,7
27,76000,MORTGAGE,7,EDUCATION,B,6400,10.65,0,0.08,N,7
27,108000,RENT,4,DEBTCONSOLIDATION,B,6000,10.65,0,0.06,N,7
27,31000,OWN,3,HOMEIMPROVEMENT,B,5500,10.65,0,0.18,N,7
27,15600,RENT,11,MEDICAL,B,2800,10.65,1,0.18,N,7
27,207182,MORTGAGE,11,PERSONAL,B,22000,10.62,0,0.11,N,7
27,130000,MORTGAGE,1,HOMEIMPROVEMENT,B,21000,10.62,0,0.16,N,7
27,48000,RENT,0,DEBTCONSOLIDATION,B,10000,10.62,0,0.21,N,7
27,51456,OWN,3,PERSONAL,B,8000,10.62,0,0.16,N,7
27,48000,RENT,2,PERSONAL,C,25000,10.59,1,0.52,N,7
27,74800,MORTGAGE,1,MEDICAL,B,21000,10.59,0,0.28,N,7
27,26400,RENT,0,PERSONAL,B,8000,10.59,1,0.3,N,7
27,60000,RENT,11,VENTURE,B,20000,10.51,1,0.33,N,7
27,84996,RENT,12,PERSONAL,B,10000,10.51,0,0.12,N,7
27,88000,RENT,4,DEBTCONSOLIDATION,B,20000,10.38,0,0.23,N,7
27,42000,OWN,3,PERSONAL,B,8500,10.38,0,0.2,N,7
27,30000,RENT,2,DEBTCONSOLIDATION,B,7000,10.37,0,0.23,N,7
27,52000,RENT,0,HOMEIMPROVEMENT,B,5100,10.37,0,0.1,N,7
27,51298,RENT,11,DEBTCONSOLIDATION,B,1000,10.37,0,0.02,N,7
27,150000,MORTGAGE,11,PERSONAL,B,25000,10.36,0,0.17,N,7
27,30000,RENT,6,VENTURE,B,11500,10.36,1,0.38,N,7
27,70000,OWN,2,HOMEIMPROVEMENT,B,2250,10.36,0,0.03,N,7
27,24500,RENT,3,MEDICAL,B,10000,10.25,1,0.41,N,7
27,81000,RENT,5,HOMEIMPROVEMENT,B,7500,10.25,0,0.09,N,7
27,75288,MORTGAGE,12,MEDICAL,B,18050,10,0,0.24,N,7
27,82000,MORTGAGE,0,VENTURE,B,14000,10,0,0.17,N,7
27,36000,MORTGAGE,6,HOMEIMPROVEMENT,B,13500,10,0,0.38,N,7
27,35000,RENT,4,EDUCATION,B,12800,10,1,0.37,N,7
27,27000,RENT,3,MEDICAL,B,6900,9.99,0,0.26,N,7
27,46800,MORTGAGE,5,HOMEIMPROVEMENT,B,6000,9.99,0,0.13,N,7
27,38000,MORTGAGE,3,VENTURE,B,4500,9.99,0,0.12,N,7
27,50600,RENT,9,VENTURE,B,12000,9.91,0,0.24,N,7
27,85000,RENT,2,PERSONAL,B,12000,9.91,0,0.14,N,7
27,37000,RENT,7,MEDICAL,B,8400,9.91,0,0.23,N,7
27,32000,RENT,6,MEDICAL,B,8000,9.91,0,0.25,N,7
27,60000,MORTGAGE,,DEBTCONSOLIDATION,B,4000,9.91,0,0.07,N,7
27,54000,RENT,5,VENTURE,B,3200,9.88,0,0.06,N,7
27,49000,MORTGAGE,0,PERSONAL,B,15000,9.76,1,0.31,N,7
27,83604,RENT,2,MEDICAL,B,11000,9.76,0,0.13,N,7
27,34500,MORTGAGE,2,DEBTCONSOLIDATION,B,5000,9.76,0,0.14,N,7
27,107000,MORTGAGE,11,VENTURE,B,35000,9.63,0,0.33,N,7
27,75000,RENT,2,VENTURE,A,14000,9.63,0,0.19,N,7
27,73004,RENT,5,EDUCATION,A,9000,9.63,1,0.12,N,7
27,39996,RENT,4,VENTURE,A,6500,9.63,0,0.16,N,7
27,36000,MORTGAGE,3,HOMEIMPROVEMENT,A,2500,9.63,0,0.07,N,7
27,25000,RENT,2,PERSONAL,B,5000,9.62,0,0.2,N,7
27,46000,RENT,1,VENTURE,A,10000,9.32,0,0.22,N,7
27,41000,RENT,2,MEDICAL,A,6000,9.32,0,0.15,N,7
27,58000,RENT,5,DEBTCONSOLIDATION,A,5900,9.32,0,0.1,N,7
27,103000,RENT,2,VENTURE,A,5000,9.32,0,0.05,N,7
27,60000,RENT,0,PERSONAL,A,3500,9.32,0,0.06,N,7
27,56004,MORTGAGE,4,PERSONAL,A,3100,9.32,0,0.06,N,7
27,33975,MORTGAGE,,DEBTCONSOLIDATION,B,10000,9.25,0,0.29,N,7
27,97000,MORTGAGE,11,PERSONAL,B,3600,9.25,0,0.04,N,7
27,20000,RENT,2,MEDICAL,B,3600,9.25,0,0.18,N,7
27,72000,MORTGAGE,2,EDUCATION,B,2600,9.25,0,0.04,N,7
27,45000,MORTGAGE,8,DEBTCONSOLIDATION,A,16750,8.94,0,0.37,N,7
27,78000,OWN,2,PERSONAL,A,15000,8.94,0,0.19,N,7
27,82500,MORTGAGE,3,DEBTCONSOLIDATION,A,11100,8.94,0,0.13,N,7
27,90000,MORTGAGE,11,PERSONAL,A,10000,8.94,0,0.11,N,7
27,37000,RENT,6,MEDICAL,A,9000,8.94,0,0.24,N,7
27,60000,RENT,4,HOMEIMPROVEMENT,A,7200,8.9,0,0.12,N,7
27,63000,MORTGAGE,9,DEBTCONSOLIDATION,B,4500,8.88,0,0.07,N,7
27,96000,RENT,0,DEBTCONSOLIDATION,B,4375,8.88,0,0.05,N,7
27,40000,OWN,3,PERSONAL,A,5000,8.59,0,0.13,N,7
27,35000,OTHER,0,VENTURE,A,7000,8,0,0.2,N,7
27,50100,RENT,11,VENTURE,A,6600,8,0,0.13,N,7
27,240000,MORTGAGE,1,EDUCATION,A,35000,7.9,0,0.15,N,7
27,70000,MORTGAGE,9,EDUCATION,A,16000,7.9,0,0.23,N,7
27,110000,MORTGAGE,0,EDUCATION,A,16000,7.9,0,0.15,N,7
27,72000,MORTGAGE,9,DEBTCONSOLIDATION,A,10000,7.9,0,0.14,N,7
27,66000,RENT,6,VENTURE,A,10000,7.9,0,0.15,N,7
27,68000,RENT,10,DEBTCONSOLIDATION,A,16500,7.88,0,0.24,N,7
27,40000,MORTGAGE,7,VENTURE,A,13000,7.88,0,0.33,N,7
27,28800,RENT,0,EDUCATION,A,3000,7.88,1,0.1,N,7
27,28800,RENT,0,EDUCATION,A,3000,7.88,1,0.1,N,7
27,52000,MORTGAGE,7,DEBTCONSOLIDATION,A,5000,7.75,0,0.1,N,7
27,75400,MORTGAGE,3,PERSONAL,A,6000,7.74,0,0.08,N,7
27,200000,MORTGAGE,6,EDUCATION,A,5000,7.74,0,0.03,N,7
27,56004,MORTGAGE,5,HOMEIMPROVEMENT,A,5000,7.74,0,0.09,N,7
27,110000,MORTGAGE,3,MEDICAL,A,4800,7.74,0,0.04,N,7
27,28500,MORTGAGE,6,VENTURE,A,2600,7.74,0,0.09,N,7
27,55000,RENT,11,VENTURE,A,3000,7.68,0,0.05,N,7
27,63000,MORTGAGE,11,PERSONAL,A,2500,7.68,0,0.04,N,7
27,51000,RENT,3,VENTURE,A,1300,7.68,0,0.03,N,7
27,90000,RENT,3,DEBTCONSOLIDATION,A,10000,7.66,0,0.11,N,7
27,40800,RENT,11,PERSONAL,A,6000,7.66,0,0.15,N,7
27,35000,RENT,1,VENTURE,A,4500,7.66,0,0.13,N,7
27,33000,MORTGAGE,6,VENTURE,A,12000,7.51,0,0.36,N,7
27,175000,MORTGAGE,11,HOMEIMPROVEMENT,A,11500,7.51,0,0.07,N,7
27,52500,RENT,7,PERSONAL,A,11425,7.51,0,0.22,N,7
27,88000,RENT,4,VENTURE,A,10000,7.51,0,0.11,N,7
27,66800,MORTGAGE,11,MEDICAL,A,9600,7.51,0,0.14,N,7
27,115000,MORTGAGE,11,MEDICAL,A,8000,7.51,0,0.07,N,7
27,29160,MORTGAGE,2,VENTURE,A,8000,7.51,0,0.27,N,7
27,68000,RENT,0,DEBTCONSOLIDATION,A,6500,7.51,0,0.1,N,7
27,65000,MORTGAGE,11,DEBTCONSOLIDATION,A,19200,7.49,0,0.3,N,7
27,51000,OWN,11,PERSONAL,A,12000,7.49,0,0.24,N,7
27,91000,MORTGAGE,2,PERSONAL,A,11525,7.49,0,0.13,N,7
27,60000,OWN,4,HOMEIMPROVEMENT,A,10500,7.49,0,0.17,N,7
27,60000,MORTGAGE,6,PERSONAL,A,10000,7.49,0,0.17,N,7
27,94700,MORTGAGE,8,EDUCATION,A,8000,7.49,0,0.08,N,7
27,32000,RENT,1,PERSONAL,A,5800,7.49,0,0.18,N,7
27,67500,MORTGAGE,0,DEBTCONSOLIDATION,A,1000,7.4,0,0.01,N,7
27,43000,MORTGAGE,11,VENTURE,A,17500,7.29,0,0.41,N,7
27,104000,RENT,8,PERSONAL,A,12800,7.29,0,0.12,N,7
27,52000,MORTGAGE,5,PERSONAL,A,10000,7.29,0,0.19,N,7
27,24000,RENT,2,DEBTCONSOLIDATION,A,8000,7.29,1,0.33,N,7
27,30000,RENT,1,PERSONAL,A,7200,7.29,0,0.24,N,7
27,116000,OWN,3,MEDICAL,A,6000,7.29,0,0.05,N,7
27,60000,MORTGAGE,8,EDUCATION,A,2000,7.29,0,0.03,N,7
27,120000,MORTGAGE,2,EDUCATION,A,7000,7.14,0,0.06,N,7
27,44000,RENT,2,MEDICAL,A,7000,7.14,0,0.16,N,7
27,48000,MORTGAGE,4,MEDICAL,A,5000,6.99,0,0.1,N,7
27,63000,MORTGAGE,11,DEBTCONSOLIDATION,A,4000,6.99,0,0.06,N,7
27,45000,MORTGAGE,3,PERSONAL,A,4000,6.99,0,0.09,N,7
27,45600,MORTGAGE,6,MEDICAL,A,3000,6.99,0,0.07,N,7
27,97000,MORTGAGE,0,VENTURE,A,12000,6.91,0,0.12,N,7
27,20400,RENT,3,MEDICAL,A,5500,6.91,0,0.27,N,7
27,120000,MORTGAGE,11,PERSONAL,A,7000,6.76,0,0.06,N,7
27,42000,MORTGAGE,0,HOMEIMPROVEMENT,A,4200,6.76,0,0.1,N,7
27,31513,RENT,11,HOMEIMPROVEMENT,A,5000,6.62,1,0.16,N,7
27,98004,RENT,8,VENTURE,A,10000,6.54,0,0.1,N,7
27,129700,MORTGAGE,1,PERSONAL,A,10000,6.54,0,0.08,N,7
27,86000,MORTGAGE,12,EDUCATION,A,23000,6.17,1,0.27,N,7
27,100000,MORTGAGE,1,HOMEIMPROVEMENT,A,20000,6.17,0,0.2,N,7
27,117832,MORTGAGE,4,HOMEIMPROVEMENT,A,12500,6.17,0,0.11,N,7
27,69476,RENT,3,VENTURE,A,6500,6.17,0,0.09,N,7
27,36000,MORTGAGE,8,HOMEIMPROVEMENT,A,12500,6.03,1,0.35,N,7
27,45000,OWN,9,MEDICAL,A,12000,6.03,0,0.27,N,7
27,100000,MORTGAGE,1,HOMEIMPROVEMENT,A,12000,6.03,0,0.12,N,7
27,113000,MORTGAGE,5,DEBTCONSOLIDATION,A,6425,6.03,0,0.06,N,7
27,77000,MORTGAGE,12,EDUCATION,A,4900,6.03,0,0.06,N,7
27,109000,MORTGAGE,7,EDUCATION,A,3950,6.03,0,0.04,N,7
27,130000,MORTGAGE,5,HOMEIMPROVEMENT,A,15000,5.79,0,0.12,N,7
27,75000,MORTGAGE,6,MEDICAL,A,10000,5.79,0,0.13,N,7
27,50000,OWN,8,VENTURE,A,12000,5.42,0,0.24,N,7
27,70000,MORTGAGE,11,PERSONAL,A,5600,5.42,0,0.08,N,7
27,78000,MORTGAGE,0,HOMEIMPROVEMENT,A,5000,5.42,0,0.06,N,7
27,70000,MORTGAGE,11,PERSONAL,A,3000,5.42,0,0.04,N,7
27,27840,MORTGAGE,2,MEDICAL,A,2400,5.42,0,0.09,N,7
27,62400,MORTGAGE,11,VENTURE,A,1000,5.42,0,0.02,N,7
27,70000,MORTGAGE,0,MEDICAL,B,33000,,0,0.47,N,7
27,105000,MORTGAGE,11,EDUCATION,A,28000,,0,0.27,N,7
27,124000,MORTGAGE,2,DEBTCONSOLIDATION,B,24250,,0,0.2,N,7
27,112548,MORTGAGE,11,DEBTCONSOLIDATION,A,24000,,0,0.21,N,7
27,115000,MORTGAGE,3,HOMEIMPROVEMENT,A,24000,,0,0.21,N,7
27,120000,MORTGAGE,11,EDUCATION,E,20000,,0,0.17,Y,7
27,150000,MORTGAGE,2,HOMEIMPROVEMENT,A,18000,,0,0.12,N,7
27,32000,OTHER,10,EDUCATION,C,15000,,1,0.47,N,7
27,130000,RENT,0,MEDICAL,A,15000,,0,0.12,N,7
27,32000,RENT,0,DEBTCONSOLIDATION,B,15000,,1,0.47,N,7
27,225000,MORTGAGE,1,VENTURE,B,14000,,0,0.06,N,7
27,54000,RENT,1,HOMEIMPROVEMENT,F,12750,,1,0.24,Y,7
27,65000,RENT,0,HOMEIMPROVEMENT,B,12000,,0,0.18,N,7
27,39000,RENT,3,PERSONAL,B,11000,,0,0.28,N,7
27,75000,MORTGAGE,11,HOMEIMPROVEMENT,A,10000,,0,0.13,N,7
27,40000,RENT,4,VENTURE,D,10000,,0,0.25,N,7
27,66300,RENT,1,MEDICAL,D,9600,,1,0.12,N,7
27,112440,RENT,9,DEBTCONSOLIDATION,A,9000,,0,0.08,N,7
27,119000,MORTGAGE,0,MEDICAL,B,8800,,0,0.07,N,7
27,23000,RENT,0,VENTURE,A,8500,,1,0.37,N,7
27,50000,MORTGAGE,8,MEDICAL,D,8400,,1,0.17,N,7
27,150000,RENT,2,EDUCATION,B,8000,,0,0.05,N,7
27,93000,RENT,1,MEDICAL,A,8000,,0,0.09,N,7
27,47000,MORTGAGE,11,DEBTCONSOLIDATION,G,7750,,1,0.16,N,7
27,55000,MORTGAGE,2,VENTURE,D,7000,,0,0.13,Y,7
27,85000,RENT,11,PERSONAL,B,6000,,0,0.07,N,7
27,24000,OWN,1,EDUCATION,C,6000,,0,0.25,N,7
27,40250,MORTGAGE,5,HOMEIMPROVEMENT,B,5600,,0,0.14,N,7
27,53000,MORTGAGE,6,VENTURE,A,5000,,0,0.09,N,7
27,67000,MORTGAGE,1,VENTURE,A,4200,,0,0.06,N,7
27,45000,MORTGAGE,1,VENTURE,A,4000,,0,0.09,N,7
27,29120,OWN,0,VENTURE,A,4000,,0,0.14,N,7
27,60000,MORTGAGE,7,MEDICAL,B,3400,,0,0.06,N,7
27,42000,RENT,6,DEBTCONSOLIDATION,C,3000,,0,0.07,Y,7
27,48000,RENT,5,DEBTCONSOLIDATION,B,2250,,0,0.05,N,7
27,183000,RENT,12,EDUCATION,E,15000,19.03,0,0.08,Y,6
27,39000,MORTGAGE,11,HOMEIMPROVEMENT,E,5000,18.79,1,0.13,N,6
27,80000,RENT,8,HOMEIMPROVEMENT,F,12800,18.67,0,0.16,Y,6
27,51600,RENT,1,PERSONAL,F,10400,18.25,1,0.2,Y,6
27,100000,MORTGAGE,11,PERSONAL,F,9000,18.25,0,0.09,Y,6
27,15600,RENT,1,HOMEIMPROVEMENT,D,2250,18.25,1,0.14,N,6
27,31200,OWN,0,MEDICAL,F,14000,18.09,1,0.45,Y,6
27,104000,OWN,4,EDUCATION,E,35000,17.99,0,0.34,Y,6
27,73680,MORTGAGE,11,DEBTCONSOLIDATION,E,10000,17.93,1,0.14,Y,6
27,100000,RENT,7,PERSONAL,E,15600,17.88,0,0.16,Y,6
27,65000,MORTGAGE,11,HOMEIMPROVEMENT,E,24000,17.74,0,0.37,Y,6
27,77000,MORTGAGE,0,EDUCATION,E,15000,17.74,1,0.19,Y,6
27,72000,MORTGAGE,9,PERSONAL,D,22000,17.58,0,0.31,Y,6
27,30000,RENT,3,MEDICAL,D,10000,17.58,1,0.33,N,6
27,78000,MORTGAGE,6,VENTURE,D,15275,16.89,0,0.2,N,6
27,144000,MORTGAGE,11,EDUCATION,D,16000,16.77,0,0.11,Y,6
27,104371,RENT,4,EDUCATION,D,15000,16.77,0,0.14,Y,6
27,38004,MORTGAGE,0,DEBTCONSOLIDATION,D,12000,16.77,1,0.32,N,6
27,69000,RENT,0,PERSONAL,D,9000,16.77,1,0.13,Y,6
27,19200,MORTGAGE,3,VENTURE,D,1400,16.77,0,0.07,N,6
27,19200,MORTGAGE,3,DEBTCONSOLIDATION,D,1400,16.77,1,0.07,Y,6
27,42200,MORTGAGE,6,MEDICAL,D,10000,16.49,1,0.24,Y,6
27,32200,RENT,1,EDUCATION,E,6300,16.45,1,0.2,N,6
27,60000,MORTGAGE,3,PERSONAL,E,5000,16.45,0,0.08,N,6
27,36000,MORTGAGE,9,DEBTCONSOLIDATION,E,15200,16.35,1,0.42,Y,6
27,44000,RENT,5,HOMEIMPROVEMENT,E,5000,16.35,1,0.11,Y,6
27,59004,RENT,3,EDUCATION,D,10000,16.32,0,0.17,Y,6
27,32000,RENT,2,MEDICAL,D,8600,16.02,1,0.27,Y,6
27,54000,RENT,2,PERSONAL,D,20000,16,1,0.37,N,6
27,74400,MORTGAGE,11,DEBTCONSOLIDATION,D,10000,16,1,0.13,Y,6
27,85500,RENT,1,EDUCATION,D,11000,15.99,1,0.13,N,6
27,52000,MORTGAGE,11,HOMEIMPROVEMENT,C,3000,15.96,1,0.06,Y,6
27,72000,RENT,3,DEBTCONSOLIDATION,D,25000,15.95,1,0.35,Y,6
27,95500,MORTGAGE,3,PERSONAL,E,20000,15.95,0,0.21,Y,6
27,60000,MORTGAGE,12,MEDICAL,D,2000,15.7,1,0.03,Y,6
27,40000,RENT,0,VENTURE,D,8000,15.65,1,0.2,Y,6
27,112500,MORTGAGE,4,HOMEIMPROVEMENT,D,10400,15.62,0,0.09,Y,6
27,27000,RENT,6,DEBTCONSOLIDATION,D,10000,15.62,1,0.37,N,6
27,30000,RENT,5,MEDICAL,D,7000,15.62,1,0.23,N,6
27,25200,RENT,,PERSONAL,D,3000,15.58,1,0.12,Y,6
27,204000,MORTGAGE,3,HOMEIMPROVEMENT,D,25000,15.31,0,0.12,Y,6
27,62900,RENT,7,MEDICAL,D,24250,15.31,1,0.33,N,6
27,35000,RENT,11,VENTURE,C,8575,15.27,0,0.24,N,6
27,29000,RENT,2,VENTURE,C,6000,15.27,0,0.21,Y,6
27,48000,RENT,8,MEDICAL,C,5250,15.27,0,0.11,Y,6
27,61584,RENT,3,VENTURE,D,15000,15.21,0,0.24,N,6
27,83300,MORTGAGE,3,MEDICAL,D,12000,15.21,1,0.12,N,6
27,223000,RENT,4,EDUCATION,D,12000,14.96,1,0.05,N,6
27,69996,RENT,3,HOMEIMPROVEMENT,D,10800,14.91,0,0.15,N,6
27,189000,MORTGAGE,2,VENTURE,D,5125,14.84,0,0.03,Y,6
27,72250,MORTGAGE,11,MEDICAL,D,10000,14.83,1,0.12,Y,6
27,100500,MORTGAGE,11,EDUCATION,C,15000,14.65,0,0.15,N,6
27,156000,MORTGAGE,8,EDUCATION,D,15000,14.61,0,0.1,N,6
27,50000,OWN,8,EDUCATION,D,4500,14.61,0,0.09,N,6
27,48996,RENT,1,DEBTCONSOLIDATION,D,4000,14.61,1,0.08,Y,6
27,86004,MORTGAGE,8,HOMEIMPROVEMENT,D,16000,14.42,0,0.19,N,6
27,98500,RENT,5,HOMEIMPROVEMENT,C,7200,14.35,0,0.07,Y,6
27,72000,RENT,11,VENTURE,C,2500,14.35,0,0.03,N,6
27,40992,RENT,0,MEDICAL,C,10000,14.27,0,0.24,Y,6
27,54000,RENT,1,HOMEIMPROVEMENT,C,5400,14.27,0,0.1,N,6
27,45000,RENT,,MEDICAL,C,10000,14.22,0,0.22,Y,6
27,10000,RENT,2,VENTURE,D,1200,14.11,1,0.12,Y,6
27,65000,MORTGAGE,0,HOMEIMPROVEMENT,D,22000,14.09,0,0.34,Y,6
27,123000,OWN,1,HOMEIMPROVEMENT,E,22350,14.07,1,0.18,Y,6
27,72000,MORTGAGE,11,MEDICAL,C,9500,13.99,0,0.13,N,6
27,98000,RENT,3,VENTURE,C,5000,13.98,0,0.05,Y,6
27,45500,OWN,11,VENTURE,C,14000,13.92,0,0.31,Y,6
27,28000,RENT,3,VENTURE,C,6000,13.92,0,0.21,N,6
27,36000,RENT,0,DEBTCONSOLIDATION,C,8000,13.85,1,0.22,Y,6
27,55000,RENT,11,DEBTCONSOLIDATION,C,5000,13.8,0,0.09,N,6
27,47380,MORTGAGE,11,EDUCATION,C,15000,13.79,0,0.32,N,6
27,69000,RENT,5,VENTURE,E,25000,13.75,1,0.36,Y,6
27,75600,MORTGAGE,4,PERSONAL,C,25000,13.61,0,0.33,N,6
27,42996,RENT,1,MEDICAL,C,5000,13.61,0,0.12,N,6
27,51600,RENT,2,VENTURE,C,13800,13.57,1,0.27,Y,6
27,120000,MORTGAGE,4,DEBTCONSOLIDATION,C,15000,13.49,0,0.13,Y,6
27,60000,RENT,0,VENTURE,C,12000,13.49,0,0.2,Y,6
27,58000,RENT,0,HOMEIMPROVEMENT,C,8500,13.49,0,0.15,Y,6
27,150000,MORTGAGE,4,VENTURE,C,6000,13.49,0,0.04,N,6
27,98000,RENT,3,EDUCATION,C,11750,13.47,0,0.12,Y,6
27,130000,RENT,2,VENTURE,C,10000,13.47,0,0.08,Y,6
27,47900,OWN,1,VENTURE,C,7500,13.47,0,0.16,N,6
27,116000,MORTGAGE,4,PERSONAL,D,25000,13.36,1,0.22,N,6
27,44000,MORTGAGE,0,EDUCATION,C,6000,13.23,1,0.14,Y,6
27,40000,RENT,1,VENTURE,C,7200,13.22,0,0.18,N,6
27,40000,RENT,1,MEDICAL,C,7200,13.22,0,0.18,N,6
27,85000,MORTGAGE,7,EDUCATION,C,10400,13.16,0,0.12,Y,6
27,29120,RENT,6,MEDICAL,C,7200,13.11,0,0.25,N,6
27,25000,RENT,9,VENTURE,C,2000,13.11,0,0.08,Y,6
27,30000,MORTGAGE,3,PERSONAL,C,5350,13.06,1,0.18,N,6
27,62000,RENT,4,EDUCATION,C,7500,13.04,0,0.12,Y,6
27,148000,MORTGAGE,1,HOMEIMPROVEMENT,C,28000,12.99,1,0.19,Y,6
27,146000,RENT,3,VENTURE,C,10175,12.99,1,0.07,N,6
27,124100,RENT,3,MEDICAL,C,10175,12.99,1,0.07,N,6
27,29238,RENT,8,HOMEIMPROVEMENT,C,10000,12.99,1,0.34,N,6
27,24000,RENT,,EDUCATION,C,8000,12.99,1,0.33,Y,6
27,24000,OWN,4,EDUCATION,C,4000,12.99,0,0.17,N,6
27,70000,RENT,11,HOMEIMPROVEMENT,D,8000,12.92,0,0.11,Y,6
27,157500,OWN,6,MEDICAL,C,25000,12.87,0,0.16,Y,6
27,46800,MORTGAGE,3,VENTURE,C,6500,12.87,0,0.14,N,6
27,33600,RENT,8,MEDICAL,C,5000,12.87,0,0.15,Y,6
27,150000,MORTGAGE,4,PERSONAL,C,20000,12.84,0,0.13,Y,6
27,110004,MORTGAGE,5,PERSONAL,C,25000,12.73,0,0.23,Y,6
27,31000,OWN,4,MEDICAL,C,12000,12.73,0,0.39,Y,6
27,45000,RENT,0,PERSONAL,C,7500,12.73,0,0.17,Y,6
27,81300,RENT,3,VENTURE,B,29000,12.69,1,0.36,N,6
27,73000,MORTGAGE,3,DEBTCONSOLIDATION,B,18000,12.69,1,0.25,N,6
27,115000,MORTGAGE,11,PERSONAL,B,14400,12.69,0,0.13,N,6
27,65000,MORTGAGE,5,VENTURE,B,13225,12.69,0,0.2,N,6
27,120000,RENT,2,EDUCATION,B,11050,12.69,0,0.09,N,6
27,40800,MORTGAGE,6,HOMEIMPROVEMENT,B,8000,12.69,0,0.2,N,6
27,43000,RENT,2,MEDICAL,C,8000,12.68,0,0.19,N,6
27,120000,MORTGAGE,0,HOMEIMPROVEMENT,C,10000,12.61,1,0.08,N,6
27,54000,RENT,4,PERSONAL,C,4000,12.61,0,0.07,Y,6
27,48996,RENT,3,VENTURE,B,12000,12.53,0,0.24,N,6
27,42000,RENT,1,MEDICAL,B,11975,12.53,0,0.29,N,6
27,71020,RENT,1,MEDICAL,C,10000,12.53,0,0.14,N,6
27,39996,OWN,1,VENTURE,B,8000,12.53,0,0.2,N,6
27,20400,RENT,3,PERSONAL,B,2000,12.53,0,0.1,N,6
27,62400,RENT,5,MEDICAL,B,12000,12.42,0,0.19,N,6
27,65000,MORTGAGE,5,VENTURE,B,10000,12.42,0,0.15,N,6
27,160000,MORTGAGE,12,DEBTCONSOLIDATION,C,7000,12.23,0,0.04,Y,6
27,55000,MORTGAGE,8,VENTURE,C,7500,12.22,0,0.14,Y,6
27,35000,RENT,1,MEDICAL,B,8000,12.21,0,0.23,N,6
27,74000,RENT,2,VENTURE,B,12000,12.18,0,0.16,N,6
27,33267,MORTGAGE,5,HOMEIMPROVEMENT,B,3200,12.18,0,0.1,N,6
27,88970,MORTGAGE,5,DEBTCONSOLIDATION,B,20000,11.99,1,0.22,N,6
27,57240,OWN,4,VENTURE,B,15000,11.99,0,0.26,N,6
27,40000,RENT,1,DEBTCONSOLIDATION,B,6000,11.99,0,0.15,N,6
27,20000,RENT,0,VENTURE,B,8000,11.89,1,0.4,N,6
27,72000,RENT,0,MEDICAL,B,15000,11.86,0,0.21,N,6
27,80400,RENT,11,EDUCATION,B,10400,11.86,0,0.13,N,6
27,68004,MORTGAGE,2,PERSONAL,B,6000,11.86,0,0.09,N,6
27,69996,RENT,1,PERSONAL,B,6000,11.86,0,0.09,N,6
27,53004,MORTGAGE,10,EDUCATION,B,5600,11.86,0,0.11,N,6
27,53004,MORTGAGE,10,DEBTCONSOLIDATION,B,5600,11.86,0,0.11,N,6
27,128000,MORTGAGE,2,DEBTCONSOLIDATION,B,18000,11.83,0,0.14,N,6
27,73000,MORTGAGE,0,HOMEIMPROVEMENT,B,10500,11.83,1,0.14,N,6
27,160000,MORTGAGE,12,MEDICAL,C,1500,11.78,0,0.01,Y,6
27,88000,MORTGAGE,8,PERSONAL,B,14400,11.71,0,0.16,N,6
27,48000,RENT,5,VENTURE,B,12000,11.71,0,0.25,N,6
27,31200,OWN,,EDUCATION,B,6000,11.71,0,0.19,N,6
27,106000,MORTGAGE,11,HOMEIMPROVEMENT,B,4000,11.71,0,0.04,N,6
27,60000,RENT,9,VENTURE,B,3000,11.71,0,0.05,N,6
27,50000,MORTGAGE,11,PERSONAL,C,7500,11.59,0,0.15,Y,6
27,102500,MORTGAGE,0,DEBTCONSOLIDATION,B,9000,11.49,0,0.09,N,6
27,54590,RENT,9,VENTURE,B,8000,11.49,0,0.15,N,6
27,60000,MORTGAGE,6,VENTURE,B,5100,11.49,0,0.09,N,6
27,74700,MORTGAGE,7,HOMEIMPROVEMENT,B,5000,11.49,1,0.07,N,6
27,124000,MORTGAGE,9,PERSONAL,B,4350,11.49,0,0.04,N,6
27,105000,MORTGAGE,5,EDUCATION,B,20000,11.48,0,0.19,N,6
27,36996,MORTGAGE,4,DEBTCONSOLIDATION,B,8800,11.48,0,0.24,N,6
27,150000,RENT,1,EDUCATION,B,25000,11.36,0,0.17,N,6
27,75000,MORTGAGE,4,PERSONAL,B,20150,11.36,0,0.27,N,6
27,54120,MORTGAGE,2,VENTURE,B,6000,11.36,0,0.11,N,6
27,45000,MORTGAGE,0,HOMEIMPROVEMENT,B,3900,11.36,0,0.09,N,6
27,390000,MORTGAGE,11,PERSONAL,B,10000,11.26,0,0.03,N,6
27,75000,RENT,7,VENTURE,B,15000,11.14,0,0.2,N,6
27,120000,MORTGAGE,11,HOMEIMPROVEMENT,B,10000,11.14,0,0.08,N,6
27,61200,MORTGAGE,,HOMEIMPROVEMENT,B,5700,11.12,0,0.09,N,6
27,110000,MORTGAGE,8,VENTURE,B,30000,11.11,0,0.27,N,6
27,95500,RENT,1,EDUCATION,B,12000,11.11,0,0.13,N,6
27,35000,RENT,3,PERSONAL,B,6000,11.11,0,0.17,N,6
27,57600,MORTGAGE,3,MEDICAL,B,3000,11.11,0,0.05,N,6
27,41500,RENT,0,MEDICAL,C,10000,11.09,0,0.24,Y,6
27,60000,RENT,1,EDUCATION,B,20000,10.99,1,0.33,N,6
27,30000,RENT,12,DEBTCONSOLIDATION,B,16000,10.99,1,0.53,N,6
27,51395,RENT,11,VENTURE,B,15000,10.99,0,0.29,N,6
27,47000,RENT,1,MEDICAL,B,13000,10.99,0,0.28,N,6
27,101000,RENT,2,DEBTCONSOLIDATION,B,11200,10.99,0,0.11,N,6
27,44630,OWN,10,VENTURE,B,10825,10.99,0,0.24,N,6
27,43495,MORTGAGE,3,EDUCATION,B,10800,10.99,0,0.25,N,6
27,70000,RENT,2,EDUCATION,B,10000,10.99,0,0.14,N,6
27,160000,MORTGAGE,,DEBTCONSOLIDATION,B,6000,10.99,0,0.04,N,6
27,31200,RENT,2,PERSONAL,B,3000,10.99,0,0.1,N,6
27,50000,MORTGAGE,5,VENTURE,B,2000,10.99,0,0.04,N,6
27,27720,RENT,1,EDUCATION,B,7000,10.95,0,0.25,N,6
27,46713,MORTGAGE,3,VENTURE,C,12375,10.91,0,0.26,N,6
27,37200,RENT,0,MEDICAL,C,13500,10.78,1,0.36,N,6
27,106000,RENT,5,DEBTCONSOLIDATION,B,15000,10.75,0,0.14,N,6
27,80000,MORTGAGE,3,HOMEIMPROVEMENT,B,14500,10.75,0,0.18,N,6
27,40000,RENT,9,DEBTCONSOLIDATION,B,2000,10.75,0,0.05,N,6
27,120000,MORTGAGE,11,HOMEIMPROVEMENT,B,18000,10.74,0,0.15,N,6
27,43200,RENT,4,MEDICAL,B,4200,10.74,0,0.1,N,6
27,81193,RENT,2,DEBTCONSOLIDATION,B,12000,10.71,0,0.15,N,6
27,38400,RENT,6,MEDICAL,B,2400,10.65,0,0.06,N,6
27,18000,RENT,2,MEDICAL,B,2400,10.65,0,0.13,N,6
27,75127,RENT,11,HOMEIMPROVEMENT,B,15000,10.64,0,0.2,N,6
27,60132,RENT,11,VENTURE,B,10000,10.62,0,0.17,N,6
27,125000,RENT,5,VENTURE,B,10000,10.62,0,0.08,N,6
27,48000,RENT,0,MEDICAL,B,10000,10.62,0,0.21,N,6
27,34000,OWN,1,PERSONAL,B,16750,10.59,0,0.49,N,6
27,34000,OWN,1,EDUCATION,B,16750,10.59,0,0.49,N,6
27,49000,MORTGAGE,11,MEDICAL,B,8500,10.59,0,0.17,N,6
27,102500,MORTGAGE,3,HOMEIMPROVEMENT,B,8000,10.59,0,0.08,N,6
27,42504,RENT,2,DEBTCONSOLIDATION,B,7200,10.59,0,0.17,N,6
27,51000,RENT,9,VENTURE,B,1600,10.59,0,0.03,N,6
27,30000,RENT,0,MEDICAL,B,14300,10.39,1,0.48,N,6
27,60000,OWN,2,VENTURE,B,10000,10.38,0,0.17,N,6
27,23004,RENT,1,MEDICAL,B,6250,10.38,0,0.27,N,6
27,50000,RENT,5,HOMEIMPROVEMENT,B,12000,10.37,0,0.24,N,6
27,65000,RENT,11,EDUCATION,B,8000,10.37,0,0.12,N,6
27,53250,RENT,1,MEDICAL,B,7000,10.37,0,0.13,N,6
27,86000,MORTGAGE,6,HOMEIMPROVEMENT,B,4500,10.37,0,0.05,N,6
27,30000,RENT,2,VENTURE,B,11500,10.36,1,0.38,N,6
27,87360,MORTGAGE,,HOMEIMPROVEMENT,B,7000,10.36,0,0.08,N,6
27,69790,RENT,6,EDUCATION,B,18000,10.25,0,0.26,N,6
27,44400,RENT,7,VENTURE,B,7000,10,0,0.16,N,6
27,290000,MORTGAGE,0,MEDICAL,B,7875,9.99,0,0.03,N,6
27,46800,MORTGAGE,5,EDUCATION,B,6000,9.99,0,0.13,N,6
27,53400,MORTGAGE,8,PERSONAL,B,4000,9.99,0,0.07,N,6
27,18576,RENT,4,MEDICAL,B,1400,9.99,0,0.08,N,6
27,70000,MORTGAGE,8,VENTURE,B,12000,9.91,0,0.17,N,6
27,30000,RENT,8,PERSONAL,B,11000,9.91,1,0.37,N,6
27,37000,OWN,3,MEDICAL,B,5000,9.91,0,0.14,N,6
27,34800,MORTGAGE,5,PERSONAL,B,3000,9.91,0,0.09,N,6
27,45000,RENT,2,PERSONAL,B,2700,9.91,0,0.06,N,6
27,50000,MORTGAGE,4,EDUCATION,B,2100,9.91,0,0.04,N,6
27,231252,MORTGAGE,1,DEBTCONSOLIDATION,B,2000,9.91,0,0.01,N,6
27,45000,MORTGAGE,9,MEDICAL,B,12000,9.76,0,0.27,N,6
27,38000,MORTGAGE,11,DEBTCONSOLIDATION,B,5000,9.76,0,0.13,N,6
27,27000,RENT,2,MEDICAL,B,9750,9.63,1,0.36,N,6
27,80000,MORTGAGE,0,PERSONAL,B,8000,9.63,0,0.1,N,6
27,87000,MORTGAGE,2,VENTURE,A,7200,9.63,0,0.08,N,6
27,60000,MORTGAGE,8,PERSONAL,B,5000,9.63,0,0.08,N,6
27,78000,MORTGAGE,2,MEDICAL,B,7000,9.62,0,0.09,N,6
27,54000,RENT,2,MEDICAL,B,12100,9.45,0,0.22,N,6
27,40000,OWN,11,EDUCATION,A,6400,9.32,0,0.16,N,6
27,58000,RENT,5,HOMEIMPROVEMENT,A,5900,9.32,0,0.1,N,6
27,71000,RENT,11,EDUCATION,B,15000,9.01,0,0.21,N,6
27,45000,RENT,11,DEBTCONSOLIDATION,A,13000,8.94,0,0.29,N,6
27,45000,MORTGAGE,4,HOMEIMPROVEMENT,A,12000,8.94,0,0.27,N,6
27,72000,OWN,10,VENTURE,A,10000,8.94,0,0.14,N,6
27,30000,RENT,4,PERSONAL,A,8650,8.94,0,0.29,N,6
27,144000,MORTGAGE,11,DEBTCONSOLIDATION,A,11000,8.9,0,0.08,N,6
27,23000,RENT,4,MEDICAL,A,6000,8.9,0,0.26,N,6
27,33600,OWN,1,PERSONAL,B,21250,8.88,0,0.63,N,6
27,55000,RENT,11,DEBTCONSOLIDATION,B,13000,8.88,0,0.24,N,6
27,150000,OWN,0,EDUCATION,A,10000,8.59,0,0.07,N,6
27,35000,RENT,1,VENTURE,A,3500,8.59,0,0.1,N,6
27,24840,OWN,0,MEDICAL,A,11500,8.49,0,0.46,N,6
27,35000,RENT,11,VENTURE,A,10000,8.49,0,0.29,N,6
27,51600,RENT,12,EDUCATION,A,6000,8.49,0,0.12,N,6
27,115000,MORTGAGE,1,DEBTCONSOLIDATION,A,5000,8.49,0,0.04,N,6
27,75000,OWN,0,HOMEIMPROVEMENT,A,7500,8.38,0,0.1,N,6
27,63000,OWN,2,MEDICAL,A,9500,8.07,0,0.15,N,6
27,110000,MORTGAGE,4,PERSONAL,A,2500,8.07,0,0.02,N,6
27,123996,MORTGAGE,11,MEDICAL,A,6500,8,0,0.05,N,6
27,27000,OWN,1,VENTURE,A,6000,8,0,0.22,N,6
27,80000,MORTGAGE,11,EDUCATION,A,5000,8,0,0.06,N,6
27,65000,RENT,4,EDUCATION,A,28000,7.9,1,0.43,N,6
27,140000,RENT,4,EDUCATION,A,20000,7.9,0,0.14,N,6
27,55000,MORTGAGE,6,PERSONAL,A,10000,7.9,0,0.18,N,6
27,54000,RENT,2,EDUCATION,A,3625,7.9,0,0.07,N,6
27,39600,RENT,4,DEBTCONSOLIDATION,A,2000,7.9,0,0.05,N,6
27,85000,OWN,6,VENTURE,A,20000,7.88,0,0.24,N,6
27,73000,MORTGAGE,11,EDUCATION,A,17000,7.88,0,0.23,N,6
27,91000,MORTGAGE,5,DEBTCONSOLIDATION,A,14700,7.88,0,0.16,N,6
27,36000,MORTGAGE,3,HOMEIMPROVEMENT,A,10000,7.88,0,0.28,N,6
27,122000,MORTGAGE,1,DEBTCONSOLIDATION,A,8000,7.88,0,0.07,N,6
27,35496,RENT,2,EDUCATION,A,3200,7.88,0,0.09,N,6
27,50000,OWN,9,EDUCATION,A,3000,7.75,0,0.06,N,6
27,50000,MORTGAGE,1,VENTURE,A,6500,7.74,0,0.13,N,6
27,51000,RENT,1,HOMEIMPROVEMENT,A,2000,7.74,0,0.04,N,6
27,65000,MORTGAGE,11,VENTURE,A,9000,7.66,0,0.14,N,6
27,38000,RENT,12,VENTURE,A,7000,7.66,0,0.18,N,6
27,120000,MORTGAGE,,DEBTCONSOLIDATION,A,20000,7.51,0,0.17,N,6
27,130000,MORTGAGE,11,DEBTCONSOLIDATION,A,10200,7.51,0,0.08,N,6
27,82000,MORTGAGE,11,VENTURE,A,10000,7.51,0,0.12,N,6
27,29000,RENT,4,PERSONAL,A,9750,7.51,1,0.34,N,6
27,125000,MORTGAGE,7,EDUCATION,A,9000,7.51,0,0.07,N,6
27,63000,RENT,2,HOMEIMPROVEMENT,A,8000,7.51,0,0.13,N,6
27,90000,OWN,1,VENTURE,A,7500,7.51,0,0.08,N,6
27,38400,RENT,2,MEDICAL,A,7000,7.51,0,0.18,N,6
27,51000,OWN,11,VENTURE,A,18000,7.49,0,0.35,N,6
27,43200,RENT,4,MEDICAL,A,10000,7.49,0,0.23,N,6
27,36400,RENT,5,EDUCATION,A,9000,7.49,0,0.25,N,6
27,51000,MORTGAGE,0,EDUCATION,A,7000,7.49,0,0.14,N,6
27,21600,OWN,1,PERSONAL,A,4200,7.49,0,0.19,N,6
27,23400,RENT,2,PERSONAL,A,4000,7.49,0,0.17,N,6
27,22000,MORTGAGE,11,EDUCATION,A,2500,7.49,0,0.11,N,6
27,60000,RENT,3,VENTURE,A,2400,7.49,0,0.04,N,6
27,12000,RENT,1,DEBTCONSOLIDATION,A,725,7.37,0,0.06,N,6
27,115000,MORTGAGE,0,EDUCATION,A,12000,7.29,0,0.1,N,6
27,115000,MORTGAGE,0,MEDICAL,A,12000,7.29,0,0.1,N,6
27,35000,RENT,0,EDUCATION,A,12000,7.29,1,0.34,N,6
27,105600,MORTGAGE,0,DEBTCONSOLIDATION,A,10000,7.29,0,0.09,N,6
27,42000,RENT,9,PERSONAL,A,8000,7.29,0,0.19,N,6
27,120000,MORTGAGE,4,DEBTCONSOLIDATION,A,8400,7.14,0,0.07,N,6
27,50000,RENT,5,VENTURE,A,8000,7.14,0,0.16,N,6
27,228000,MORTGAGE,12,HOMEIMPROVEMENT,A,6000,7.14,0,0.03,N,6
27,26592,RENT,1,PERSONAL,A,2500,7.14,1,0.09,N,6
27,130000,RENT,9,HOMEIMPROVEMENT,A,9000,7.05,0,0.07,N,6
27,80000,MORTGAGE,2,EDUCATION,A,12000,6.99,0,0.15,N,6
27,34000,RENT,0,DEBTCONSOLIDATION,A,6000,6.99,0,0.18,N,6
27,44004,MORTGAGE,2,MEDICAL,A,10000,6.92,0,0.23,N,6
27,68700,OWN,0,PERSONAL,A,10000,6.92,0,0.15,N,6
27,67200,MORTGAGE,2,HOMEIMPROVEMENT,A,10750,6.91,0,0.16,N,6
27,30456,RENT,0,VENTURE,A,10400,6.91,1,0.34,N,6
27,125000,MORTGAGE,2,DEBTCONSOLIDATION,A,8000,6.76,0,0.06,N,6
27,55200,RENT,0,DEBTCONSOLIDATION,A,4000,6.76,0,0.07,N,6
27,89000,OWN,10,VENTURE,A,3000,6.76,0,0.03,N,6
27,55000,MORTGAGE,5,PERSONAL,A,5000,6.62,0,0.09,N,6
27,80000,MORTGAGE,4,EDUCATION,A,15000,6.54,0,0.19,N,6
27,71352,MORTGAGE,3,VENTURE,A,9000,6.54,0,0.13,N,6
27,105000,MORTGAGE,9,PERSONAL,A,24000,6.17,0,0.23,N,6
27,118000,MORTGAGE,3,PERSONAL,A,10000,6.17,0,0.08,N,6
27,136000,MORTGAGE,3,PERSONAL,A,5000,6.17,0,0.04,N,6
27,72000,MORTGAGE,6,MEDICAL,A,17000,6.03,0,0.24,N,6
27,83886,MORTGAGE,11,VENTURE,A,15000,6.03,0,0.18,N,6
27,57000,OWN,11,EDUCATION,A,15000,6.03,0,0.26,N,6
27,100000,MORTGAGE,1,HOMEIMPROVEMENT,A,12000,6.03,0,0.12,N,6
27,80000,MORTGAGE,11,PERSONAL,A,8500,6.03,0,0.11,N,6
27,48000,RENT,2,EDUCATION,A,4000,6.03,1,0.08,N,6
27,48000,RENT,2,HOMEIMPROVEMENT,A,4000,6.03,1,0.08,N,6
27,85000,MORTGAGE,12,VENTURE,A,3800,6.03,0,0.04,N,6
27,120000,MORTGAGE,11,PERSONAL,A,8000,5.99,0,0.07,N,6
27,140987,MORTGAGE,5,VENTURE,A,6450,5.99,0,0.05,N,6
27,27000,MORTGAGE,4,VENTURE,A,4300,5.99,0,0.16,N,6
27,58075,MORTGAGE,6,MEDICAL,A,4000,5.99,0,0.07,N,6
27,70000,RENT,7,MEDICAL,A,15000,5.79,0,0.21,N,6
27,76860,RENT,4,DEBTCONSOLIDATION,A,8000,5.79,0,0.1,N,6
27,100000,MORTGAGE,0,PERSONAL,A,6575,5.79,0,0.07,N,6
27,66240,RENT,7,VENTURE,A,5000,5.79,0,0.08,N,6
27,59000,MORTGAGE,11,MEDICAL,A,4000,5.79,0,0.07,N,6
27,62400,MORTGAGE,12,MEDICAL,A,12000,5.42,0,0.19,N,6
27,140004,MORTGAGE,11,VENTURE,A,9800,5.42,0,0.07,N,6
27,49200,MORTGAGE,11,MEDICAL,A,9600,5.42,0,0.2,N,6
27,24000,OWN,0,VENTURE,A,8500,5.42,0,0.35,N,6
27,38000,OWN,,MEDICAL,A,6500,5.42,0,0.17,N,6
27,72000,MORTGAGE,6,EDUCATION,A,6000,5.42,0,0.08,N,6
27,37404,OWN,,HOMEIMPROVEMENT,A,6000,5.42,0,0.16,N,6
27,145986,MORTGAGE,2,MEDICAL,A,5500,5.42,0,0.04,N,6
27,33600,OWN,5,EDUCATION,A,5400,5.42,0,0.16,N,6
27,25200,MORTGAGE,11,VENTURE,A,4500,5.42,0,0.18,N,6
27,93000,RENT,11,PERSONAL,A,4200,5.42,0,0.05,N,6
27,58650,MORTGAGE,11,MEDICAL,A,4000,5.42,1,0.06,N,6
27,275000,MORTGAGE,11,VENTURE,B,35000,,0,0.13,N,6
27,96000,RENT,11,HOMEIMPROVEMENT,E,25000,,0,0.26,N,6
27,110000,MORTGAGE,3,DEBTCONSOLIDATION,B,25000,,0,0.23,N,6
27,175000,MORTGAGE,11,VENTURE,B,21000,,0,0.12,N,6
27,90000,MORTGAGE,12,EDUCATION,A,20000,,0,0.22,N,6
27,68808,MORTGAGE,2,VENTURE,C,20000,,0,0.29,Y,6
27,75000,RENT,1,HOMEIMPROVEMENT,B,20000,,0,0.27,N,6
27,100000,MORTGAGE,0,VENTURE,C,16000,,0,0.16,Y,6
27,57720,RENT,12,DEBTCONSOLIDATION,C,15000,,0,0.26,N,6
27,90000,MORTGAGE,4,PERSONAL,A,15000,,0,0.17,N,6
27,90000,MORTGAGE,4,DEBTCONSOLIDATION,A,15000,,0,0.17,N,6
27,44000,RENT,2,MEDICAL,B,15000,,1,0.34,N,6
27,45760,OWN,6,MEDICAL,B,14000,,0,0.31,N,6
27,225000,MORTGAGE,1,DEBTCONSOLIDATION,B,14000,,0,0.06,N,6
27,100000,MORTGAGE,11,PERSONAL,A,12000,,0,0.12,N,6
27,76000,MORTGAGE,11,DEBTCONSOLIDATION,A,12000,,0,0.16,N,6
27,55000,RENT,4,PERSONAL,C,12000,,0,0.22,N,6
27,24000,MORTGAGE,1,VENTURE,C,11000,,0,0.46,Y,6
27,102000,RENT,2,HOMEIMPROVEMENT,A,10150,,0,0.1,N,6
27,140000,MORTGAGE,12,DEBTCONSOLIDATION,B,10000,,0,0.07,N,6
27,40000,RENT,4,PERSONAL,D,10000,,0,0.25,Y,6
27,30000,RENT,1,HOMEIMPROVEMENT,D,10000,,1,0.33,Y,6
27,90000,RENT,0,DEBTCONSOLIDATION,B,7500,,0,0.08,N,6
27,64800,MORTGAGE,12,VENTURE,A,6500,,0,0.1,N,6
27,64000,MORTGAGE,12,EDUCATION,B,6000,,1,0.09,N,6
27,30000,RENT,8,MEDICAL,A,5600,,0,0.19,N,6
27,20160,RENT,4,DEBTCONSOLIDATION,A,5300,,0,0.26,N,6
27,32400,RENT,7,MEDICAL,C,5000,,0,0.15,N,6
27,57500,RENT,0,MEDICAL,A,5000,,0,0.09,N,6
27,20400,RENT,,DEBTCONSOLIDATION,A,4800,,0,0.24,N,6
27,34000,RENT,9,PERSONAL,D,4600,,0,0.14,Y,6
27,50000,MORTGAGE,0,DEBTCONSOLIDATION,A,4000,,0,0.08,N,6
27,120000,MORTGAGE,7,EDUCATION,A,3775,,0,0.03,N,6
27,49272,MORTGAGE,5,MEDICAL,B,3250,,0,0.07,N,6
27,86399,MORTGAGE,7,PERSONAL,A,2250,,0,0.03,N,6
27,39000,RENT,3,DEBTCONSOLIDATION,B,2100,,0,0.05,N,6
27,30000,RENT,0,EDUCATION,C,1500,,0,0.05,N,6
27,144000,RENT,8,HOMEIMPROVEMENT,F,5500,19.13,0,0.04,Y,5
27,96000,MORTGAGE,12,HOMEIMPROVEMENT,E,12500,19.03,0,0.13,Y,5
27,62000,MORTGAGE,11,EDUCATION,E,4150,18.39,0,0.07,N,5
27,92300,MORTGAGE,6,HOMEIMPROVEMENT,E,17500,17.93,0,0.19,N,5
27,78000,MORTGAGE,2,HOMEIMPROVEMENT,D,35000,17.27,1,0.45,Y,5
27,75000,MORTGAGE,5,HOMEIMPROVEMENT,E,8500,17.19,0,0.11,N,5
27,150000,MORTGAGE,3,EDUCATION,E,8000,17.19,0,0.05,Y,5
27,44004,RENT,2,PERSONAL,E,6000,17.19,1,0.14,Y,5
27,47000,RENT,0,DEBTCONSOLIDATION,E,24000,17.14,1,0.51,N,5
27,75000,OWN,11,PERSONAL,D,16000,16.89,0,0.21,Y,5
27,33000,RENT,11,HOMEIMPROVEMENT,D,1600,16.89,1,0.05,Y,5
27,213000,MORTGAGE,11,DEBTCONSOLIDATION,E,35000,16.77,1,0.16,Y,5
27,104371,RENT,4,HOMEIMPROVEMENT,D,15000,16.77,0,0.14,N,5
27,50000,RENT,3,VENTURE,D,15000,16.77,0,0.3,N,5
27,54000,MORTGAGE,0,PERSONAL,D,12000,16.49,1,0.22,N,5
27,69830,OWN,3,EDUCATION,E,15000,16.45,0,0.21,Y,5
27,56888,RENT,8,HOMEIMPROVEMENT,D,8000,16.29,0,0.14,N,5
27,56888,RENT,8,EDUCATION,D,8000,16.29,0,0.14,Y,5
27,45727,MORTGAGE,5,VENTURE,D,1000,16.29,0,0.02,N,5
27,43200,RENT,2,DEBTCONSOLIDATION,D,4500,16.07,1,0.1,Y,5
27,83300,RENT,11,MEDICAL,D,20000,16,1,0.2,Y,5
27,42000,RENT,5,DEBTCONSOLIDATION,E,12000,16,1,0.29,Y,5
27,34928,RENT,1,HOMEIMPROVEMENT,E,11500,16,1,0.33,N,5
27,85500,RENT,1,HOMEIMPROVEMENT,D,11000,15.99,1,0.13,Y,5
27,235000,MORTGAGE,5,VENTURE,C,28000,15.96,0,0.12,N,5
27,23400,RENT,5,EDUCATION,D,7000,15.7,1,0.3,Y,5
27,140000,OWN,8,PERSONAL,D,28000,15.65,0,0.2,N,5
27,25000,RENT,0,HOMEIMPROVEMENT,D,3000,15.62,1,0.12,N,5
27,19000,OWN,2,HOMEIMPROVEMENT,D,7800,15.58,1,0.41,Y,5
27,36120,MORTGAGE,2,VENTURE,D,2000,15.58,0,0.06,Y,5
27,34000,RENT,0,PERSONAL,D,10000,15.37,1,0.29,Y,5
27,60000,OWN,0,MEDICAL,D,7500,15.37,0,0.13,Y,5
27,225000,MORTGAGE,11,VENTURE,D,25000,15.31,0,0.11,N,5
27,83200,RENT,11,EDUCATION,D,9000,15.31,0,0.11,Y,5
27,33996,RENT,8,DEBTCONSOLIDATION,D,6000,15.31,1,0.18,Y,5
27,44000,RENT,3,MEDICAL,C,1200,15.23,0,0.03,N,5
27,28800,RENT,6,EDUCATION,D,5000,14.96,0,0.17,Y,5
27,28800,RENT,6,MEDICAL,D,5000,14.96,0,0.17,Y,5
27,33600,RENT,2,PERSONAL,D,6000,14.91,1,0.18,Y,5
27,62570,MORTGAGE,11,EDUCATION,D,25000,14.84,0,0.4,N,5
27,25000,RENT,4,DEBTCONSOLIDATION,D,8000,14.84,1,0.32,N,5
27,30000,OWN,6,EDUCATION,D,1800,14.84,0,0.06,Y,5
27,22296,RENT,5,PERSONAL,D,1000,14.84,0,0.04,N,5
27,30996,RENT,1,HOMEIMPROVEMENT,D,2600,14.74,1,0.08,N,5
27,30996,RENT,1,MEDICAL,D,2600,14.74,1,0.08,N,5
27,58000,RENT,0,EDUCATION,C,4500,14.72,0,0.08,Y,5
27,36000,OWN,4,MEDICAL,C,1050,14.72,0,0.03,Y,5
27,63000,MORTGAGE,12,DEBTCONSOLIDATION,C,15500,14.65,0,0.25,N,5
27,54000,RENT,11,VENTURE,D,6000,14.59,0,0.11,Y,5
27,244000,OTHER,0,VENTURE,D,15000,14.42,0,0.06,Y,5
27,12000,OWN,0,EDUCATION,D,8125,14.42,1,0.68,Y,5
27,75000,RENT,2,DEBTCONSOLIDATION,C,15000,14.35,0,0.2,N,5
27,50000,RENT,1,PERSONAL,C,9900,14.35,0,0.2,N,5
27,44544,RENT,4,MEDICAL,C,16425,14.27,1,0.37,Y,5
27,35000,RENT,5,MEDICAL,C,10375,14.27,0,0.3,N,5
27,106000,RENT,11,EDUCATION,C,3600,14.27,0,0.03,N,5
27,25200,RENT,0,VENTURE,C,2550,14.27,0,0.1,N,5
27,94500,MORTGAGE,2,PERSONAL,C,10000,14.26,0,0.11,N,5
27,48000,RENT,2,VENTURE,C,16000,14.22,1,0.33,N,5
27,25740,OWN,3,DEBTCONSOLIDATION,D,5000,14.11,0,0.19,Y,5
27,45468,RENT,2,VENTURE,C,4000,13.99,0,0.09,Y,5
27,87000,MORTGAGE,11,VENTURE,C,21125,13.92,0,0.24,N,5
27,85000,OWN,10,VENTURE,C,19000,13.92,0,0.22,N,5
27,77976,RENT,2,VENTURE,C,10000,13.85,1,0.13,Y,5
27,71700,MORTGAGE,11,HOMEIMPROVEMENT,C,9000,13.8,0,0.13,N,5
27,54000,RENT,4,MEDICAL,C,8000,13.8,0,0.15,Y,5
27,68000,MORTGAGE,6,EDUCATION,C,2000,13.8,0,0.03,N,5
27,12000,RENT,2,PERSONAL,C,2850,13.61,1,0.24,Y,5
27,140000,MORTGAGE,0,HOMEIMPROVEMENT,C,6000,13.57,0,0.04,N,5
27,64000,RENT,0,MEDICAL,C,12000,13.49,0,0.19,Y,5
27,75000,RENT,2,EDUCATION,C,8000,13.49,0,0.11,Y,5
27,46000,RENT,4,MEDICAL,C,7500,13.49,0,0.16,N,5
27,95000,MORTGAGE,11,VENTURE,C,18000,13.48,0,0.19,N,5
27,50000,MORTGAGE,2,HOMEIMPROVEMENT,C,10750,13.48,0,0.21,N,5
27,54792,RENT,4,EDUCATION,C,5000,13.48,0,0.09,N,5
27,40800,RENT,,MEDICAL,C,3000,13.48,0,0.07,Y,5
27,86000,MORTGAGE,4,HOMEIMPROVEMENT,C,20000,13.43,1,0.23,N,5
27,100000,MORTGAGE,1,DEBTCONSOLIDATION,C,16000,13.43,0,0.16,N,5
27,85000,RENT,11,DEBTCONSOLIDATION,C,6000,13.43,0,0.07,Y,5
27,44000,OWN,4,PERSONAL,C,2000,13.35,0,0.05,N,5
27,50000,RENT,4,PERSONAL,C,6400,13.23,0,0.13,Y,5
27,40000,RENT,4,EDUCATION,C,6125,13.23,0,0.15,Y,5
27,29040,RENT,11,DEBTCONSOLIDATION,C,1800,13.23,1,0.06,Y,5
27,73200,MORTGAGE,7,EDUCATION,C,15000,13.22,0,0.2,N,5
27,26237,RENT,0,VENTURE,C,12000,13.22,1,0.46,N,5
27,72000,MORTGAGE,8,VENTURE,C,15250,13.16,0,0.21,Y,5
27,84000,RENT,7,VENTURE,C,12000,13.16,0,0.14,Y,5
27,84000,RENT,7,MEDICAL,C,12000,13.16,0,0.14,N,5
27,28968,RENT,1,PERSONAL,C,5000,13.16,0,0.17,Y,5
27,57057,RENT,3,VENTURE,C,9000,13.11,0,0.16,N,5
27,20000,RENT,1,EDUCATION,C,6000,13.11,0,0.3,Y,5
27,42500,MORTGAGE,4,DEBTCONSOLIDATION,C,8000,13.06,0,0.19,N,5
27,65000,RENT,5,EDUCATION,C,15000,12.84,0,0.23,Y,5
27,122000,RENT,3,PERSONAL,C,15000,12.73,0,0.12,N,5
27,41000,RENT,3,DEBTCONSOLIDATION,C,7000,12.73,0,0.17,Y,5
27,100000,RENT,9,MEDICAL,B,20000,12.69,0,0.2,N,5
27,75600,RENT,11,HOMEIMPROVEMENT,B,10500,12.69,0,0.14,N,5
27,20000,RENT,0,EDUCATION,B,5500,12.69,0,0.28,N,5
27,38400,MORTGAGE,3,DEBTCONSOLIDATION,C,15000,12.68,0,0.39,N,5
27,80000,MORTGAGE,0,DEBTCONSOLIDATION,C,10000,12.68,0,0.13,N,5
27,35000,MORTGAGE,6,HOMEIMPROVEMENT,C,5000,12.68,0,0.14,N,5
27,35000,MORTGAGE,11,PERSONAL,B,15000,12.53,0,0.43,N,5
27,39996,OWN,1,HOMEIMPROVEMENT,B,8000,12.53,0,0.2,N,5
27,58500,RENT,11,VENTURE,B,6400,12.53,0,0.11,N,5
27,38000,RENT,11,EDUCATION,B,3200,12.42,0,0.08,N,5
27,105000,MORTGAGE,3,EDUCATION,C,25000,12.23,0,0.24,N,5
27,66000,RENT,11,PERSONAL,B,20000,12.21,1,0.3,N,5
27,60000,RENT,0,VENTURE,B,20000,12.21,1,0.33,N,5
27,120000,MORTGAGE,2,VENTURE,B,16000,12.21,0,0.13,N,5
27,61000,RENT,1,VENTURE,B,12000,12.21,0,0.2,N,5
27,150000,MORTGAGE,11,VENTURE,B,8000,12.21,0,0.05,N,5
27,68004,RENT,2,MEDICAL,B,4800,12.21,0,0.07,N,5
27,13500,RENT,2,MEDICAL,B,8000,12.18,1,0.59,N,5
27,80000,RENT,3,DEBTCONSOLIDATION,B,7500,12.18,0,0.09,N,5
27,78000,OWN,4,MEDICAL,B,6000,12.18,0,0.08,N,5
27,102000,MORTGAGE,1,PERSONAL,B,16000,11.99,0,0.16,N,5
27,150000,MORTGAGE,1,VENTURE,B,12000,11.89,0,0.08,N,5
27,29000,RENT,3,MEDICAL,B,7750,11.86,0,0.27,N,5
27,61200,MORTGAGE,11,MEDICAL,B,5000,11.86,1,0.07,N,5
27,64500,MORTGAGE,6,VENTURE,B,24000,11.83,0,0.37,N,5
27,37800,RENT,1,DEBTCONSOLIDATION,B,13000,11.83,1,0.34,N,5
27,59000,MORTGAGE,3,MEDICAL,B,6000,11.83,0,0.1,N,5
27,42000,RENT,1,VENTURE,B,3000,11.83,0,0.07,N,5
27,56000,RENT,1,DEBTCONSOLIDATION,C,2500,11.72,1,0.04,N,5
27,33200,RENT,0,MEDICAL,B,10000,11.71,0,0.3,N,5
27,42000,RENT,3,DEBTCONSOLIDATION,B,8800,11.71,0,0.21,N,5
27,45500,RENT,2,EDUCATION,B,5000,11.71,0,0.11,N,5
27,30000,RENT,11,MEDICAL,B,4900,11.71,0,0.16,N,5
27,93600,MORTGAGE,0,HOMEIMPROVEMENT,B,16000,11.58,0,0.17,N,5
27,48000,RENT,2,MEDICAL,B,5000,11.58,0,0.1,N,5
27,75000,RENT,3,VENTURE,B,12000,11.49,0,0.16,N,5
27,57770,MORTGAGE,3,PERSONAL,B,9975,11.49,0,0.17,N,5
27,35000,MORTGAGE,11,MEDICAL,B,9000,11.49,0,0.26,N,5
27,147884,MORTGAGE,4,HOMEIMPROVEMENT,B,4500,11.49,0,0.03,N,5
27,44000,RENT,2,MEDICAL,B,15000,11.48,1,0.34,N,5
27,74000,MORTGAGE,3,PERSONAL,B,25000,11.46,1,0.34,N,5
27,49000,RENT,11,DEBTCONSOLIDATION,B,25000,11.36,1,0.51,N,5
27,80000,MORTGAGE,1,DEBTCONSOLIDATION,B,20000,11.36,0,0.25,N,5
27,52000,RENT,3,PERSONAL,B,12250,11.36,0,0.24,N,5
27,40000,RENT,10,DEBTCONSOLIDATION,B,10000,11.36,0,0.25,N,5
27,59147,MORTGAGE,11,MEDICAL,B,7000,11.26,0,0.12,N,5
27,30000,RENT,3,MEDICAL,B,2500,11.14,0,0.08,N,5
27,132000,RENT,2,HOMEIMPROVEMENT,B,15000,11.12,0,0.11,N,5
27,31416,OWN,0,VENTURE,B,8000,11.12,0,0.25,N,5
27,100000,RENT,12,VENTURE,B,16000,11.11,0,0.16,N,5
27,37000,RENT,,MEDICAL,B,9000,11.11,0,0.24,N,5
27,95000,MORTGAGE,9,HOMEIMPROVEMENT,B,25000,10.99,0,0.26,N,5
27,75860,RENT,9,MEDICAL,B,24000,10.99,1,0.32,N,5
27,127000,MORTGAGE,6,VENTURE,B,21000,10.99,0,0.17,N,5
27,60000,RENT,4,DEBTCONSOLIDATION,B,18500,10.99,1,0.31,N,5
27,66500,MORTGAGE,3,HOMEIMPROVEMENT,B,16000,10.99,0,0.24,N,5
27,47000,RENT,1,MEDICAL,B,13000,10.99,0,0.28,N,5
27,186000,MORTGAGE,0,HOMEIMPROVEMENT,B,3700,10.99,0,0.02,N,5
27,27500,RENT,0,EDUCATION,B,3000,10.99,0,0.11,N,5
27,50000,RENT,0,VENTURE,B,2000,10.99,0,0.04,N,5
27,32890,RENT,5,EDUCATION,B,10000,10.95,0,0.3,N,5
27,65000,MORTGAGE,3,DEBTCONSOLIDATION,B,15000,10.75,0,0.23,N,5
27,33000,RENT,3,MEDICAL,B,12000,10.75,1,0.36,N,5
27,29120,RENT,2,EDUCATION,B,4000,10.75,0,0.14,N,5
27,48000,RENT,4,DEBTCONSOLIDATION,B,4200,10.74,0,0.09,N,5
27,54000,RENT,3,EDUCATION,B,4000,10.74,0,0.07,N,5
27,47000,RENT,6,PERSONAL,B,3000,10.74,0,0.06,N,5
27,51000,RENT,1,HOMEIMPROVEMENT,B,8400,10.71,0,0.16,N,5
27,75000,RENT,11,PERSONAL,B,30000,10.65,1,0.4,N,5
27,44000,RENT,5,EDUCATION,B,13650,10.65,1,0.31,N,5
27,70000,RENT,11,VENTURE,B,10000,10.65,0,0.14,N,5
27,39000,RENT,4,DEBTCONSOLIDATION,B,7200,10.65,1,0.18,N,5
27,15600,RENT,11,HOMEIMPROVEMENT,B,2800,10.65,1,0.18,N,5
27,207182,MORTGAGE,11,VENTURE,B,22000,10.62,0,0.11,N,5
27,50055,MORTGAGE,5,VENTURE,B,15000,10.62,0,0.3,N,5
27,48000,RENT,2,EDUCATION,C,25000,10.59,1,0.52,Y,5
27,97000,MORTGAGE,4,PERSONAL,C,8275,10.59,1,0.09,Y,5
27,21600,RENT,2,MEDICAL,B,8000,10.59,1,0.37,N,5
27,78000,MORTGAGE,5,PERSONAL,B,6775,10.59,1,0.09,N,5
27,49000,RENT,11,VENTURE,B,4000,10.59,0,0.08,N,5
27,15120,RENT,6,PERSONAL,B,3050,10.38,1,0.2,N,5
27,180000,RENT,4,PERSONAL,B,8000,10.37,0,0.04,N,5
27,61000,MORTGAGE,11,MEDICAL,B,1200,10.37,0,0.02,N,5
27,85000,RENT,6,HOMEIMPROVEMENT,B,9000,10.36,0,0.11,N,5
27,36000,MORTGAGE,5,HOMEIMPROVEMENT,B,5500,10.36,0,0.15,N,5
27,27000,RENT,11,EDUCATION,B,1500,10.36,0,0.06,N,5
27,53000,RENT,7,EDUCATION,B,10000,10.25,0,0.19,N,5
27,55000,RENT,3,HOMEIMPROVEMENT,B,10000,10.25,0,0.18,N,5
27,30000,RENT,1,MEDICAL,B,16000,10,1,0.53,N,5
27,89904,RENT,1,EDUCATION,B,10000,10,0,0.11,N,5
27,68120,RENT,6,EDUCATION,B,8000,10,0,0.12,N,5
27,63000,RENT,11,DEBTCONSOLIDATION,B,5000,10,0,0.08,N,5
27,110000,RENT,5,VENTURE,B,18000,9.91,0,0.16,N,5
27,110000,RENT,5,MEDICAL,B,18000,9.91,0,0.16,N,5
27,43000,RENT,8,VENTURE,B,4900,9.91,0,0.11,N,5
27,50000,MORTGAGE,3,HOMEIMPROVEMENT,B,15000,9.88,0,0.3,N,5
27,42000,RENT,0,DEBTCONSOLIDATION,B,14000,9.88,1,0.33,N,5
27,38000,RENT,0,VENTURE,B,10000,9.76,0,0.26,N,5
27,38000,MORTGAGE,11,DEBTCONSOLIDATION,B,5000,9.76,0,0.13,N,5
27,75000,RENT,2,EDUCATION,A,14000,9.63,0,0.19,N,5
27,107000,MORTGAGE,2,EDUCATION,A,10800,9.63,0,0.1,N,5
27,65000,RENT,5,MEDICAL,B,8750,9.63,0,0.13,N,5
27,69996,RENT,12,PERSONAL,A,5000,9.63,0,0.07,N,5
27,130000,MORTGAGE,11,EDUCATION,B,11000,9.62,0,0.08,N,5
27,64200,RENT,2,PERSONAL,B,4000,9.25,0,0.06,N,5
27,43200,RENT,0,VENTURE,A,12000,8.94,0,0.28,N,5
27,82500,MORTGAGE,3,PERSONAL,A,11100,8.94,0,0.13,N,5
27,50400,MORTGAGE,7,MEDICAL,A,11000,8.94,0,0.22,N,5
27,32000,MORTGAGE,0,VENTURE,A,9850,8.94,0,0.31,N,5
27,42000,RENT,2,EDUCATION,A,3000,8.94,0,0.07,N,5
27,72000,RENT,6,VENTURE,A,20000,8.9,0,0.28,N,5
27,98000,MORTGAGE,11,PERSONAL,B,17000,8.88,0,0.17,N,5
27,60000,MORTGAGE,0,PERSONAL,A,10000,8.63,0,0.17,N,5
27,130000,MORTGAGE,12,PERSONAL,A,5000,8.63,0,0.04,N,5
27,65000,MORTGAGE,0,DEBTCONSOLIDATION,A,10250,8.59,0,0.16,N,5
27,48000,RENT,7,EDUCATION,A,9800,8.59,0,0.2,N,5
27,78500,RENT,6,VENTURE,A,8000,8.59,0,0.1,N,5
27,122880,MORTGAGE,3,VENTURE,A,35000,8.49,0,0.28,N,5
27,160000,MORTGAGE,11,HOMEIMPROVEMENT,A,16000,8.49,0,0.1,N,5
27,39000,RENT,5,EDUCATION,A,14125,8.49,1,0.36,N,5
27,146000,MORTGAGE,5,MEDICAL,A,2500,8.49,0,0.02,N,5
27,63000,MORTGAGE,11,EDUCATION,A,1700,8.49,0,0.03,N,5
27,60000,RENT,0,HOMEIMPROVEMENT,A,6000,8,0,0.1,N,5
27,100000,MORTGAGE,2,MEDICAL,A,2000,8,0,0.02,N,5
27,101004,MORTGAGE,2,MEDICAL,A,11025,7.9,0,0.11,N,5
27,27900,RENT,3,MEDICAL,A,10625,7.9,1,0.38,N,5
27,75500,MORTGAGE,8,EDUCATION,A,9000,7.9,0,0.12,N,5
27,25200,RENT,3,MEDICAL,A,6000,7.9,0,0.24,N,5
27,63945,RENT,6,VENTURE,A,3500,7.9,0,0.05,N,5
27,100000,RENT,0,VENTURE,A,18000,7.88,0,0.18,N,5
27,138000,MORTGAGE,5,PERSONAL,A,17000,7.88,0,0.12,N,5
27,55000,RENT,1,EDUCATION,A,17000,7.88,1,0.31,N,5
27,30548,RENT,0,PERSONAL,A,14000,7.88,1,0.46,N,5
27,51000,RENT,0,VENTURE,A,10000,7.88,0,0.2,N,5
27,70176,RENT,3,MEDICAL,A,9000,7.88,0,0.13,N,5
27,68000,RENT,4,HOMEIMPROVEMENT,A,8700,7.88,0,0.13,N,5
27,70000,RENT,4,MEDICAL,A,7500,7.88,0,0.11,N,5
27,60000,MORTGAGE,9,PERSONAL,A,5000,7.88,0,0.08,N,5
27,65000,OWN,8,MEDICAL,A,5000,7.88,0,0.08,N,5
27,51000,OWN,3,HOMEIMPROVEMENT,A,3500,7.88,0,0.07,N,5
27,47544,RENT,11,DEBTCONSOLIDATION,A,2500,7.88,0,0.05,N,5
27,18000,MORTGAGE,0,VENTURE,A,2000,7.88,0,0.11,N,5
27,130000,RENT,6,EDUCATION,A,10000,7.74,0,0.08,N,5
27,31200,MORTGAGE,1,DEBTCONSOLIDATION,A,7500,7.74,0,0.24,N,5
27,35000,RENT,0,MEDICAL,A,6400,7.74,0,0.18,N,5
27,50000,MORTGAGE,1,PERSONAL,A,3000,7.68,0,0.06,N,5
27,70000,MORTGAGE,11,DEBTCONSOLIDATION,A,25000,7.66,0,0.36,N,5
27,90000,MORTGAGE,8,EDUCATION,A,8000,7.66,0,0.09,N,5
27,100000,OWN,5,VENTURE,A,6000,7.66,0,0.06,N,5
27,65000,MORTGAGE,11,PERSONAL,A,18000,7.51,0,0.28,N,5
27,43000,OWN,11,EDUCATION,A,15000,7.51,0,0.35,N,5
27,45000,RENT,9,DEBTCONSOLIDATION,A,10000,7.51,0,0.22,N,5
27,50400,MORTGAGE,9,EDUCATION,A,5000,7.51,0,0.1,N,5
27,119000,OWN,5,EDUCATION,A,5000,7.51,0,0.04,N,5
27,38250,RENT,1,MEDICAL,A,5000,7.51,0,0.13,N,5
27,57000,MORTGAGE,11,DEBTCONSOLIDATION,A,3000,7.51,0,0.05,N,5
27,90000,MORTGAGE,5,HOMEIMPROVEMENT,A,15000,7.49,0,0.17,N,5
27,105000,MORTGAGE,7,EDUCATION,A,11000,7.49,0,0.1,N,5
27,18000,RENT,0,DEBTCONSOLIDATION,A,6000,7.49,1,0.33,N,5
27,32000,RENT,1,DEBTCONSOLIDATION,A,5800,7.49,0,0.18,N,5
27,144000,MORTGAGE,6,MEDICAL,A,5000,7.49,0,0.03,N,5
27,41500,OWN,11,VENTURE,A,4500,7.49,0,0.11,N,5
27,36000,RENT,11,VENTURE,A,4500,7.49,0,0.13,N,5
27,64000,RENT,3,PERSONAL,A,3600,7.49,1,0.06,N,5
27,48000,RENT,4,MEDICAL,A,2800,7.49,0,0.06,N,5
27,115000,RENT,3,VENTURE,A,6000,7.4,0,0.05,N,5
27,104000,RENT,8,HOMEIMPROVEMENT,A,12800,7.29,0,0.12,N,5
27,90000,MORTGAGE,8,DEBTCONSOLIDATION,A,12000,7.29,0,0.13,N,5
27,84000,MORTGAGE,3,DEBTCONSOLIDATION,A,7000,7.29,0,0.08,N,5
27,70200,MORTGAGE,9,HOMEIMPROVEMENT,A,6000,7.29,0,0.09,N,5
27,40000,RENT,3,EDUCATION,A,5000,7.29,0,0.13,N,5
27,40800,MORTGAGE,3,DEBTCONSOLIDATION,A,2000,7.29,1,0.05,N,5
27,17000,RENT,1,VENTURE,A,1000,7.29,0,0.06,N,5
27,92508,MORTGAGE,11,PERSONAL,A,13000,7.14,0,0.14,N,5
27,90000,MORTGAGE,5,DEBTCONSOLIDATION,A,10000,7.14,0,0.11,N,5
27,99000,MORTGAGE,4,MEDICAL,A,9000,7.14,0,0.09,N,5
27,57600,MORTGAGE,11,PERSONAL,A,8500,7.14,0,0.15,N,5
27,26004,RENT,7,VENTURE,A,6000,7.14,0,0.23,N,5
27,27180,RENT,,DEBTCONSOLIDATION,A,4800,7.14,0,0.18,N,5
27,65000,OWN,6,EDUCATION,A,15000,6.99,0,0.23,N,5
27,51000,MORTGAGE,1,HOMEIMPROVEMENT,A,10000,6.99,1,0.2,N,5
27,65000,RENT,4,EDUCATION,A,8400,6.99,0,0.13,N,5
27,47000,MORTGAGE,2,MEDICAL,A,6000,6.99,0,0.13,N,5
27,65000,RENT,9,PERSONAL,A,4000,6.99,0,0.06,N,5
27,45600,MORTGAGE,6,DEBTCONSOLIDATION,A,3000,6.99,0,0.07,N,5
27,40000,RENT,4,EDUCATION,A,2500,6.99,0,0.06,N,5
27,69000,RENT,1,MEDICAL,A,2000,6.99,0,0.03,N,5
27,40000,RENT,11,MEDICAL,A,20000,6.91,1,0.5,N,5
27,80000,MORTGAGE,11,PERSONAL,A,16000,6.91,0,0.2,N,5
27,86000,RENT,7,DEBTCONSOLIDATION,A,15000,6.91,0,0.17,N,5
27,32960,RENT,3,PERSONAL,A,15000,6.91,1,0.46,N,5
27,31200,RENT,2,MEDICAL,A,9400,6.91,0,0.3,N,5
27,120000,MORTGAGE,11,PERSONAL,A,7000,6.76,0,0.06,N,5
27,73400,MORTGAGE,10,MEDICAL,A,2100,6.76,0,0.03,N,5
27,33000,RENT,4,MEDICAL,A,10625,6.62,1,0.32,N,5
27,19498,RENT,3,HOMEIMPROVEMENT,A,9575,6.62,1,0.49,N,5
27,63844,MORTGAGE,11,DEBTCONSOLIDATION,A,20000,6.54,0,0.31,N,5
27,100000,MORTGAGE,2,MEDICAL,A,16000,6.54,0,0.16,N,5
27,39600,OWN,7,HOMEIMPROVEMENT,A,9900,6.54,0,0.25,N,5
27,156000,MORTGAGE,11,DEBTCONSOLIDATION,A,5000,6.54,0,0.03,N,5
27,70000,MORTGAGE,11,DEBTCONSOLIDATION,A,1000,6.54,0,0.01,N,5
27,46000,OWN,0,EDUCATION,A,18000,6.17,0,0.39,N,5
27,120000,MORTGAGE,2,EDUCATION,A,17000,6.03,0,0.14,N,5
27,45000,OWN,9,PERSONAL,A,12000,6.03,0,0.27,N,5
27,67200,RENT,0,PERSONAL,A,8000,6.03,0,0.12,N,5
27,72000,MORTGAGE,7,MEDICAL,A,6500,6.03,0,0.09,N,5
27,110000,MORTGAGE,11,HOMEIMPROVEMENT,A,3600,6.03,0,0.03,N,5
27,110000,MORTGAGE,11,HOMEIMPROVEMENT,A,3600,6.03,0,0.03,N,5
27,83000,MORTGAGE,11,EDUCATION,A,3500,6.03,0,0.04,N,5
27,54216,MORTGAGE,4,PERSONAL,A,9000,5.99,0,0.17,N,5
27,120000,MORTGAGE,10,DEBTCONSOLIDATION,A,7000,5.99,0,0.06,N,5
27,42000,RENT,6,PERSONAL,A,5950,5.99,0,0.14,N,5
27,40000,MORTGAGE,6,HOMEIMPROVEMENT,A,4200,5.99,0,0.1,N,5
27,65000,RENT,2,HOMEIMPROVEMENT,A,4000,5.99,0,0.06,N,5
27,108000,MORTGAGE,3,HOMEIMPROVEMENT,A,13750,5.79,0,0.13,N,5
27,64000,MORTGAGE,0,MEDICAL,A,8000,5.79,0,0.13,N,5
27,64000,OWN,11,VENTURE,A,5000,5.79,0,0.08,N,5
27,40000,MORTGAGE,11,DEBTCONSOLIDATION,A,4000,5.79,0,0.1,N,5
27,72000,MORTGAGE,3,DEBTCONSOLIDATION,A,15000,5.42,0,0.21,N,5
27,45600,MORTGAGE,11,EDUCATION,A,7500,5.42,0,0.16,N,5
27,42000,RENT,7,DEBTCONSOLIDATION,A,5000,5.42,0,0.12,N,5
27,36600,MORTGAGE,6,VENTURE,A,5000,5.42,0,0.14,N,5
27,62000,MORTGAGE,2,HOMEIMPROVEMENT,A,5000,5.42,0,0.08,N,5
27,185300,MORTGAGE,11,MEDICAL,D,35000,,1,0.16,Y,5
27,264000,MORTGAGE,0,MEDICAL,A,35000,,0,0.13,N,5
27,54000,MORTGAGE,1,HOMEIMPROVEMENT,B,27575,,0,0.51,N,5
27,112548,MORTGAGE,11,VENTURE,A,24000,,0,0.21,N,5
27,65000,RENT,11,VENTURE,B,20000,,1,0.31,N,5
27,125000,MORTGAGE,7,HOMEIMPROVEMENT,D,20000,,0,0.16,Y,5
27,70000,RENT,3,MEDICAL,C,20000,,0,0.29,N,5
27,150000,MORTGAGE,2,MEDICAL,A,18000,,0,0.12,N,5
27,50000,RENT,3,MEDICAL,C,16000,,1,0.32,Y,5
27,72000,MORTGAGE,11,EDUCATION,C,15000,,0,0.21,N,5
27,140000,MORTGAGE,2,EDUCATION,B,14000,,0,0.1,N,5
27,120000,RENT,4,DEBTCONSOLIDATION,A,12000,,0,0.1,N,5
27,65000,RENT,0,PERSONAL,B,12000,,0,0.18,N,5
27,45996,RENT,3,VENTURE,C,10000,,0,0.22,Y,5
27,68000,RENT,0,DEBTCONSOLIDATION,B,10000,,0,0.15,N,5
27,41400,RENT,2,DEBTCONSOLIDATION,B,9600,,0,0.23,N,5
27,75000,RENT,0,HOMEIMPROVEMENT,B,9475,,0,0.13,N,5
27,78300,MORTGAGE,11,HOMEIMPROVEMENT,B,9000,,1,0.11,N,5
27,49600,RENT,2,EDUCATION,D,8400,,1,0.17,N,5
27,49600,RENT,2,VENTURE,D,8400,,1,0.17,Y,5
27,125000,RENT,8,EDUCATION,D,7500,,0,0.06,N,5
27,20000,RENT,,MEDICAL,D,7000,,1,0.35,N,5
27,72000,MORTGAGE,11,MEDICAL,B,6150,,0,0.09,N,5
27,38000,RENT,1,MEDICAL,C,5850,,0,0.15,N,5
27,50000,OWN,5,PERSONAL,A,5275,,0,0.11,N,5
27,115000,MORTGAGE,11,VENTURE,B,5000,,0,0.04,N,5
27,62000,RENT,7,DEBTCONSOLIDATION,A,5000,,0,0.08,N,5
27,62000,RENT,7,HOMEIMPROVEMENT,A,5000,,0,0.08,N,5
27,53000,MORTGAGE,6,PERSONAL,A,5000,,0,0.09,N,5
27,30000,OWN,4,VENTURE,B,5000,,0,0.17,N,5
27,71000,RENT,9,DEBTCONSOLIDATION,B,4200,,0,0.06,N,5
27,72000,MORTGAGE,7,PERSONAL,B,4200,,0,0.06,N,5
27,35000,RENT,3,PERSONAL,A,4200,,0,0.12,N,5
27,67000,MORTGAGE,1,PERSONAL,A,4200,,0,0.06,N,5
27,70000,RENT,4,HOMEIMPROVEMENT,B,3700,,1,0.05,N,5
27,20000,RENT,4,VENTURE,C,3250,,1,0.16,N,5
27,20000,RENT,4,PERSONAL,C,3250,,1,0.16,N,5
27,54400,MORTGAGE,11,MEDICAL,D,3000,,1,0.05,Y,5
27,25800,RENT,11,EDUCATION,C,2500,,0,0.1,Y,5
27,77700,RENT,5,MEDICAL,C,2400,,0,0.03,Y,5
27,43500,MORTGAGE,0,MEDICAL,B,1200,,0,0.03,N,5
26,103872,RENT,6,DEBTCONSOLIDATION,G,24000,20.03,1,0.23,N,4
26,96000,MORTGAGE,10,HOMEIMPROVEMENT,E,24000,19.42,0,0.25,N,4
26,33600,RENT,6,MEDICAL,F,1500,19.41,0,0.04,N,4
26,69846,RENT,2,EDUCATION,F,22500,18.99,1,0.32,N,4
26,64000,MORTGAGE,6,DEBTCONSOLIDATION,E,9000,18.64,1,0.14,N,4
26,108160,RENT,4,EDUCATION,E,35000,18.39,1,0.32,N,4
26,97500,RENT,10,VENTURE,E,5000,18.39,0,0.05,N,4
26,130000,MORTGAGE,5,PERSONAL,D,35000,18.25,0,0.27,Y,4
26,49000,RENT,2,VENTURE,D,8400,18.25,1,0.17,Y,4
26,65000,MORTGAGE,9,PERSONAL,D,3000,18.25,0,0.05,Y,4
26,52000,RENT,6,MEDICAL,E,4800,17.99,1,0.09,N,4
26,88000,RENT,0,VENTURE,E,16000,17.88,1,0.18,Y,4
26,118000,RENT,1,EDUCATION,D,15000,17.58,1,0.13,N,4
26,14400,RENT,1,PERSONAL,D,2000,17.49,1,0.14,N,4
26,101000,MORTGAGE,10,VENTURE,F,25000,17.46,1,0.25,N,4
26,74999,RENT,4,HOMEIMPROVEMENT,D,16000,17.27,0,0.21,Y,4
26,35500,RENT,10,DEBTCONSOLIDATION,D,8400,17.27,1,0.24,N,4
26,42000,RENT,0,MEDICAL,F,21000,17.26,1,0.5,Y,4
26,44000,MORTGAGE,7,PERSONAL,E,10000,17.14,0,0.23,N,4
26,201450,MORTGAGE,2,MEDICAL,E,8000,16.95,1,0.03,N,4
26,45000,MORTGAGE,9,VENTURE,D,10000,16.89,0,0.22,N,4
26,34000,RENT,8,MEDICAL,D,5050,16.89,1,0.15,N,4
26,54828,MORTGAGE,10,EDUCATION,E,5000,16.82,0,0.09,N,4
26,83300,RENT,2,MEDICAL,D,16500,16.77,1,0.17,N,4
26,80952,RENT,6,EDUCATION,D,13200,16.77,0,0.16,N,4
26,96000,MORTGAGE,4,HOMEIMPROVEMENT,E,20000,16.7,0,0.21,N,4
26,47500,RENT,10,PERSONAL,E,19000,16.7,1,0.4,Y,4
26,75531,RENT,3,PERSONAL,D,15000,16.49,0,0.2,N,4
26,48000,RENT,0,PERSONAL,E,6000,16.45,1,0.13,N,4
26,74000,MORTGAGE,0,DEBTCONSOLIDATION,E,16800,16.4,1,0.23,Y,4
26,69000,RENT,6,EDUCATION,E,6400,16.4,1,0.09,Y,4
26,53000,RENT,1,PERSONAL,E,20000,16.35,1,0.38,Y,4
26,91800,MORTGAGE,10,MEDICAL,E,10000,16.32,1,0.09,Y,4
26,244800,MORTGAGE,11,MEDICAL,D,12000,16.29,1,0.04,Y,4
26,108000,RENT,5,EDUCATION,D,2000,16.29,0,0.02,N,4
26,39000,RENT,1,VENTURE,D,15000,16.07,1,0.38,Y,4
26,59000,RENT,2,VENTURE,E,18000,16,1,0.31,N,4
26,36000,RENT,7,VENTURE,E,10750,16,0,0.3,Y,4
26,40000,RENT,10,PERSONAL,D,6925,15.99,0,0.17,N,4
26,30000,RENT,3,MEDICAL,D,3600,15.99,1,0.12,N,4
26,41000,RENT,10,DEBTCONSOLIDATION,C,5600,15.96,0,0.14,N,4
26,62000,RENT,1,MEDICAL,C,5200,15.96,0,0.08,N,4
26,120000,MORTGAGE,7,HOMEIMPROVEMENT,F,25000,15.76,0,0.21,N,4
26,69000,MORTGAGE,4,VENTURE,D,16000,15.7,0,0.23,N,4
26,39672,MORTGAGE,10,PERSONAL,D,11500,15.7,0,0.29,N,4
26,51996,MORTGAGE,2,MEDICAL,E,6500,15.68,1,0.13,N,4
26,105000,OWN,10,VENTURE,D,10000,15.65,0,0.1,Y,4
26,30000,RENT,0,DEBTCONSOLIDATION,D,9000,15.65,1,0.3,Y,4
26,52000,OWN,10,EDUCATION,D,5000,15.65,0,0.1,Y,4
26,52000,OWN,10,DEBTCONSOLIDATION,D,5000,15.65,0,0.1,Y,4
26,33600,RENT,4,MEDICAL,D,3300,15.65,0,0.1,N,4
26,183700,RENT,2,PERSONAL,D,8000,15.62,1,0.04,Y,4
26,71000,MORTGAGE,10,DEBTCONSOLIDATION,D,6000,15.62,1,0.08,N,4
26,54000,MORTGAGE,8,MEDICAL,D,5000,15.62,1,0.09,Y,4
26,52800,RENT,3,DEBTCONSOLIDATION,D,4600,15.62,1,0.09,Y,4
26,29000,RENT,0,HOMEIMPROVEMENT,D,3400,15.62,1,0.12,Y,4
26,14400,RENT,2,DEBTCONSOLIDATION,D,2000,15.58,1,0.14,N,4
26,30000,RENT,1,MEDICAL,E,6000,15.45,1,0.2,N,4
26,37000,RENT,5,VENTURE,D,14500,15.33,1,0.39,N,4
26,45000,RENT,3,PERSONAL,D,8000,15.33,0,0.18,Y,4
26,127500,OWN,9,MEDICAL,D,24250,15.31,0,0.19,Y,4
26,25000,MORTGAGE,0,MEDICAL,D,6250,15.31,1,0.25,N,4
26,15000,RENT,1,EDUCATION,D,2800,15.31,1,0.19,Y,4
26,125000,MORTGAGE,3,EDUCATION,D,24000,15.28,0,0.19,Y,4
26,80004,MORTGAGE,7,PERSONAL,C,7500,15.23,1,0.09,N,4
26,75000,MORTGAGE,8,DEBTCONSOLIDATION,C,7200,15.23,0,0.1,N,4
26,56000,MORTGAGE,2,DEBTCONSOLIDATION,C,6000,15.23,0,0.11,N,4
26,57068,OWN,2,VENTURE,C,1600,15.23,0,0.03,Y,4
26,104550,MORTGAGE,5,MEDICAL,D,24000,15.21,1,0.2,Y,4
26,51500,MORTGAGE,3,HOMEIMPROVEMENT,D,9600,15.21,0,0.19,Y,4
26,51000,MORTGAGE,5,MEDICAL,D,7000,15.21,1,0.14,N,4
26,39500,MORTGAGE,6,MEDICAL,D,15250,15.05,1,0.39,N,4
26,68000,RENT,3,EDUCATION,D,10000,15.05,0,0.15,N,4
26,82000,MORTGAGE,2,PERSONAL,D,4500,15.05,0,0.05,Y,4
26,65935,RENT,1,EDUCATION,D,24250,14.96,1,0.37,N,4
26,95000,MORTGAGE,0,HOMEIMPROVEMENT,D,20000,14.96,0,0.21,N,4
26,30500,RENT,1,PERSONAL,D,8600,14.96,1,0.28,Y,4
26,37800,MORTGAGE,10,HOMEIMPROVEMENT,D,7000,14.96,1,0.19,N,4
26,150000,OWN,6,EDUCATION,D,7000,14.96,0,0.05,Y,4
26,36000,RENT,3,DEBTCONSOLIDATION,D,7000,14.96,1,0.19,Y,4
26,103000,MORTGAGE,10,EDUCATION,D,5000,14.96,0,0.05,N,4
26,24000,RENT,0,MEDICAL,D,3600,14.96,1,0.15,N,4
26,44000,RENT,0,HOMEIMPROVEMENT,D,18225,14.91,1,0.41,N,4
26,99085,MORTGAGE,10,VENTURE,D,8000,14.91,0,0.08,Y,4
26,32352,RENT,0,VENTURE,D,5000,14.84,1,0.15,N,4
26,110000,MORTGAGE,2,VENTURE,D,4500,14.84,0,0.04,N,4
26,61754,MORTGAGE,7,MEDICAL,D,10000,14.83,1,0.14,N,4
26,200000,MORTGAGE,4,MEDICAL,C,15000,14.79,0,0.07,N,4
26,88000,MORTGAGE,6,EDUCATION,C,7700,14.79,1,0.09,Y,4
26,92004,MORTGAGE,3,MEDICAL,C,24250,14.72,0,0.26,N,4
26,88900,MORTGAGE,9,MEDICAL,C,19200,14.65,0,0.22,N,4
26,53000,MORTGAGE,10,MEDICAL,C,11500,14.65,0,0.22,N,4
26,43000,RENT,4,EDUCATION,C,10000,14.65,0,0.23,N,4
26,60000,MORTGAGE,7,EDUCATION,D,15000,14.59,1,0.25,Y,4
26,28000,RENT,2,HOMEIMPROVEMENT,D,3250,14.59,1,0.12,N,4
26,52000,MORTGAGE,3,HOMEIMPROVEMENT,D,2500,14.59,0,0.05,N,4
26,24000,RENT,0,EDUCATION,D,1500,14.54,1,0.06,Y,4
26,30000,RENT,7,DEBTCONSOLIDATION,D,5000,14.42,1,0.17,N,4
26,31836,RENT,1,VENTURE,C,6400,14.35,0,0.2,N,4
26,31836,RENT,1,EDUCATION,C,6400,14.35,0,0.2,N,4
26,43200,RENT,5,EDUCATION,C,3200,14.35,0,0.07,Y,4
26,60000,MORTGAGE,3,EDUCATION,C,30000,14.27,0,0.5,N,4
26,70000,MORTGAGE,11,HOMEIMPROVEMENT,C,20000,14.27,0,0.29,Y,4
26,78200,MORTGAGE,3,MEDICAL,C,15000,14.27,1,0.16,Y,4
26,85000,MORTGAGE,0,PERSONAL,C,12000,14.27,0,0.14,N,4
26,65000,RENT,5,HOMEIMPROVEMENT,C,10000,14.27,0,0.15,N,4
26,60000,RENT,5,DEBTCONSOLIDATION,C,10000,14.27,0,0.17,N,4
26,40000,RENT,3,VENTURE,C,9600,14.27,0,0.24,N,4
26,45000,MORTGAGE,6,MEDICAL,C,6000,14.27,0,0.13,Y,4
26,26000,RENT,5,MEDICAL,C,5825,14.27,0,0.22,Y,4
26,80000,MORTGAGE,2,HOMEIMPROVEMENT,C,4200,14.27,0,0.05,N,4
26,26000,RENT,2,DEBTCONSOLIDATION,C,3825,14.27,0,0.15,N,4
26,55900,MORTGAGE,5,PERSONAL,C,18200,14.26,0,0.33,N,4
26,86000,MORTGAGE,4,VENTURE,C,16000,14.26,0,0.19,N,4
26,70000,MORTGAGE,1,MEDICAL,C,7000,14.26,0,0.1,Y,4
26,99000,MORTGAGE,9,MEDICAL,C,20000,14.22,0,0.2,N,4
26,69000,MORTGAGE,7,VENTURE,C,18000,14.22,0,0.26,Y,4
26,120640,RENT,0,EDUCATION,C,9600,14.22,0,0.08,N,4
26,36120,RENT,0,PERSONAL,C,7000,14.22,0,0.19,N,4
26,53000,RENT,11,EDUCATION,C,4200,14.22,0,0.08,N,4
26,51000,RENT,10,DEBTCONSOLIDATION,E,12500,14.18,1,0.25,N,4
26,69000,MORTGAGE,10,PERSONAL,C,5000,14.17,0,0.07,N,4
26,67150,MORTGAGE,9,MEDICAL,D,15000,14.11,1,0.19,Y,4
26,29004,RENT,1,PERSONAL,D,6000,14.11,1,0.21,N,4
26,33280,RENT,11,DEBTCONSOLIDATION,D,5000,14.11,1,0.15,N,4
26,100000,MORTGAGE,11,PERSONAL,C,15000,13.99,0,0.15,N,4
26,58000,RENT,10,EDUCATION,C,9600,13.99,0,0.17,Y,4
26,44000,RENT,5,DEBTCONSOLIDATION,C,4600,13.99,1,0.1,N,4
26,38400,MORTGAGE,,EDUCATION,C,10000,13.98,0,0.26,N,4
26,70000,MORTGAGE,4,EDUCATION,C,4000,13.98,0,0.06,Y,4
26,54000,RENT,1,HOMEIMPROVEMENT,C,1500,13.98,0,0.03,Y,4
26,68000,OWN,6,PERSONAL,C,21000,13.92,0,0.31,N,4
26,75000,MORTGAGE,10,HOMEIMPROVEMENT,C,8000,13.92,0,0.11,N,4
26,50004,OWN,2,HOMEIMPROVEMENT,D,11000,13.87,0,0.22,Y,4
26,78000,RENT,8,HOMEIMPROVEMENT,C,20000,13.85,0,0.26,Y,4
26,100000,RENT,6,VENTURE,C,14000,13.85,0,0.14,N,4
26,180000,MORTGAGE,9,VENTURE,C,9700,13.85,0,0.05,N,4
26,90000,RENT,2,DEBTCONSOLIDATION,C,9600,13.85,0,0.11,Y,4
26,43000,RENT,0,PERSONAL,C,9000,13.85,0,0.21,Y,4
26,41000,RENT,3,DEBTCONSOLIDATION,C,6600,13.85,0,0.16,Y,4
26,70000,RENT,5,PERSONAL,C,4000,13.85,0,0.06,N,4
26,51996,RENT,10,VENTURE,C,1500,13.85,0,0.03,Y,4
26,54600,RENT,4,HOMEIMPROVEMENT,C,8000,13.8,0,0.15,Y,4
26,95459,RENT,10,DEBTCONSOLIDATION,C,4400,13.8,0,0.05,N,4
26,120000,MORTGAGE,10,HOMEIMPROVEMENT,C,20000,13.79,0,0.17,Y,4
26,45900,MORTGAGE,10,PERSONAL,C,11500,13.79,0,0.25,N,4
26,20000,RENT,0,PERSONAL,C,4000,13.79,0,0.2,Y,4
26,50004,RENT,3,VENTURE,C,15000,13.72,0,0.3,Y,4
26,80000,RENT,5,DEBTCONSOLIDATION,C,25000,13.61,1,0.31,N,4
26,73000,MORTGAGE,5,MEDICAL,C,14400,13.61,0,0.2,N,4
26,60000,RENT,2,MEDICAL,C,8000,13.61,0,0.13,N,4
26,27000,RENT,0,EDUCATION,C,2500,13.61,0,0.09,N,4
26,56004,MORTGAGE,10,EDUCATION,C,20000,13.57,0,0.36,Y,4
26,103000,MORTGAGE,0,PERSONAL,C,14000,13.57,1,0.14,N,4
26,33800,RENT,4,EDUCATION,C,13000,13.57,1,0.38,N,4
26,108000,MORTGAGE,7,HOMEIMPROVEMENT,C,10000,13.57,0,0.09,N,4
26,22800,RENT,4,DEBTCONSOLIDATION,C,5000,13.57,0,0.22,N,4
26,130000,RENT,0,HOMEIMPROVEMENT,C,4550,13.57,0,0.04,Y,4
26,58000,MORTGAGE,1,MEDICAL,D,25000,13.55,1,0.43,Y,4
26,29136,RENT,0,PERSONAL,D,10100,13.55,1,0.35,Y,4
26,78000,RENT,6,DEBTCONSOLIDATION,C,18000,13.49,0,0.23,N,4
26,60000,MORTGAGE,2,MEDICAL,C,18000,13.49,0,0.3,N,4
26,100000,RENT,5,VENTURE,C,15000,13.49,0,0.15,Y,4
26,112000,RENT,1,EDUCATION,C,12000,13.49,0,0.11,Y,4
26,75000,MORTGAGE,10,PERSONAL,C,10000,13.49,0,0.13,N,4
26,86000,RENT,4,VENTURE,C,10000,13.49,0,0.12,N,4
26,71000,RENT,10,HOMEIMPROVEMENT,C,8000,13.49,0,0.11,Y,4
26,55700,RENT,2,HOMEIMPROVEMENT,C,8000,13.49,1,0.14,Y,4
26,300000,MORTGAGE,10,MEDICAL,C,7800,13.49,0,0.03,N,4
26,48000,OWN,3,VENTURE,C,3600,13.49,0,0.07,N,4
26,30000,RENT,1,DEBTCONSOLIDATION,C,3000,13.49,0,0.1,N,4
26,27200,RENT,4,DEBTCONSOLIDATION,C,2500,13.49,0,0.09,N,4
26,76000,RENT,6,HOMEIMPROVEMENT,C,8000,13.48,1,0.11,Y,4
26,55000,RENT,3,VENTURE,C,5000,13.48,0,0.09,Y,4
26,52582,RENT,3,VENTURE,C,2800,13.47,0,0.05,N,4
26,14400,RENT,2,VENTURE,C,2500,13.47,1,0.17,Y,4
26,78000,MORTGAGE,8,PERSONAL,C,12000,13.43,0,0.15,N,4
26,31131,RENT,0,MEDICAL,D,3000,13.36,1,0.1,Y,4
26,29364,RENT,4,HOMEIMPROVEMENT,C,6000,13.35,1,0.2,Y,4
26,36120,RENT,3,MEDICAL,C,2800,13.35,1,0.08,N,4
26,51000,RENT,3,DEBTCONSOLIDATION,D,3500,13.24,1,0.07,Y,4
26,51996,RENT,1,PERSONAL,C,10000,13.23,0,0.19,Y,4
26,51996,RENT,1,MEDICAL,C,10000,13.23,0,0.19,N,4
26,26400,MORTGAGE,10,DEBTCONSOLIDATION,C,8500,13.23,0,0.32,N,4
26,165000,MORTGAGE,10,EDUCATION,C,20000,13.22,0,0.12,Y,4
26,41892,RENT,8,EDUCATION,C,11300,13.22,0,0.27,N,4
26,41892,RENT,8,DEBTCONSOLIDATION,C,11300,13.22,0,0.27,Y,4
26,90000,MORTGAGE,3,PERSONAL,C,3200,13.22,0,0.04,N,4
26,90000,MORTGAGE,3,EDUCATION,C,3200,13.22,0,0.04,N,4
26,32500,MORTGAGE,8,MEDICAL,C,3000,13.22,0,0.09,N,4
26,74000,MORTGAGE,9,HOMEIMPROVEMENT,C,1200,13.22,0,0.02,Y,4
26,58000,MORTGAGE,5,MEDICAL,C,12000,13.16,0,0.21,Y,4
26,30000,MORTGAGE,0,VENTURE,C,4000,13.16,0,0.13,Y,4
26,130000,RENT,10,DEBTCONSOLIDATION,C,20000,13.11,0,0.15,Y,4
26,120000,OWN,10,PERSONAL,C,15000,13.11,0,0.13,Y,4
26,76000,RENT,6,DEBTCONSOLIDATION,C,15000,13.11,0,0.2,N,4
26,96000,MORTGAGE,3,EDUCATION,C,12000,13.11,0,0.13,N,4
26,77604,MORTGAGE,0,DEBTCONSOLIDATION,C,6800,13.06,0,0.09,Y,4
26,45000,RENT,2,PERSONAL,C,4800,13.06,0,0.11,Y,4
26,70000,RENT,4,VENTURE,C,4000,13.06,0,0.06,Y,4
26,75000,MORTGAGE,6,HOMEIMPROVEMENT,C,29700,12.99,0,0.4,Y,4
26,110000,MORTGAGE,10,HOMEIMPROVEMENT,C,23750,12.99,0,0.22,Y,4
26,210000,RENT,4,PERSONAL,C,15000,12.99,0,0.07,N,4
26,57000,MORTGAGE,6,MEDICAL,C,9000,12.99,0,0.16,Y,4
26,62000,RENT,7,PERSONAL,C,8000,12.99,0,0.13,N,4
26,39996,RENT,5,EDUCATION,C,4800,12.99,0,0.12,N,4
26,50000,OWN,8,PERSONAL,C,4200,12.99,0,0.08,Y,4
26,125000,RENT,1,MEDICAL,C,11000,12.98,0,0.09,Y,4
26,106000,MORTGAGE,10,MEDICAL,C,5000,12.98,0,0.05,N,4
26,39000,RENT,2,EDUCATION,C,2000,12.98,0,0.05,N,4
26,60000,RENT,0,HOMEIMPROVEMENT,C,12000,12.87,0,0.2,Y,4
26,47000,RENT,5,PERSONAL,C,9500,12.87,0,0.2,N,4
26,56000,RENT,6,HOMEIMPROVEMENT,C,8150,12.87,0,0.15,N,4
26,46800,MORTGAGE,0,MEDICAL,C,5000,12.87,1,0.11,N,4
26,40000,MORTGAGE,6,VENTURE,C,10750,12.84,0,0.27,Y,4
26,36225,RENT,2,VENTURE,C,5000,12.84,0,0.14,N,4
26,34200,RENT,1,MEDICAL,C,3500,12.84,0,0.1,N,4
26,55400,RENT,1,MEDICAL,C,1500,12.84,0,0.03,N,4
26,100000,RENT,5,PERSONAL,C,24000,12.73,0,0.24,N,4
26,85000,MORTGAGE,1,HOMEIMPROVEMENT,C,15000,12.73,0,0.18,Y,4
26,80000,RENT,1,PERSONAL,C,10000,12.73,0,0.13,Y,4
26,42000,RENT,8,MEDICAL,C,6000,12.73,0,0.14,N,4
26,62361,MORTGAGE,6,PERSONAL,B,21650,12.69,0,0.35,N,4
26,107496,MORTGAGE,9,DEBTCONSOLIDATION,B,20000,12.69,0,0.19,N,4
26,60000,RENT,2,MEDICAL,B,14000,12.69,0,0.23,N,4
26,36000,RENT,1,PERSONAL,B,10200,12.69,0,0.28,N,4
26,88000,RENT,10,PERSONAL,B,10000,12.69,0,0.11,N,4
26,56000,RENT,10,DEBTCONSOLIDATION,B,10000,12.69,1,0.18,N,4
26,75000,OWN,10,MEDICAL,B,9250,12.69,0,0.12,N,4
26,38000,RENT,4,MEDICAL,B,8000,12.69,0,0.21,N,4
26,34000,RENT,6,DEBTCONSOLIDATION,B,6000,12.69,0,0.18,N,4
26,47300,MORTGAGE,3,VENTURE,B,6000,12.69,0,0.13,N,4
26,105000,MORTGAGE,0,PERSONAL,B,5300,12.69,0,0.05,N,4
26,33000,RENT,2,MEDICAL,B,5000,12.69,0,0.15,N,4
26,33000,RENT,6,EDUCATION,B,4800,12.69,0,0.15,N,4
26,15000,RENT,0,DEBTCONSOLIDATION,B,4375,12.69,1,0.29,N,4
26,54000,MORTGAGE,10,HOMEIMPROVEMENT,B,3600,12.69,1,0.07,N,4
26,33192,MORTGAGE,,PERSONAL,B,3000,12.69,1,0.09,N,4
26,60000,RENT,4,EDUCATION,C,9000,12.68,0,0.15,N,4
26,30000,RENT,3,EDUCATION,C,8000,12.61,0,0.27,Y,4
26,84000,RENT,0,HOMEIMPROVEMENT,C,8000,12.61,1,0.1,N,4
26,42500,RENT,2,EDUCATION,C,3500,12.61,0,0.08,Y,4
26,62100,MORTGAGE,8,PERSONAL,C,1600,12.61,0,0.03,N,4
26,135660,RENT,10,DEBTCONSOLIDATION,B,25000,12.53,0,0.18,N,4
26,140000,MORTGAGE,10,VENTURE,B,24250,12.53,0,0.17,N,4
26,112000,MORTGAGE,5,DEBTCONSOLIDATION,B,20000,12.53,1,0.18,N,4
26,174000,RENT,8,DEBTCONSOLIDATION,B,12000,12.53,0,0.07,N,4
26,113050,MORTGAGE,4,MEDICAL,B,9000,12.53,1,0.07,N,4
26,79560,MORTGAGE,10,DEBTCONSOLIDATION,B,8000,12.53,0,0.1,N,4
26,38000,RENT,6,VENTURE,B,7800,12.53,0,0.21,N,4
26,45000,MORTGAGE,0,MEDICAL,C,7750,12.53,0,0.17,Y,4
26,45000,MORTGAGE,0,DEBTCONSOLIDATION,C,7750,12.53,0,0.17,N,4
26,55000,MORTGAGE,8,VENTURE,B,7000,12.53,0,0.13,N,4
26,70000,MORTGAGE,3,PERSONAL,C,5400,12.53,0,0.08,N,4
26,47000,RENT,5,PERSONAL,B,16250,12.42,1,0.35,N,4
26,156000,RENT,2,DEBTCONSOLIDATION,B,15000,12.42,0,0.1,N,4
26,68000,RENT,4,EDUCATION,B,10700,12.42,0,0.16,N,4
26,70000,OWN,10,PERSONAL,B,10000,12.42,0,0.14,N,4
26,85000,RENT,10,EDUCATION,B,7000,12.42,0,0.08,N,4
26,51000,RENT,10,MEDICAL,B,5000,12.42,1,0.1,N,4
26,24000,RENT,10,MEDICAL,B,4500,12.42,0,0.19,N,4
26,36000,MORTGAGE,8,HOMEIMPROVEMENT,C,6000,12.29,0,0.17,Y,4
26,160000,RENT,6,PERSONAL,C,25000,12.23,0,0.16,Y,4
26,62500,RENT,7,VENTURE,C,12000,12.23,0,0.19,N,4
26,62500,RENT,7,MEDICAL,C,12000,12.23,0,0.19,Y,4
26,16428,RENT,0,PERSONAL,C,2400,12.23,0,0.15,N,4
26,84996,MORTGAGE,6,EDUCATION,C,1500,12.23,0,0.02,N,4
26,60996,RENT,6,HOMEIMPROVEMENT,C,3000,12.22,0,0.05,Y,4
26,60996,MORTGAGE,2,PERSONAL,B,12000,12.21,0,0.2,N,4
26,60996,MORTGAGE,2,DEBTCONSOLIDATION,B,12000,12.21,0,0.2,N,4
26,60000,MORTGAGE,9,PERSONAL,B,10000,12.21,1,0.17,N,4
26,35000,MORTGAGE,1,PERSONAL,B,6000,12.21,0,0.17,N,4
26,125000,RENT,10,MEDICAL,B,3000,12.21,0,0.02,N,4
26,54578,OWN,10,HOMEIMPROVEMENT,B,24250,12.18,0,0.44,N,4
26,68000,OWN,8,PERSONAL,B,24250,12.18,0,0.36,N,4
26,54996,RENT,8,EDUCATION,B,20000,12.18,1,0.36,N,4
26,190000,MORTGAGE,3,VENTURE,B,20000,12.18,0,0.11,N,4
26,20004,RENT,2,DEBTCONSOLIDATION,B,4000,12.18,0,0.2,N,4
26,38340,MORTGAGE,7,PERSONAL,B,2500,12.18,1,0.07,N,4
26,64000,MORTGAGE,9,DEBTCONSOLIDATION,D,8000,12.17,1,0.13,N,4
26,63000,MORTGAGE,3,HOMEIMPROVEMENT,C,3800,12.04,0,0.06,Y,4
26,85000,MORTGAGE,10,HOMEIMPROVEMENT,B,11000,11.99,0,0.13,N,4
26,77004,MORTGAGE,0,MEDICAL,B,6000,11.99,0,0.08,N,4
26,64800,MORTGAGE,5,MEDICAL,B,2000,11.99,0,0.03,N,4
26,36996,RENT,8,PERSONAL,C,9600,11.97,0,0.26,Y,4
26,64000,RENT,0,EDUCATION,C,9600,11.97,1,0.15,N,4
26,54000,RENT,2,PERSONAL,C,6600,11.97,0,0.12,Y,4
26,25500,MORTGAGE,8,HOMEIMPROVEMENT,C,5600,11.91,0,0.22,N,4
26,42000,RENT,2,VENTURE,C,5000,11.91,0,0.12,Y,4
26,80004,RENT,8,EDUCATION,B,15000,11.89,0,0.19,N,4
26,28000,RENT,6,EDUCATION,B,5100,11.89,0,0.18,N,4
26,65000,MORTGAGE,4,EDUCATION,B,5000,11.89,0,0.08,N,4
26,52703,MORTGAGE,5,MEDICAL,B,4000,11.89,1,0.06,N,4
26,46000,RENT,2,DEBTCONSOLIDATION,D,25000,11.86,1,0.54,N,4
26,45000,RENT,4,PERSONAL,B,10000,11.86,1,0.22,N,4
26,40000,OWN,0,HOMEIMPROVEMENT,B,10000,11.86,0,0.25,N,4
26,65000,RENT,3,MEDICAL,B,9000,11.86,0,0.14,N,4
26,22440,OWN,10,VENTURE,B,4750,11.86,0,0.21,N,4
26,40044,RENT,1,VENTURE,B,1400,11.86,0,0.03,N,4
26,150000,OWN,10,VENTURE,B,24000,11.83,0,0.16,N,4
26,210000,OWN,10,PERSONAL,B,22000,11.83,0,0.1,N,4
26,116004,RENT,6,VENTURE,B,18000,11.83,0,0.16,N,4
26,154000,MORTGAGE,5,MEDICAL,B,12400,11.83,0,0.08,N,4
26,59000,RENT,2,PERSONAL,B,8500,11.83,0,0.14,N,4
26,59000,RENT,2,PERSONAL,B,8500,11.83,0,0.14,N,4
26,47000,RENT,2,VENTURE,B,8400,11.83,0,0.18,N,4
26,88900,OWN,2,MEDICAL,B,5000,11.83,0,0.06,N,4
26,88900,OWN,2,PERSONAL,B,5000,11.83,0,0.06,N,4
26,30000,RENT,1,PERSONAL,B,4000,11.83,1,0.13,N,4
26,24000,OWN,0,MEDICAL,B,2500,11.83,0,0.1,N,4
26,40000,MORTGAGE,3,VENTURE,B,1750,11.83,0,0.04,N,4
26,45760,RENT,8,DEBTCONSOLIDATION,C,11500,11.78,0,0.25,N,4
26,200100,MORTGAGE,10,PERSONAL,B,30000,11.71,0,0.15,N,4
26,92500,RENT,3,DEBTCONSOLIDATION,B,12000,11.71,0,0.13,N,4
26,173467,MORTGAGE,10,VENTURE,B,10000,11.71,0,0.06,N,4
26,29406,RENT,5,HOMEIMPROVEMENT,B,10000,11.71,1,0.34,N,4
26,62100,MORTGAGE,2,EDUCATION,B,9600,11.71,0,0.15,N,4
26,25000,RENT,1,MEDICAL,B,8000,11.71,1,0.32,N,4
26,105000,OWN,10,HOMEIMPROVEMENT,B,4800,11.71,0,0.05,N,4
26,69600,MORTGAGE,3,VENTURE,C,5000,11.66,0,0.07,N,4
26,66000,RENT,3,HOMEIMPROVEMENT,B,25000,11.58,1,0.38,N,4
26,30000,OWN,4,VENTURE,B,5000,11.58,0,0.17,N,4
26,226000,MORTGAGE,4,HOMEIMPROVEMENT,B,20000,11.49,0,0.09,N,4
26,132750,MORTGAGE,8,HOMEIMPROVEMENT,B,12000,11.49,0,0.09,N,4
26,59000,MORTGAGE,,EDUCATION,B,9800,11.49,1,0.17,N,4
26,78420,MORTGAGE,2,HOMEIMPROVEMENT,B,8000,11.49,0,0.1,N,4
26,34800,MORTGAGE,4,MEDICAL,B,5975,11.49,0,0.17,N,4
26,66800,MORTGAGE,0,PERSONAL,B,2500,11.49,0,0.04,N,4
26,50000,OWN,11,HOMEIMPROVEMENT,B,1800,11.49,0,0.04,N,4
26,35652,RENT,5,DEBTCONSOLIDATION,B,1400,11.49,1,0.04,N,4
26,75000,MORTGAGE,4,DEBTCONSOLIDATION,B,21000,11.48,0,0.28,N,4
26,116000,RENT,10,MEDICAL,B,19800,11.48,0,0.17,N,4
26,48701,RENT,3,MEDICAL,B,8000,11.48,0,0.16,N,4
26,63000,MORTGAGE,6,HOMEIMPROVEMENT,B,24000,11.46,0,0.38,N,4
26,102000,MORTGAGE,3,DEBTCONSOLIDATION,B,20000,11.36,0,0.2,N,4
26,102000,MORTGAGE,3,EDUCATION,B,20000,11.36,0,0.2,N,4
26,168000,RENT,1,VENTURE,B,20000,11.36,0,0.12,N,4
26,140000,RENT,2,DEBTCONSOLIDATION,B,6000,11.36,0,0.04,N,4
26,65000,MORTGAGE,,EDUCATION,B,6000,11.36,0,0.09,N,4
26,90000,RENT,0,EDUCATION,B,5525,11.36,0,0.06,N,4
26,90000,RENT,0,PERSONAL,B,5525,11.36,0,0.06,N,4
26,135000,RENT,10,MEDICAL,B,5000,11.36,0,0.04,N,4
26,42000,MORTGAGE,4,MEDICAL,B,15000,11.26,0,0.36,N,4
26,70000,MORTGAGE,6,HOMEIMPROVEMENT,B,12000,11.26,0,0.17,N,4
26,29000,MORTGAGE,1,HOMEIMPROVEMENT,B,11200,11.14,1,0.39,N,4
26,42000,RENT,0,MEDICAL,B,8500,11.14,0,0.2,N,4
26,56000,MORTGAGE,0,HOMEIMPROVEMENT,B,8000,11.14,0,0.14,N,4
26,86000,MORTGAGE,11,DEBTCONSOLIDATION,B,9250,11.12,0,0.11,N,4
26,185000,MORTGAGE,10,HOMEIMPROVEMENT,B,6000,11.12,0,0.03,N,4
26,42000,RENT,0,VENTURE,B,6000,11.12,0,0.14,N,4
26,96000,MORTGAGE,6,MEDICAL,B,20000,11.11,0,0.21,N,4
26,93000,RENT,10,DEBTCONSOLIDATION,B,16000,11.11,0,0.17,N,4
26,75000,RENT,4,EDUCATION,B,14000,11.11,0,0.19,N,4
26,27000,RENT,0,VENTURE,B,8000,11.11,0,0.3,N,4
26,35000,OWN,,PERSONAL,B,7200,11.11,0,0.21,N,4
26,35000,OWN,1,VENTURE,B,5600,11.11,0,0.16,N,4
26,48000,RENT,10,DEBTCONSOLIDATION,B,4500,11.11,0,0.09,N,4
26,24000,RENT,1,HOMEIMPROVEMENT,B,3625,11.11,1,0.15,N,4
26,90000,MORTGAGE,2,EDUCATION,C,25000,11.09,0,0.28,N,4
26,180000,OWN,2,PERSONAL,B,25000,10.99,0,0.14,N,4
26,155000,RENT,7,DEBTCONSOLIDATION,B,24000,10.99,0,0.15,N,4
26,100000,MORTGAGE,5,EDUCATION,B,24000,10.99,0,0.24,N,4
26,100000,MORTGAGE,5,DEBTCONSOLIDATION,B,24000,10.99,0,0.24,N,4
26,59700,MORTGAGE,5,VENTURE,B,15000,10.99,0,0.25,N,4
26,53400,OWN,3,EDUCATION,B,13600,10.99,0,0.25,N,4
26,65000,MORTGAGE,3,HOMEIMPROVEMENT,B,12000,10.99,0,0.18,N,4
26,64500,RENT,1,DEBTCONSOLIDATION,B,12000,10.99,0,0.19,N,4
26,57000,RENT,0,MEDICAL,B,12000,10.99,0,0.21,N,4
26,132000,MORTGAGE,10,MEDICAL,B,11200,10.99,0,0.08,N,4
26,50000,MORTGAGE,6,DEBTCONSOLIDATION,B,10800,10.99,0,0.22,N,4
26,96000,MORTGAGE,1,HOMEIMPROVEMENT,B,10000,10.99,0,0.1,N,4
26,37000,MORTGAGE,7,EDUCATION,B,8400,10.99,0,0.23,N,4
26,26000,MORTGAGE,7,HOMEIMPROVEMENT,B,7000,10.99,0,0.27,N,4
26,35000,RENT,5,VENTURE,B,7000,10.99,0,0.2,N,4
26,71046,MORTGAGE,10,DEBTCONSOLIDATION,B,6500,10.99,0,0.09,N,4
26,45600,RENT,2,MEDICAL,B,6500,10.99,0,0.14,N,4
26,105000,MORTGAGE,2,DEBTCONSOLIDATION,B,6000,10.99,0,0.06,N,4
26,24000,MORTGAGE,1,HOMEIMPROVEMENT,B,6000,10.99,0,0.25,N,4
26,66948,OWN,11,PERSONAL,B,20000,10.95,0,0.3,N,4
26,41784,RENT,0,EDUCATION,B,11500,10.95,0,0.28,N,4
26,50000,RENT,0,MEDICAL,B,10000,10.95,0,0.2,N,4
26,81204,MORTGAGE,1,EDUCATION,B,9100,10.95,0,0.11,N,4
26,52704,MORTGAGE,8,HOMEIMPROVEMENT,B,3000,10.95,1,0.06,N,4
26,68000,RENT,10,EDUCATION,B,20000,10.75,0,0.29,N,4
26,109000,MORTGAGE,8,MEDICAL,B,20000,10.75,0,0.18,N,4
26,60000,MORTGAGE,3,EDUCATION,B,20000,10.74,0,0.33,N,4
26,110000,MORTGAGE,2,HOMEIMPROVEMENT,B,12000,10.74,0,0.11,N,4
26,117000,OWN,10,VENTURE,B,7200,10.74,0,0.06,N,4
26,72000,RENT,2,VENTURE,B,3600,10.74,0,0.05,N,4
26,42000,RENT,3,PERSONAL,B,3500,10.74,0,0.08,N,4
26,30000,RENT,2,MEDICAL,B,7000,10.71,0,0.23,N,4
26,36800,RENT,0,MEDICAL,B,5900,10.71,0,0.16,N,4
26,24000,RENT,0,VENTURE,B,3500,10.71,0,0.15,N,4
26,156000,MORTGAGE,2,HOMEIMPROVEMENT,B,35000,10.65,0,0.22,N,4
26,72000,MORTGAGE,10,MEDICAL,B,17000,10.65,0,0.24,N,4
26,95000,RENT,0,DEBTCONSOLIDATION,B,12000,10.65,0,0.13,N,4
26,105000,MORTGAGE,2,HOMEIMPROVEMENT,B,7200,10.65,0,0.07,N,4
26,55000,RENT,5,PERSONAL,B,6325,10.65,0,0.12,N,4
26,43680,RENT,5,MEDICAL,B,5000,10.65,0,0.11,N,4
26,22000,MORTGAGE,3,DEBTCONSOLIDATION,B,3825,10.65,0,0.17,N,4
26,80000,MORTGAGE,10,PERSONAL,B,25000,10.62,0,0.31,N,4
26,87000,MORTGAGE,0,PERSONAL,B,15000,10.62,0,0.17,N,4
26,60000,RENT,1,PERSONAL,B,12000,10.62,0,0.2,N,4
26,50400,OWN,0,VENTURE,B,6725,10.62,0,0.13,N,4
26,40000,MORTGAGE,5,MEDICAL,B,6000,10.62,0,0.15,N,4
26,72000,MORTGAGE,7,MEDICAL,B,16000,10.59,0,0.22,N,4
26,36000,MORTGAGE,3,EDUCATION,B,11000,10.59,1,0.31,N,4
26,48000,MORTGAGE,9,PERSONAL,B,8000,10.59,0,0.17,N,4
26,75000,OWN,10,VENTURE,B,7000,10.59,0,0.09,N,4
26,21600,RENT,3,MEDICAL,B,6000,10.59,0,0.28,N,4
26,88200,MORTGAGE,9,HOMEIMPROVEMENT,B,3000,10.59,0,0.03,N,4
26,45000,RENT,,DEBTCONSOLIDATION,B,1400,10.59,0,0.03,N,4
26,53307,RENT,5,VENTURE,B,15000,10.39,0,0.28,N,4
26,62000,MORTGAGE,4,MEDICAL,B,20000,10.38,0,0.32,N,4
26,72996,MORTGAGE,1,EDUCATION,B,15000,10.38,0,0.21,N,4
26,300000,OWN,9,HOMEIMPROVEMENT,B,10000,10.38,0,0.03,N,4
26,108000,MORTGAGE,3,VENTURE,B,9000,10.38,0,0.08,N,4
26,30000,OWN,0,PERSONAL,B,5000,10.38,0,0.17,N,4
26,42000,RENT,4,DEBTCONSOLIDATION,B,2250,10.38,0,0.05,N,4
26,170000,MORTGAGE,0,VENTURE,B,20000,10.37,0,0.12,N,4
26,92795,MORTGAGE,10,MEDICAL,B,19000,10.37,0,0.2,N,4
26,95000,MORTGAGE,1,VENTURE,B,15000,10.37,0,0.16,N,4
26,81380,RENT,9,MEDICAL,B,14400,10.37,0,0.18,N,4
26,75000,RENT,4,VENTURE,B,12000,10.37,0,0.16,N,4
26,59500,MORTGAGE,8,PERSONAL,B,5100,10.37,0,0.09,N,4
26,36000,RENT,4,VENTURE,B,5000,10.37,0,0.14,N,4
26,47000,RENT,1,DEBTCONSOLIDATION,B,6000,10.33,0,0.13,N,4
26,87300,MORTGAGE,0,VENTURE,C,6000,10.28,0,0.07,Y,4
26,58000,RENT,0,HOMEIMPROVEMENT,B,20000,10.25,1,0.34,N,4
26,93000,RENT,7,HOMEIMPROVEMENT,B,9800,10.25,0,0.11,N,4
26,52000,RENT,3,EDUCATION,B,8000,10.25,0,0.15,N,4
26,61000,MORTGAGE,3,PERSONAL,B,7500,10.25,0,0.12,N,4
26,42000,RENT,0,DEBTCONSOLIDATION,B,7500,10.25,0,0.18,N,4
26,45000,RENT,3,MEDICAL,B,1500,10.25,0,0.03,N,4
26,84000,RENT,4,DEBTCONSOLIDATION,B,15000,10.14,0,0.18,N,4
26,30000,RENT,2,VENTURE,B,1200,10.14,0,0.04,N,4
26,60000,RENT,3,HOMEIMPROVEMENT,B,20000,10.08,1,0.33,N,4
26,74000,MORTGAGE,4,EDUCATION,B,7500,10.08,1,0.1,N,4
26,75000,RENT,2,PERSONAL,B,9600,10,0,0.13,N,4
26,47000,RENT,0,PERSONAL,B,8000,10,0,0.17,N,4
26,67000,RENT,2,VENTURE,B,7600,10,0,0.11,N,4
26,30000,RENT,3,PERSONAL,B,5400,10,0,0.18,N,4
26,53004,MORTGAGE,3,DEBTCONSOLIDATION,B,5000,10,0,0.09,N,4
26,150000,MORTGAGE,3,DEBTCONSOLIDATION,B,25000,9.99,0,0.17,N,4
26,150000,MORTGAGE,3,VENTURE,B,25000,9.99,0,0.17,N,4
26,55000,RENT,2,EDUCATION,B,14000,9.99,0,0.25,N,4
26,15000,RENT,2,MEDICAL,B,7100,9.99,1,0.47,N,4
26,46000,MORTGAGE,8,DEBTCONSOLIDATION,B,7000,9.99,1,0.15,N,4
26,25596,RENT,0,MEDICAL,B,6500,9.99,0,0.25,N,4
26,27031,RENT,2,VENTURE,B,6000,9.99,0,0.22,N,4
26,21600,RENT,0,DEBTCONSOLIDATION,B,5000,9.99,0,0.23,N,4
26,74000,MORTGAGE,10,VENTURE,B,4475,9.99,0,0.06,N,4
26,9840,RENT,5,VENTURE,B,1750,9.99,1,0.18,N,4
26,78000,MORTGAGE,10,EDUCATION,B,14000,9.91,1,0.18,N,4
26,156000,MORTGAGE,5,PERSONAL,B,7000,9.91,0,0.04,N,4
26,53000,RENT,4,EDUCATION,B,6800,9.91,0,0.13,N,4
26,30000,RENT,3,PERSONAL,B,4200,9.91,0,0.14,N,4
26,18144,RENT,2,PERSONAL,B,2675,9.91,0,0.15,N,4
26,46000,RENT,0,DEBTCONSOLIDATION,B,2400,9.91,0,0.05,N,4
26,14400,RENT,,MEDICAL,B,2350,9.91,1,0.16,N,4
26,51600,OWN,10,EDUCATION,B,15000,9.88,0,0.29,N,4
26,66000,MORTGAGE,5,MEDICAL,B,15000,9.88,0,0.23,N,4
26,37000,RENT,0,PERSONAL,B,14000,9.88,1,0.38,N,4
26,52000,MORTGAGE,2,HOMEIMPROVEMENT,B,10000,9.88,0,0.19,N,4
26,120000,RENT,10,DEBTCONSOLIDATION,B,6000,9.88,0,0.05,N,4
26,70000,MORTGAGE,10,EDUCATION,B,5000,9.88,0,0.07,N,4
26,50000,RENT,8,PERSONAL,B,3000,9.88,0,0.06,N,4
26,43200,MORTGAGE,10,HOMEIMPROVEMENT,B,2500,9.88,0,0.06,N,4
26,64000,RENT,8,EDUCATION,B,7500,9.83,0,0.12,N,4
26,62400,RENT,0,PERSONAL,B,5500,9.76,0,0.09,N,4
26,46000,RENT,2,MEDICAL,B,6400,9.67,0,0.14,N,4
26,48000,RENT,2,EDUCATION,B,25000,9.64,1,0.52,N,4
26,40000,OWN,0,MEDICAL,B,15000,9.64,0,0.38,N,4
26,40000,OWN,0,EDUCATION,B,15000,9.64,0,0.38,N,4
26,180000,MORTGAGE,2,VENTURE,B,12000,9.63,0,0.07,N,4
26,48000,RENT,2,EDUCATION,A,10700,9.63,0,0.22,N,4
26,78000,MORTGAGE,10,EDUCATION,A,10000,9.63,1,0.13,N,4
26,22000,RENT,10,VENTURE,B,10000,9.63,1,0.45,N,4
26,40000,RENT,2,EDUCATION,A,10000,9.63,0,0.25,N,4
26,76668,RENT,10,DEBTCONSOLIDATION,A,7200,9.63,0,0.09,N,4
26,150000,RENT,3,MEDICAL,B,7000,9.63,0,0.05,N,4
26,56700,MORTGAGE,3,DEBTCONSOLIDATION,A,6000,9.63,0,0.11,N,4
26,150000,MORTGAGE,0,DEBTCONSOLIDATION,A,6000,9.63,0,0.04,N,4
26,64992,MORTGAGE,1,DEBTCONSOLIDATION,A,4000,9.63,0,0.06,N,4
26,29040,RENT,2,EDUCATION,B,15000,9.62,1,0.52,N,4
26,43000,RENT,7,MEDICAL,B,14400,9.62,1,0.33,N,4
26,29760,RENT,6,MEDICAL,B,7750,9.62,0,0.26,N,4
26,93492,RENT,0,DEBTCONSOLIDATION,B,20000,9.45,0,0.21,N,4
26,41400,RENT,5,DEBTCONSOLIDATION,B,7300,9.45,0,0.18,N,4
26,29400,MORTGAGE,4,MEDICAL,A,12000,9.32,1,0.41,N,4
26,72000,MORTGAGE,10,EDUCATION,A,4000,9.32,0,0.06,N,4
26,225000,RENT,1,EDUCATION,A,3000,9.32,0,0.01,N,4
26,67500,RENT,1,HOMEIMPROVEMENT,A,3000,9.32,0,0.04,N,4
26,24856,RENT,0,DEBTCONSOLIDATION,A,3000,9.32,0,0.12,N,4
26,238000,MORTGAGE,2,EDUCATION,B,25000,9.25,1,0.11,N,4
26,27880,RENT,1,MEDICAL,B,4800,9.25,0,0.17,N,4
26,70000,MORTGAGE,3,MEDICAL,B,3200,9.25,0,0.05,N,4
26,14400,RENT,1,PERSONAL,B,1500,9.25,0,0.1,N,4
26,125000,MORTGAGE,6,HOMEIMPROVEMENT,A,16000,8.94,0,0.13,N,4
26,105000,MORTGAGE,0,MEDICAL,A,15000,8.94,0,0.14,N,4
26,78513,RENT,1,MEDICAL,A,10000,8.94,0,0.13,N,4
26,48000,RENT,1,EDUCATION,A,10000,8.94,0,0.21,N,4
26,28000,RENT,4,MEDICAL,A,9500,8.94,1,0.34,N,4
26,54000,MORTGAGE,10,DEBTCONSOLIDATION,A,9000,8.94,0,0.17,N,4
26,36000,MORTGAGE,0,DEBTCONSOLIDATION,A,6350,8.94,0,0.18,N,4
26,60000,MORTGAGE,10,DEBTCONSOLIDATION,A,6000,8.94,0,0.1,N,4
26,75000,RENT,0,HOMEIMPROVEMENT,A,3600,8.94,0,0.05,N,4
26,95000,OWN,0,MEDICAL,A,1000,8.94,0,0.01,N,4
26,38400,RENT,0,EDUCATION,A,12000,8.9,1,0.31,N,4
26,55000,MORTGAGE,6,EDUCATION,A,11500,8.9,0,0.21,N,4
26,67000,MORTGAGE,4,MEDICAL,A,10400,8.9,0,0.16,N,4
26,85000,MORTGAGE,1,PERSONAL,A,7200,8.9,0,0.08,N,4
26,45000,RENT,5,DEBTCONSOLIDATION,A,7000,8.9,0,0.16,N,4
26,75000,RENT,0,DEBTCONSOLIDATION,A,7000,8.9,0,0.09,N,4
26,75000,MORTGAGE,7,DEBTCONSOLIDATION,A,6500,8.9,0,0.09,N,4
26,52000,MORTGAGE,2,EDUCATION,A,6000,8.9,0,0.12,N,4
26,52000,MORTGAGE,2,VENTURE,A,6000,8.9,0,0.12,N,4
26,36000,RENT,,MEDICAL,A,5400,8.9,0,0.15,N,4
26,36400,RENT,3,MEDICAL,A,5000,8.9,0,0.14,N,4
26,175000,MORTGAGE,3,VENTURE,A,2600,8.9,0,0.01,N,4
26,110000,OWN,8,EDUCATION,B,17000,8.88,0,0.15,N,4
26,54000,MORTGAGE,5,EDUCATION,B,10000,8.88,0,0.19,N,4
26,88500,MORTGAGE,10,EDUCATION,A,10000,8.59,0,0.11,N,4
26,53000,RENT,5,DEBTCONSOLIDATION,A,10000,8.59,0,0.19,N,4
26,35000,RENT,0,MEDICAL,A,6600,8.59,0,0.19,N,4
26,48000,RENT,0,EDUCATION,A,6000,8.59,0,0.13,N,4
26,56000,RENT,4,MEDICAL,A,5600,8.59,0,0.1,N,4
26,50000,OWN,7,MEDICAL,A,12000,8.49,0,0.24,N,4
26,95000,RENT,0,VENTURE,A,12000,8.49,0,0.13,N,4
26,80000,RENT,2,EDUCATION,A,10000,8.49,0,0.13,N,4
26,29000,MORTGAGE,10,HOMEIMPROVEMENT,A,7200,8.49,0,0.25,N,4
26,70000,RENT,3,PERSONAL,A,6000,8.49,0,0.09,N,4
26,105000,MORTGAGE,11,MEDICAL,A,5000,8.49,0,0.05,N,4
26,48000,MORTGAGE,2,EDUCATION,A,5000,8.49,0,0.1,N,4
26,46000,RENT,10,DEBTCONSOLIDATION,A,2500,8.49,0,0.05,N,4
26,67900,MORTGAGE,2,DEBTCONSOLIDATION,A,2400,8.49,0,0.04,N,4
26,173000,MORTGAGE,0,PERSONAL,A,10000,8.07,0,0.06,N,4
26,180000,OWN,0,HOMEIMPROVEMENT,A,10000,8,0,0.06,N,4
26,51840,RENT,9,EDUCATION,A,9000,8,0,0.17,N,4
26,22480,RENT,0,HOMEIMPROVEMENT,A,7000,8,1,0.31,N,4
26,80004,MORTGAGE,0,HOMEIMPROVEMENT,A,6000,8,0,0.07,N,4
26,56000,RENT,1,PERSONAL,A,5100,8,0,0.09,N,4
26,30000,MORTGAGE,0,VENTURE,A,3500,8,0,0.12,N,4
26,40000,MORTGAGE,3,VENTURE,A,3250,8,0,0.08,N,4
26,80000,MORTGAGE,5,VENTURE,A,3000,8,0,0.04,N,4
26,97000,RENT,2,DEBTCONSOLIDATION,A,7000,7.91,0,0.07,N,4
26,161000,RENT,10,VENTURE,A,30000,7.9,0,0.19,N,4
26,60000,RENT,0,PERSONAL,A,24000,7.9,1,0.4,N,4
26,31000,MORTGAGE,9,HOMEIMPROVEMENT,A,15000,7.9,1,0.48,N,4
26,47000,RENT,7,MEDICAL,A,15000,7.9,1,0.32,N,4
26,57000,RENT,2,VENTURE,A,10000,7.9,0,0.18,N,4
26,50000,OWN,10,VENTURE,A,9825,7.9,0,0.2,N,4
26,70000,RENT,10,HOMEIMPROVEMENT,A,8000,7.9,0,0.11,N,4
26,34000,RENT,5,VENTURE,A,7500,7.9,0,0.22,N,4
26,45928,RENT,5,HOMEIMPROVEMENT,A,6000,7.9,1,0.13,N,4
26,81360,MORTGAGE,4,HOMEIMPROVEMENT,A,6000,7.9,0,0.07,N,4
26,76486,MORTGAGE,4,HOMEIMPROVEMENT,A,6000,7.9,0,0.08,N,4
26,83004,RENT,7,EDUCATION,A,5450,7.9,0,0.07,N,4
26,109200,MORTGAGE,10,PERSONAL,A,2300,7.9,0,0.02,N,4
26,41000,RENT,1,MEDICAL,A,1300,7.9,0,0.03,N,4
26,300000,MORTGAGE,10,VENTURE,A,20000,7.88,0,0.07,N,4
26,28000,OWN,,EDUCATION,A,16750,7.88,0,0.6,N,4
26,85000,MORTGAGE,8,MEDICAL,A,15000,7.88,0,0.18,N,4
26,92400,MORTGAGE,8,MEDICAL,A,14500,7.88,0,0.16,N,4
26,54996,RENT,2,PERSONAL,A,12000,7.88,0,0.22,N,4
26,66384,MORTGAGE,3,VENTURE,A,10000,7.88,0,0.15,N,4
26,68500,MORTGAGE,7,MEDICAL,A,9000,7.88,0,0.13,N,4
26,37086,RENT,7,DEBTCONSOLIDATION,A,7300,7.88,0,0.2,N,4
26,70000,MORTGAGE,0,EDUCATION,A,7000,7.88,0,0.1,N,4
26,50500,RENT,0,HOMEIMPROVEMENT,A,4050,7.88,0,0.08,N,4
26,103000,RENT,4,PERSONAL,A,3000,7.88,0,0.03,N,4
26,36000,RENT,3,EDUCATION,A,3000,7.88,0,0.08,N,4
26,21000,RENT,0,VENTURE,A,4800,7.75,0,0.23,N,4
26,72000,OWN,10,MEDICAL,A,10000,7.74,0,0.14,N,4
26,119000,MORTGAGE,3,DEBTCONSOLIDATION,A,9000,7.74,0,0.08,N,4
26,35000,OWN,1,VENTURE,A,4175,7.74,0,0.12,N,4
26,20000,MORTGAGE,1,DEBTCONSOLIDATION,A,1500,7.74,0,0.07,N,4
26,29000,RENT,2,MEDICAL,A,1000,7.74,0,0.03,N,4
26,34515,MORTGAGE,11,DEBTCONSOLIDATION,A,5400,7.68,0,0.16,N,4
26,35880,RENT,2,VENTURE,A,5000,7.68,0,0.14,N,4
26,63000,MORTGAGE,10,MEDICAL,A,3500,7.68,0,0.06,N,4
26,63000,MORTGAGE,10,HOMEIMPROVEMENT,A,3500,7.68,0,0.06,N,4
26,65000,RENT,5,HOMEIMPROVEMENT,A,15000,7.66,0,0.23,N,4
26,69063,MORTGAGE,,HOMEIMPROVEMENT,A,6625,7.66,0,0.1,N,4
26,121000,RENT,2,EDUCATION,A,2500,7.66,0,0.02,N,4
26,96500,MORTGAGE,4,VENTURE,A,18000,7.51,0,0.19,N,4
26,93000,MORTGAGE,8,MEDICAL,A,17500,7.51,0,0.19,N,4
26,50000,MORTGAGE,4,VENTURE,A,17200,7.51,0,0.34,N,4
26,32400,RENT,10,EDUCATION,A,14000,7.51,1,0.43,N,4
26,51700,OWN,2,HOMEIMPROVEMENT,A,13200,7.51,0,0.26,N,4
26,69000,RENT,11,HOMEIMPROVEMENT,A,10800,7.51,1,0.16,N,4
26,65520,RENT,3,DEBTCONSOLIDATION,A,10000,7.51,0,0.15,N,4
26,22884,RENT,2,MEDICAL,A,7000,7.51,1,0.31,N,4
26,95000,MORTGAGE,10,PERSONAL,A,6600,7.51,0,0.07,N,4
26,12000,OWN,2,HOMEIMPROVEMENT,A,6100,7.51,1,0.51,N,4
26,35000,MORTGAGE,10,VENTURE,A,6000,7.51,0,0.17,N,4
26,59000,MORTGAGE,9,PERSONAL,A,6000,7.51,0,0.1,N,4
26,117000,MORTGAGE,8,HOMEIMPROVEMENT,A,6000,7.51,0,0.05,N,4
26,36000,MORTGAGE,3,HOMEIMPROVEMENT,A,5400,7.51,0,0.15,N,4
26,70000,MORTGAGE,5,PERSONAL,A,4500,7.51,0,0.06,N,4
26,19200,MORTGAGE,5,VENTURE,A,4000,7.51,1,0.21,N,4
26,54996,RENT,0,PERSONAL,A,4000,7.51,0,0.07,N,4
26,50000,OWN,10,PERSONAL,A,14400,7.49,0,0.29,N,4
26,65000,MORTGAGE,8,HOMEIMPROVEMENT,A,11500,7.49,0,0.18,N,4
26,125000,MORTGAGE,10,PERSONAL,A,10200,7.49,0,0.08,N,4
26,75000,RENT,4,EDUCATION,A,10000,7.49,0,0.13,N,4
26,90000,RENT,2,PERSONAL,A,10000,7.49,0,0.11,N,4
26,108000,MORTGAGE,1,EDUCATION,A,6000,7.49,0,0.06,N,4
26,72000,RENT,0,VENTURE,A,5000,7.49,0,0.07,N,4
26,44000,RENT,0,HOMEIMPROVEMENT,A,3000,7.49,1,0.07,N,4
26,33000,MORTGAGE,10,PERSONAL,A,7000,7.43,0,0.21,N,4
26,60000,MORTGAGE,10,PERSONAL,A,1200,7.4,0,0.02,N,4
26,45000,RENT,10,DEBTCONSOLIDATION,A,15000,7.29,1,0.33,N,4
26,68400,RENT,10,VENTURE,A,12000,7.29,0,0.18,N,4
26,51000,MORTGAGE,3,DEBTCONSOLIDATION,A,12000,7.29,0,0.24,N,4
26,55000,MORTGAGE,2,MEDICAL,A,11300,7.29,0,0.21,N,4
26,81996,RENT,5,MEDICAL,A,10000,7.29,0,0.12,N,4
26,115600,MORTGAGE,4,DEBTCONSOLIDATION,A,9925,7.29,0,0.09,N,4
26,115600,MORTGAGE,4,VENTURE,A,9925,7.29,0,0.09,N,4
26,28000,RENT,5,VENTURE,A,9800,7.29,1,0.35,N,4
26,96000,MORTGAGE,10,VENTURE,A,8000,7.29,0,0.08,N,4
26,43000,RENT,8,MEDICAL,A,7000,7.29,0,0.16,N,4
26,66400,RENT,6,MEDICAL,A,6000,7.29,0,0.09,N,4
26,42000,RENT,6,DEBTCONSOLIDATION,A,5000,7.29,0,0.12,N,4
26,61000,MORTGAGE,10,PERSONAL,A,4200,7.29,0,0.07,N,4
26,126000,MORTGAGE,3,PERSONAL,A,11000,7.14,0,0.09,N,4
26,55000,RENT,6,HOMEIMPROVEMENT,A,6000,7.14,0,0.11,N,4
26,47000,RENT,1,EDUCATION,A,5000,7.14,0,0.11,N,4
26,40610,MORTGAGE,7,HOMEIMPROVEMENT,A,3500,7.14,0,0.09,N,4
26,155000,MORTGAGE,4,MEDICAL,A,18000,6.99,0,0.12,N,4
26,109000,MORTGAGE,10,PERSONAL,A,15000,6.99,0,0.14,N,4
26,49441,OWN,11,HOMEIMPROVEMENT,A,12000,6.99,0,0.24,N,4
26,125000,RENT,3,MEDICAL,A,12000,6.99,0,0.1,N,4
26,30000,RENT,1,DEBTCONSOLIDATION,A,10000,6.99,1,0.33,N,4
26,78000,MORTGAGE,10,EDUCATION,A,8325,6.99,0,0.11,N,4
26,32450,MORTGAGE,5,MEDICAL,A,3250,6.99,0,0.1,N,4
26,76800,MORTGAGE,2,PERSONAL,A,12800,6.92,0,0.17,N,4
26,75000,MORTGAGE,4,EDUCATION,A,12000,6.92,0,0.16,N,4
26,65000,RENT,4,PERSONAL,A,8000,6.92,0,0.12,N,4
26,34000,MORTGAGE,8,PERSONAL,A,6000,6.92,0,0.18,N,4
26,60000,MORTGAGE,10,MEDICAL,A,5000,6.92,0,0.08,N,4
26,100000,MORTGAGE,4,EDUCATION,A,5000,6.92,0,0.05,N,4
26,12000,RENT,,VENTURE,A,5000,6.92,1,0.42,N,4
26,55000,RENT,0,EDUCATION,A,4000,6.92,0,0.07,N,4
26,58000,MORTGAGE,2,PERSONAL,A,3000,6.92,0,0.05,N,4
26,14400,RENT,,MEDICAL,A,2000,6.92,0,0.14,N,4
26,75000,RENT,5,MEDICAL,A,20000,6.91,0,0.27,N,4
26,34000,MORTGAGE,4,PERSONAL,A,12250,6.91,1,0.36,N,4
26,82700,RENT,3,HOMEIMPROVEMENT,A,12000,6.91,0,0.15,N,4
26,45000,MORTGAGE,10,DEBTCONSOLIDATION,A,10000,6.91,0,0.22,N,4
26,24996,RENT,3,VENTURE,A,8500,6.91,1,0.34,N,4
26,44000,MORTGAGE,0,HOMEIMPROVEMENT,A,8475,6.91,0,0.19,N,4
26,44000,MORTGAGE,0,HOMEIMPROVEMENT,A,8475,6.91,0,0.19,N,4
26,95000,MORTGAGE,10,EDUCATION,A,7275,6.91,0,0.08,N,4
26,50648,MORTGAGE,8,PERSONAL,A,8000,6.76,0,0.16,N,4
26,52000,MORTGAGE,6,PERSONAL,A,6500,6.76,0,0.13,N,4
26,40200,RENT,1,EDUCATION,A,4000,6.76,0,0.1,N,4
26,63000,RENT,10,HOMEIMPROVEMENT,A,3600,6.76,0,0.06,N,4
26,22406,RENT,5,PERSONAL,A,2500,6.76,1,0.11,N,4
26,52800,MORTGAGE,10,MEDICAL,A,1925,6.76,0,0.04,N,4
26,45000,MORTGAGE,10,PERSONAL,A,1500,6.76,0,0.03,N,4
26,137000,MORTGAGE,3,EDUCATION,A,21500,6.62,0,0.16,N,4
26,59500,MORTGAGE,9,DEBTCONSOLIDATION,A,12000,6.62,0,0.2,N,4
26,70000,RENT,5,HOMEIMPROVEMENT,A,11000,6.62,0,0.16,N,4
26,57600,RENT,10,HOMEIMPROVEMENT,A,10000,6.62,0,0.17,N,4
26,74000,MORTGAGE,5,HOMEIMPROVEMENT,A,10000,6.62,0,0.14,N,4
26,90000,MORTGAGE,0,DEBTCONSOLIDATION,A,10000,6.62,0,0.11,N,4
26,84191,MORTGAGE,5,MEDICAL,A,9000,6.62,0,0.11,N,4
26,62000,MORTGAGE,1,DEBTCONSOLIDATION,A,8400,6.62,0,0.14,N,4
26,40000,RENT,0,VENTURE,A,8200,6.62,0,0.2,N,4
26,50000,MORTGAGE,3,DEBTCONSOLIDATION,A,8000,6.62,0,0.16,N,4
26,30000,MORTGAGE,,DEBTCONSOLIDATION,A,8000,6.62,1,0.27,N,4
26,78000,MORTGAGE,7,VENTURE,A,7200,6.62,0,0.09,N,4
26,24000,RENT,5,DEBTCONSOLIDATION,A,6000,6.62,0,0.25,N,4
26,97000,MORTGAGE,5,DEBTCONSOLIDATION,A,4000,6.62,0,0.04,N,4
26,40000,RENT,3,MEDICAL,A,21000,6.54,1,0.53,N,4
26,60000,RENT,10,VENTURE,A,17500,6.54,0,0.29,N,4
26,74400,MORTGAGE,10,DEBTCONSOLIDATION,A,15000,6.54,0,0.2,N,4
26,42000,RENT,1,MEDICAL,A,10000,6.54,0,0.24,N,4
26,37500,MORTGAGE,4,DEBTCONSOLIDATION,A,7000,6.54,0,0.19,N,4
26,70885,MORTGAGE,10,DEBTCONSOLIDATION,A,1000,6.39,0,0.01,N,4
26,97000,RENT,4,MEDICAL,A,16800,6.17,0,0.17,N,4
26,110000,MORTGAGE,0,VENTURE,A,15600,6.17,0,0.14,N,4
26,75000,MORTGAGE,10,DEBTCONSOLIDATION,A,15350,6.17,0,0.2,N,4
26,58650,MORTGAGE,5,MEDICAL,A,14000,6.17,1,0.2,N,4
26,51000,MORTGAGE,2,DEBTCONSOLIDATION,A,12000,6.17,0,0.24,N,4
26,51000,MORTGAGE,2,VENTURE,A,12000,6.17,0,0.24,N,4
26,75000,RENT,4,HOMEIMPROVEMENT,A,10000,6.17,0,0.13,N,4
26,50004,RENT,0,EDUCATION,A,9000,6.17,0,0.18,N,4
26,70000,RENT,4,MEDICAL,A,6000,6.17,0,0.09,N,4
26,19200,RENT,3,MEDICAL,A,2000,6.17,0,0.1,N,4
26,90000,MORTGAGE,10,EDUCATION,A,1000,6.17,0,0.01,N,4
26,35000,RENT,2,EDUCATION,A,16000,6.03,1,0.46,N,4
26,94800,MORTGAGE,10,DEBTCONSOLIDATION,A,14000,6.03,0,0.15,N,4
26,34000,MORTGAGE,6,DEBTCONSOLIDATION,A,12000,6.03,0,0.35,N,4
26,73000,MORTGAGE,10,EDUCATION,A,10625,6.03,0,0.15,N,4
26,60000,MORTGAGE,,EDUCATION,A,10000,6.03,0,0.17,N,4
26,85200,MORTGAGE,10,HOMEIMPROVEMENT,A,8000,6.03,0,0.09,N,4
26,80000,MORTGAGE,10,HOMEIMPROVEMENT,A,7000,6.03,0,0.09,N,4
26,135000,MORTGAGE,11,EDUCATION,A,6700,6.03,0,0.05,N,4
26,36000,MORTGAGE,6,PERSONAL,A,5175,6.03,0,0.14,N,4
26,53000,MORTGAGE,3,HOMEIMPROVEMENT,A,2800,6.03,0,0.05,N,4
26,26400,RENT,6,MEDICAL,C,6000,6,0,0.23,N,4
26,104676,MORTGAGE,,MEDICAL,A,16000,5.99,0,0.15,N,4
26,36000,RENT,6,DEBTCONSOLIDATION,A,13000,5.99,1,0.36,N,4
26,75000,MORTGAGE,5,EDUCATION,A,12500,5.99,0,0.17,N,4
26,53000,MORTGAGE,10,VENTURE,A,12000,5.99,0,0.23,N,4
26,198000,MORTGAGE,8,DEBTCONSOLIDATION,A,12000,5.99,0,0.06,N,4
26,70000,RENT,0,EDUCATION,A,12000,5.99,0,0.17,N,4
26,120000,MORTGAGE,11,VENTURE,A,10000,5.99,0,0.08,N,4
26,87292,MORTGAGE,5,MEDICAL,A,9600,5.99,0,0.11,N,4
26,20000,RENT,9,EDUCATION,A,6200,5.99,1,0.31,N,4
26,70000,RENT,4,DEBTCONSOLIDATION,A,4000,5.99,0,0.06,N,4
26,51000,MORTGAGE,2,MEDICAL,A,4000,5.99,0,0.08,N,4
26,33000,RENT,7,MEDICAL,A,3000,5.99,0,0.09,N,4
26,80000,MORTGAGE,3,EDUCATION,A,18000,5.79,0,0.23,N,4
26,87800,MORTGAGE,5,EDUCATION,A,12000,5.79,0,0.14,N,4
26,53004,RENT,10,HOMEIMPROVEMENT,A,11000,5.79,0,0.21,N,4
26,48000,MORTGAGE,4,PERSONAL,A,10000,5.79,0,0.21,N,4
26,26400,OWN,8,HOMEIMPROVEMENT,A,8000,5.79,0,0.3,N,4
26,80000,MORTGAGE,0,EDUCATION,A,6300,5.79,0,0.08,N,4
26,80000,MORTGAGE,0,VENTURE,A,6300,5.79,0,0.08,N,4
26,51356,RENT,4,DEBTCONSOLIDATION,A,6000,5.79,0,0.12,N,4
26,34000,MORTGAGE,5,PERSONAL,A,5000,5.79,0,0.15,N,4
26,24480,RENT,0,MEDICAL,A,4375,5.79,0,0.18,N,4
26,39600,RENT,3,EDUCATION,A,4000,5.79,1,0.1,N,4
26,57000,MORTGAGE,10,VENTURE,A,14000,5.42,0,0.25,N,4
26,52992,RENT,6,HOMEIMPROVEMENT,A,12800,5.42,0,0.24,N,4
26,85000,MORTGAGE,0,MEDICAL,A,11600,5.42,0,0.14,N,4
26,44000,MORTGAGE,6,EDUCATION,A,10000,5.42,1,0.23,N,4
26,120000,MORTGAGE,2,EDUCATION,A,10000,5.42,0,0.08,N,4
26,36000,MORTGAGE,10,VENTURE,A,9000,5.42,0,0.25,N,4
26,53688,RENT,11,DEBTCONSOLIDATION,A,8000,5.42,0,0.15,N,4
26,108000,MORTGAGE,,HOMEIMPROVEMENT,A,8000,5.42,0,0.07,N,4
26,28800,RENT,4,MEDICAL,A,7000,5.42,0,0.24,N,4
26,125000,OWN,10,MEDICAL,A,6000,5.42,0,0.05,N,4
26,56000,MORTGAGE,10,EDUCATION,A,6000,5.42,0,0.11,N,4
26,55000,RENT,10,MEDICAL,A,6000,5.42,0,0.11,N,4
26,65000,MORTGAGE,5,DEBTCONSOLIDATION,A,5000,5.42,0,0.08,N,4
26,71000,MORTGAGE,2,DEBTCONSOLIDATION,A,4400,5.42,0,0.06,N,4
26,57550,MORTGAGE,,DEBTCONSOLIDATION,A,3500,5.42,0,0.06,N,4
26,57550,MORTGAGE,,DEBTCONSOLIDATION,A,3500,5.42,0,0.06,N,4
26,123996,MORTGAGE,10,MEDICAL,A,2000,5.42,0,0.02,N,4
26,18700,RENT,2,EDUCATION,A,1500,5.42,0,0.08,N,4
26,74004,RENT,10,DEBTCONSOLIDATION,D,25000,,1,0.34,Y,4
26,70000,MORTGAGE,1,VENTURE,B,25000,,0,0.36,N,4
26,182000,MORTGAGE,10,MEDICAL,B,24000,,0,0.13,N,4
26,150000,OWN,10,VENTURE,A,21000,,0,0.14,N,4
26,85900,MORTGAGE,7,EDUCATION,B,20000,,0,0.23,N,4
26,59000,RENT,3,PERSONAL,C,20000,,1,0.34,N,4
26,105000,MORTGAGE,1,VENTURE,B,20000,,0,0.19,N,4
26,58650,MORTGAGE,3,MEDICAL,C,17500,,1,0.25,N,4
26,47000,RENT,0,MEDICAL,A,16500,,1,0.35,N,4
26,71400,RENT,10,MEDICAL,D,16000,,1,0.19,Y,4
26,117000,MORTGAGE,4,VENTURE,A,14400,,0,0.12,N,4
26,139992,MORTGAGE,0,EDUCATION,B,14400,,0,0.1,N,4
26,120000,RENT,10,VENTURE,E,14000,,0,0.12,Y,4
26,160000,MORTGAGE,0,DEBTCONSOLIDATION,C,13750,,0,0.09,N,4
26,50000,RENT,0,HOMEIMPROVEMENT,B,13000,,0,0.26,N,4
26,65000,RENT,3,VENTURE,D,12000,,0,0.18,Y,4
26,59000,RENT,3,MEDICAL,D,12000,,1,0.2,N,4
26,62000,MORTGAGE,2,PERSONAL,B,12000,,0,0.19,N,4
26,59000,RENT,1,HOMEIMPROVEMENT,D,12000,,1,0.2,N,4
26,50000,RENT,1,VENTURE,B,12000,,0,0.24,N,4
26,39996,RENT,0,VENTURE,B,12000,,0,0.3,N,4
26,38000,RENT,0,PERSONAL,B,12000,,1,0.32,N,4
26,32400,MORTGAGE,10,MEDICAL,D,10000,,1,0.31,Y,4
26,91000,RENT,6,DEBTCONSOLIDATION,C,10000,,0,0.11,N,4
26,70000,MORTGAGE,6,HOMEIMPROVEMENT,D,10000,,0,0.14,N,4
26,58000,MORTGAGE,5,PERSONAL,A,10000,,0,0.17,N,4
26,55500,RENT,3,MEDICAL,C,10000,,0,0.18,Y,4
26,24996,RENT,2,PERSONAL,B,10000,,1,0.4,N,4
26,263000,MORTGAGE,0,EDUCATION,B,10000,,1,0.04,N,4
26,60000,OWN,8,VENTURE,A,9800,,0,0.16,N,4
26,28944,OWN,10,EDUCATION,B,9000,,0,0.31,N,4
26,41000,OWN,7,HOMEIMPROVEMENT,D,9000,,0,0.22,N,4
26,85000,MORTGAGE,8,EDUCATION,D,8500,,0,0.1,N,4
26,85000,MORTGAGE,0,MEDICAL,B,8000,,0,0.09,N,4
26,60000,MORTGAGE,0,DEBTCONSOLIDATION,C,7200,,0,0.12,N,4
26,50026,RENT,3,PERSONAL,A,7000,,0,0.14,N,4
26,40100,RENT,3,VENTURE,D,6500,,0,0.16,N,4
26,31992,OTHER,0,VENTURE,A,6500,,0,0.2,N,4
26,37820,MORTGAGE,3,HOMEIMPROVEMENT,A,6300,,0,0.17,N,4
26,93000,MORTGAGE,4,PERSONAL,C,5600,,0,0.06,Y,4
26,33600,RENT,0,PERSONAL,A,5400,,0,0.16,N,4
26,30000,OWN,5,VENTURE,A,5000,,0,0.17,N,4
26,30000,RENT,4,MEDICAL,C,5000,,0,0.17,Y,4
26,60000,MORTGAGE,2,MEDICAL,B,5000,,0,0.08,N,4
26,16800,RENT,0,EDUCATION,B,5000,,1,0.3,N,4
26,70000,MORTGAGE,,PERSONAL,A,5000,,0,0.07,N,4
26,70000,MORTGAGE,5,MEDICAL,C,4800,,0,0.07,Y,4
26,95000,RENT,4,DEBTCONSOLIDATION,A,4800,,0,0.05,N,4
26,62690,MORTGAGE,7,MEDICAL,B,4400,,0,0.07,N,4
26,45000,MORTGAGE,10,MEDICAL,B,4325,,0,0.1,N,4
26,20004,MORTGAGE,4,HOMEIMPROVEMENT,B,3600,,0,0.18,N,4
26,74000,MORTGAGE,4,VENTURE,C,3500,,0,0.05,Y,4
26,64800,OWN,11,MEDICAL,A,3000,,0,0.05,N,4
26,71000,RENT,9,MEDICAL,B,3000,,0,0.04,N,4
26,90000,RENT,5,MEDICAL,B,3000,,0,0.03,N,4
26,64000,RENT,2,MEDICAL,A,3000,,0,0.05,N,4
26,17280,RENT,0,HOMEIMPROVEMENT,C,3000,,1,0.17,N,4
26,12000,OWN,0,DEBTCONSOLIDATION,A,2700,,1,0.23,N,4
26,67000,RENT,6,EDUCATION,C,2000,,0,0.03,N,4
26,60000,MORTGAGE,3,HOMEIMPROVEMENT,A,2000,,0,0.03,N,4
26,96000,MORTGAGE,2,VENTURE,G,10000,21.14,1,0.1,N,3
26,108000,RENT,9,EDUCATION,G,24000,20.16,1,0.22,N,3
26,71760,MORTGAGE,10,PERSONAL,E,3000,19.91,0,0.04,N,3
26,49000,RENT,0,HOMEIMPROVEMENT,F,20000,19.79,1,0.41,N,3
26,96000,RENT,11,HOMEIMPROVEMENT,E,10000,19.69,0,0.1,Y,3
26,46000,MORTGAGE,3,EDUCATION,G,5000,19.16,1,0.11,N,3
26,44000,MORTGAGE,8,MEDICAL,G,12000,18.84,1,0.27,Y,3
26,48000,RENT,1,PERSONAL,E,15000,18.64,1,0.31,Y,3
26,48000,RENT,1,EDUCATION,E,15000,18.64,1,0.31,N,3
26,48000,RENT,5,DEBTCONSOLIDATION,F,25000,18.43,1,0.52,N,3
26,148000,MORTGAGE,3,DEBTCONSOLIDATION,E,7500,18.39,1,0.05,Y,3
26,130000,MORTGAGE,5,EDUCATION,D,35000,18.25,0,0.27,N,3
26,148000,RENT,1,DEBTCONSOLIDATION,E,20000,17.99,1,0.14,N,3
26,120000,MORTGAGE,1,HOMEIMPROVEMENT,E,20000,17.74,0,0.17,Y,3
26,159800,MORTGAGE,6,MEDICAL,D,30000,17.58,1,0.16,Y,3
26,80500,MORTGAGE,3,VENTURE,D,24000,17.58,0,0.3,Y,3
26,42000,RENT,0,HOMEIMPROVEMENT,D,16750,17.58,1,0.4,N,3
26,34000,MORTGAGE,3,MEDICAL,D,4000,17.58,1,0.12,N,3
26,130000,MORTGAGE,10,PERSONAL,D,3000,17.58,0,0.02,Y,3
26,78000,RENT,0,HOMEIMPROVEMENT,E,24250,17.56,1,0.31,Y,3
26,34200,RENT,2,HOMEIMPROVEMENT,D,6400,17.49,1,0.19,Y,3
26,14400,RENT,1,DEBTCONSOLIDATION,D,2000,17.49,1,0.14,Y,3
26,65000,MORTGAGE,2,VENTURE,D,8000,17.27,0,0.12,Y,3
26,56000,RENT,7,MEDICAL,E,22000,17.19,1,0.39,N,3
26,53000,RENT,2,VENTURE,E,18000,17.19,1,0.34,Y,3
26,81000,RENT,10,EDUCATION,E,21000,16.95,1,0.26,Y,3
26,40000,RENT,10,VENTURE,D,10000,16.89,0,0.25,N,3
26,45000,MORTGAGE,9,PERSONAL,D,10000,16.89,0,0.22,N,3
26,34000,RENT,3,PERSONAL,D,5500,16.89,0,0.16,Y,3
26,34000,RENT,4,PERSONAL,E,4200,16.82,1,0.12,Y,3
26,66300,RENT,0,MEDICAL,D,17000,16.77,1,0.22,Y,3
26,78000,RENT,6,VENTURE,D,7800,16.77,0,0.1,N,3
26,108000,RENT,2,DEBTCONSOLIDATION,D,7500,16.77,1,0.07,Y,3
26,90000,RENT,4,PERSONAL,D,5000,16.77,0,0.06,Y,3
26,55000,RENT,10,EDUCATION,E,9000,16.7,0,0.16,N,3
26,62200,MORTGAGE,0,PERSONAL,E,18000,16.63,0,0.29,N,3
26,67983,MORTGAGE,7,MEDICAL,D,15000,16.49,1,0.19,Y,3
26,67983,MORTGAGE,7,MEDICAL,D,15000,16.49,1,0.19,N,3
26,39000,MORTGAGE,0,DEBTCONSOLIDATION,D,5600,16.49,1,0.14,Y,3
26,30000,RENT,1,EDUCATION,D,4200,16.49,1,0.14,N,3
26,36108,RENT,7,MEDICAL,D,2000,16.49,0,0.06,N,3
26,71400,OWN,9,MEDICAL,E,16500,16.45,1,0.2,N,3
26,49000,MORTGAGE,10,DEBTCONSOLIDATION,E,13000,16.45,1,0.27,N,3
26,26000,OWN,0,DEBTCONSOLIDATION,E,8500,16.45,1,0.33,N,3
26,67000,OWN,10,DEBTCONSOLIDATION,E,5000,16.45,1,0.07,Y,3
26,138000,MORTGAGE,4,EDUCATION,F,18000,16.4,1,0.13,N,3
26,64000,RENT,0,VENTURE,E,10000,16.4,1,0.16,N,3
26,44000,RENT,0,HOMEIMPROVEMENT,E,7500,16.4,1,0.17,N,3
26,70000,RENT,6,VENTURE,E,15000,16.35,0,0.21,Y,3
26,43873,OWN,,HOMEIMPROVEMENT,D,17500,16.32,0,0.4,N,3
26,99996,RENT,7,PERSONAL,D,8000,16.32,0,0.08,Y,3
26,28000,RENT,10,MEDICAL,D,13000,16.29,1,0.46,Y,3
26,46000,RENT,3,MEDICAL,D,11000,16.29,1,0.24,Y,3
26,81600,RENT,10,MEDICAL,D,8000,16.29,1,0.08,Y,3
26,44000,MORTGAGE,3,DEBTCONSOLIDATION,D,3500,16.29,1,0.08,N,3
26,33000,RENT,4,MEDICAL,D,8975,16.02,0,0.27,Y,3
26,32496,MORTGAGE,8,DEBTCONSOLIDATION,D,4200,16.02,1,0.13,N,3
26,50000,MORTGAGE,10,HOMEIMPROVEMENT,E,15000,16,0,0.3,N,3
26,84000,RENT,7,DEBTCONSOLIDATION,D,15000,16,1,0.18,Y,3
26,108000,RENT,3,HOMEIMPROVEMENT,D,13000,15.99,1,0.12,Y,3
26,150500,MORTGAGE,10,DEBTCONSOLIDATION,D,10000,15.99,1,0.07,N,3
26,34000,RENT,10,DEBTCONSOLIDATION,D,6925,15.99,1,0.2,N,3
26,130000,MORTGAGE,7,VENTURE,D,6500,15.99,0,0.05,Y,3
26,69000,MORTGAGE,10,DEBTCONSOLIDATION,D,6200,15.99,1,0.09,Y,3
26,150000,MORTGAGE,8,MEDICAL,C,35000,15.96,0,0.23,N,3
26,95000,MORTGAGE,10,HOMEIMPROVEMENT,C,15000,15.96,0,0.16,N,3
26,280000,RENT,4,PERSONAL,C,10000,15.96,0,0.04,Y,3
26,70000,RENT,8,EDUCATION,C,8000,15.96,0,0.11,Y,3
26,69000,RENT,0,DEBTCONSOLIDATION,F,24000,15.83,1,0.35,N,3
26,73008,MORTGAGE,4,DEBTCONSOLIDATION,E,15000,15.68,1,0.21,Y,3
26,51996,MORTGAGE,2,DEBTCONSOLIDATION,E,6500,15.68,1,0.13,N,3
26,52000,RENT,10,HOMEIMPROVEMENT,E,6000,15.68,0,0.12,N,3
26,88000,RENT,2,VENTURE,D,25000,15.65,1,0.28,N,3
26,47004,RENT,9,MEDICAL,D,2500,15.65,0,0.05,Y,3
26,34200,RENT,9,MEDICAL,D,9450,15.62,1,0.28,N,3
26,71000,MORTGAGE,10,HOMEIMPROVEMENT,D,6000,15.62,0,0.08,N,3
26,53000,RENT,2,PERSONAL,D,4800,15.62,1,0.09,Y,3
26,57600,RENT,10,DEBTCONSOLIDATION,D,2150,15.62,1,0.04,Y,3
26,92000,RENT,0,VENTURE,D,6000,15.58,1,0.07,N,3
26,28000,OWN,5,PERSONAL,D,4000,15.37,0,0.14,N,3
26,300000,MORTGAGE,0,EDUCATION,D,25000,15.33,0,0.08,N,3
26,38000,MORTGAGE,10,HOMEIMPROVEMENT,D,15000,15.33,0,0.39,N,3
26,32000,MORTGAGE,10,MEDICAL,D,15000,15.33,1,0.47,N,3
26,104550,MORTGAGE,6,MEDICAL,D,15000,15.33,1,0.12,N,3
26,51000,MORTGAGE,10,MEDICAL,D,13000,15.33,1,0.25,Y,3
26,106000,MORTGAGE,9,EDUCATION,D,10000,15.33,0,0.09,Y,3
26,111917,MORTGAGE,1,DEBTCONSOLIDATION,D,25000,15.31,1,0.22,N,3
26,95000,RENT,9,HOMEIMPROVEMENT,D,18000,15.31,0,0.19,N,3
26,68004,RENT,10,DEBTCONSOLIDATION,D,3500,15.28,1,0.05,Y,3
26,25000,RENT,0,PERSONAL,D,2400,15.28,1,0.1,Y,3
26,45600,MORTGAGE,9,EDUCATION,C,10000,15.27,0,0.22,Y,3
26,38000,RENT,6,PERSONAL,C,1000,15.27,0,0.03,Y,3
26,49200,RENT,,DEBTCONSOLIDATION,C,12000,15.23,0,0.24,Y,3
26,31200,RENT,10,DEBTCONSOLIDATION,C,6000,15.23,0,0.19,N,3
26,26989,RENT,2,MEDICAL,C,1525,15.23,0,0.06,Y,3
26,175000,MORTGAGE,0,EDUCATION,D,7500,15.21,0,0.04,N,3
26,108000,RENT,2,PERSONAL,D,25000,15.05,1,0.23,N,3
26,39200,MORTGAGE,2,MEDICAL,D,4000,15.05,1,0.1,N,3
26,95000,MORTGAGE,0,EDUCATION,D,20000,14.96,0,0.21,N,3
26,34000,RENT,2,PERSONAL,D,12000,14.96,1,0.35,N,3
26,75000,MORTGAGE,11,VENTURE,D,6000,14.96,0,0.08,N,3
26,80000,MORTGAGE,4,PERSONAL,D,5000,14.96,0,0.06,Y,3
26,31000,RENT,4,EDUCATION,D,5000,14.96,0,0.16,Y,3
26,37680,RENT,5,MEDICAL,D,2000,14.96,1,0.05,N,3
26,37500,RENT,3,EDUCATION,D,10000,14.91,0,0.27,Y,3
26,46800,MORTGAGE,,PERSONAL,D,6000,14.91,0,0.13,Y,3
26,74000,RENT,4,HOMEIMPROVEMENT,D,16000,14.84,0,0.22,Y,3
26,45806,RENT,5,EDUCATION,D,12000,14.84,0,0.26,N,3
26,70000,MORTGAGE,0,PERSONAL,D,8000,14.84,0,0.11,N,3
26,70000,MORTGAGE,0,HOMEIMPROVEMENT,D,8000,14.84,0,0.11,N,3
26,158000,RENT,0,HOMEIMPROVEMENT,D,4000,14.84,1,0.03,N,3
26,93500,MORTGAGE,9,VENTURE,D,6250,14.83,0,0.07,Y,3
26,200000,MORTGAGE,4,EDUCATION,C,15000,14.79,0,0.07,N,3
26,53826,MORTGAGE,10,VENTURE,C,8500,14.79,1,0.16,N,3
26,30000,RENT,1,PERSONAL,E,7500,14.75,1,0.25,N,3
26,87000,MORTGAGE,1,HOMEIMPROVEMENT,D,15000,14.74,0,0.17,Y,3
26,136000,RENT,2,HOMEIMPROVEMENT,C,12000,14.72,0,0.09,Y,3
26,50000,RENT,2,HOMEIMPROVEMENT,C,8400,14.72,0,0.17,Y,3
26,46500,RENT,1,DEBTCONSOLIDATION,C,2500,14.72,0,0.05,Y,3
26,78000,OWN,2,VENTURE,C,2400,14.72,0,0.03,Y,3
26,30000,RENT,,VENTURE,C,2800,14.65,0,0.09,Y,3
26,25000,RENT,1,MEDICAL,C,1000,14.65,0,0.04,Y,3
26,105400,MORTGAGE,6,MEDICAL,D,24000,14.61,1,0.19,N,3
26,47360,MORTGAGE,10,HOMEIMPROVEMENT,D,6000,14.61,1,0.13,Y,3
26,42000,RENT,1,VENTURE,D,1500,14.61,1,0.04,Y,3
26,30000,RENT,0,HOMEIMPROVEMENT,D,1500,14.61,1,0.05,Y,3
26,140000,MORTGAGE,5,HOMEIMPROVEMENT,D,13050,14.59,0,0.09,Y,3
26,53000,RENT,4,PERSONAL,D,12000,14.59,0,0.23,Y,3
26,48700,RENT,0,MEDICAL,D,6000,14.59,1,0.12,N,3
26,74800,MORTGAGE,3,MEDICAL,D,10000,14.54,1,0.11,N,3
26,44000,RENT,0,MEDICAL,E,8400,14.5,1,0.19,Y,3
26,32000,RENT,5,VENTURE,D,1600,14.46,1,0.05,Y,3
26,480000,MORTGAGE,2,EDUCATION,E,25000,14.38,0,0.05,N,3
26,63000,RENT,2,DEBTCONSOLIDATION,C,21600,14.35,1,0.34,Y,3
26,204000,MORTGAGE,10,MEDICAL,C,15250,14.35,0,0.07,N,3
26,24000,RENT,1,DEBTCONSOLIDATION,C,7750,14.35,1,0.32,N,3
26,44400,MORTGAGE,,DEBTCONSOLIDATION,C,6500,14.35,0,0.15,N,3
26,70000,MORTGAGE,3,EDUCATION,C,3500,14.35,0,0.05,N,3
26,25200,RENT,1,MEDICAL,C,3000,14.35,0,0.12,Y,3
26,60000,MORTGAGE,3,PERSONAL,C,30000,14.27,0,0.5,Y,3
26,18000,RENT,2,DEBTCONSOLIDATION,C,8500,14.27,1,0.47,N,3
26,31000,RENT,5,HOMEIMPROVEMENT,C,8000,14.27,1,0.26,Y,3
26,90000,RENT,3,EDUCATION,C,8000,14.27,0,0.09,N,3
26,55560,RENT,5,MEDICAL,C,1450,14.27,0,0.03,N,3
26,48000,MORTGAGE,7,HOMEIMPROVEMENT,C,16750,14.26,0,0.35,Y,3
26,40000,RENT,2,DEBTCONSOLIDATION,C,15000,14.22,1,0.38,Y,3
26,95000,RENT,7,HOMEIMPROVEMENT,C,31050,14.17,1,0.33,Y,3
26,65219,RENT,11,DEBTCONSOLIDATION,D,21000,14.09,1,0.32,N,3
26,73000,MORTGAGE,3,DEBTCONSOLIDATION,D,10000,14.09,1,0.14,N,3
26,127992,MORTGAGE,10,MEDICAL,C,26000,13.99,0,0.2,Y,3
26,42000,RENT,3,PERSONAL,C,5000,13.99,1,0.12,N,3
26,44000,RENT,5,MEDICAL,C,4600,13.99,1,0.1,N,3
26,216000,MORTGAGE,6,DEBTCONSOLIDATION,C,15000,13.98,1,0.07,Y,3
26,55000,MORTGAGE,4,DEBTCONSOLIDATION,C,13000,13.98,0,0.24,Y,3
26,64999,OWN,5,VENTURE,C,10000,13.98,0,0.15,Y,3
26,54000,MORTGAGE,2,HOMEIMPROVEMENT,C,6000,13.98,1,0.11,Y,3
26,85000,RENT,3,HOMEIMPROVEMENT,C,21000,13.92,0,0.25,N,3
26,74000,RENT,2,EDUCATION,C,8000,13.92,0,0.11,N,3
26,126000,MORTGAGE,4,HOMEIMPROVEMENT,C,7500,13.92,0,0.06,N,3
26,65000,OWN,3,MEDICAL,C,7000,13.92,0,0.11,Y,3
26,200000,MORTGAGE,4,PERSONAL,C,3000,13.92,0,0.01,N,3
26,82400,RENT,10,VENTURE,C,2500,13.92,0,0.03,N,3
26,62900,RENT,2,MEDICAL,C,20000,13.85,1,0.27,N,3
26,120000,MORTGAGE,0,PERSONAL,C,20000,13.85,0,0.17,N,3
26,80171,RENT,3,HOMEIMPROVEMENT,C,18000,13.85,0,0.22,N,3
26,125000,MORTGAGE,10,VENTURE,C,15000,13.85,0,0.12,Y,3
26,73000,MORTGAGE,3,HOMEIMPROVEMENT,C,14400,13.8,1,0.2,Y,3
26,44000,RENT,10,PERSONAL,C,8000,13.8,0,0.18,N,3
26,18000,RENT,1,VENTURE,C,1800,13.8,0,0.1,Y,3
26,21000,OWN,4,EDUCATION,C,8000,13.79,0,0.38,Y,3
26,32000,RENT,1,MEDICAL,C,7500,13.79,0,0.23,Y,3
26,32000,RENT,1,VENTURE,C,7500,13.79,0,0.23,N,3
26,110000,MORTGAGE,9,PERSONAL,C,20000,13.72,0,0.18,N,3
26,113000,RENT,3,HOMEIMPROVEMENT,C,10000,13.72,0,0.09,Y,3
26,39000,MORTGAGE,4,DEBTCONSOLIDATION,D,5000,13.67,1,0.13,N,3
26,100000,MORTGAGE,0,DEBTCONSOLIDATION,C,17000,13.61,0,0.17,Y,3
26,96500,RENT,10,DEBTCONSOLIDATION,C,8000,13.61,0,0.08,Y,3
26,97000,MORTGAGE,4,MEDICAL,C,6000,13.61,0,0.06,N,3
26,50000,RENT,1,MEDICAL,C,2800,13.61,0,0.06,Y,3
26,79000,MORTGAGE,6,PERSONAL,C,14000,13.57,0,0.18,Y,3
26,39996,OWN,10,VENTURE,C,7000,13.57,0,0.18,Y,3
26,100000,RENT,3,DEBTCONSOLIDATION,C,3000,13.57,0,0.03,N,3
26,28700,RENT,6,MEDICAL,D,8500,13.55,1,0.3,Y,3
26,134000,MORTGAGE,2,EDUCATION,C,30000,13.49,0,0.22,Y,3
26,66000,OWN,0,HOMEIMPROVEMENT,C,18000,13.49,0,0.27,Y,3
26,37500,RENT,6,DEBTCONSOLIDATION,C,13250,13.49,1,0.35,Y,3
26,35000,RENT,5,VENTURE,C,13225,13.49,1,0.38,Y,3
26,48000,MORTGAGE,10,DEBTCONSOLIDATION,C,11000,13.49,0,0.23,N,3
26,60000,RENT,10,PERSONAL,C,10000,13.49,0,0.17,N,3
26,86000,RENT,4,EDUCATION,C,10000,13.49,0,0.12,N,3
26,31200,RENT,4,PERSONAL,C,8325,13.49,0,0.27,N,3
26,90000,RENT,8,PERSONAL,C,7000,13.49,0,0.08,Y,3
26,83000,RENT,6,MEDICAL,C,7000,13.49,0,0.08,Y,3
26,120000,MORTGAGE,10,HOMEIMPROVEMENT,C,5600,13.49,0,0.05,Y,3
26,85000,MORTGAGE,10,DEBTCONSOLIDATION,C,4650,13.49,0,0.05,Y,3
26,47000,RENT,8,PERSONAL,C,3800,13.49,0,0.08,N,3
26,59000,MORTGAGE,2,HOMEIMPROVEMENT,C,20000,13.48,1,0.34,Y,3
26,40720,MORTGAGE,4,PERSONAL,C,10000,13.48,0,0.25,Y,3
26,38004,RENT,3,MEDICAL,C,10000,13.48,0,0.26,N,3
26,315000,MORTGAGE,10,DEBTCONSOLIDATION,C,12000,13.47,0,0.04,N,3
26,64956,MORTGAGE,0,DEBTCONSOLIDATION,C,7500,13.47,0,0.12,Y,3
26,48000,RENT,2,DEBTCONSOLIDATION,C,6400,13.47,0,0.13,Y,3
26,85000,MORTGAGE,10,VENTURE,C,2200,13.43,0,0.03,N,3
26,50000,MORTGAGE,2,PERSONAL,D,20000,13.3,0,0.4,N,3
26,26400,MORTGAGE,10,PERSONAL,C,8500,13.23,0,0.32,Y,3
26,40000,RENT,0,VENTURE,C,1800,13.23,0,0.04,Y,3
26,41682,MORTGAGE,7,DEBTCONSOLIDATION,C,18000,13.22,1,0.43,Y,3
26,32500,MORTGAGE,8,DEBTCONSOLIDATION,C,3000,13.22,0,0.09,Y,3
26,70000,RENT,7,DEBTCONSOLIDATION,C,20000,13.16,1,0.29,N,3
26,50000,RENT,5,EDUCATION,C,18000,13.11,1,0.36,N,3
26,49493,MORTGAGE,6,VENTURE,C,15250,13.11,1,0.31,Y,3
26,76000,RENT,5,DEBTCONSOLIDATION,C,11800,13.11,0,0.16,Y,3
26,34000,RENT,5,VENTURE,C,10000,13.11,1,0.29,Y,3
26,49571,RENT,1,VENTURE,C,10000,13.11,0,0.2,Y,3
26,76000,RENT,6,PERSONAL,C,8000,13.11,0,0.11,N,3
26,34000,RENT,1,VENTURE,C,5500,13.11,0,0.16,N,3
26,40000,RENT,0,PERSONAL,C,5000,13.11,0,0.13,Y,3
26,24000,MORTGAGE,5,PERSONAL,C,2100,13.11,0,0.09,N,3
26,39996,RENT,10,MEDICAL,C,15000,13.06,1,0.38,Y,3
26,98700,MORTGAGE,6,HOMEIMPROVEMENT,C,9600,13.06,0,0.1,N,3
26,77000,MORTGAGE,4,DEBTCONSOLIDATION,C,5400,13.04,0,0.07,Y,3
26,46890,RENT,9,PERSONAL,C,15000,12.99,1,0.32,Y,3
26,50049,RENT,5,DEBTCONSOLIDATION,C,8000,12.99,0,0.16,N,3
26,24000,RENT,2,PERSONAL,C,7000,12.99,0,0.29,N,3
26,87360,RENT,1,EDUCATION,C,6800,12.99,0,0.08,N,3
26,49680,RENT,1,MEDICAL,C,5875,12.99,0,0.12,Y,3
26,75000,MORTGAGE,3,VENTURE,C,3500,12.99,0,0.05,Y,3
26,168750,RENT,10,MEDICAL,C,24250,12.87,0,0.14,Y,3
26,145000,RENT,3,EDUCATION,C,18500,12.87,0,0.13,Y,3
26,115000,MORTGAGE,6,HOMEIMPROVEMENT,C,15000,12.87,0,0.13,Y,3
26,43000,RENT,1,MEDICAL,C,8000,12.87,0,0.19,Y,3
26,43200,MORTGAGE,11,VENTURE,C,6000,12.87,0,0.14,N,3
26,30000,RENT,5,DEBTCONSOLIDATION,C,15000,12.84,1,0.5,N,3
26,131000,RENT,10,HOMEIMPROVEMENT,C,4000,12.84,0,0.03,Y,3
26,97188,RENT,7,VENTURE,D,16000,12.8,0,0.16,N,3
26,52800,RENT,2,VENTURE,D,10000,12.8,1,0.19,Y,3
26,76596,MORTGAGE,2,EDUCATION,C,24000,12.73,0,0.31,Y,3
26,85000,MORTGAGE,1,DEBTCONSOLIDATION,C,15000,12.73,0,0.18,N,3
26,120000,MORTGAGE,10,PERSONAL,C,10000,12.73,0,0.08,N,3
26,48000,RENT,0,EDUCATION,C,9600,12.73,0,0.2,Y,3
26,80000,RENT,0,MEDICAL,C,8000,12.73,0,0.1,Y,3
26,34099,RENT,2,MEDICAL,C,7200,12.73,0,0.21,N,3
26,71000,RENT,5,MEDICAL,B,13500,12.69,0,0.19,N,3
26,62000,RENT,10,VENTURE,B,12000,12.69,0,0.19,N,3
26,132500,MORTGAGE,1,HOMEIMPROVEMENT,B,12000,12.69,0,0.09,N,3
26,35000,MORTGAGE,10,PERSONAL,B,8000,12.69,0,0.23,N,3
26,84000,MORTGAGE,10,PERSONAL,B,7500,12.69,0,0.09,N,3
26,25000,RENT,2,MEDICAL,B,5000,12.69,0,0.2,N,3
26,110000,MORTGAGE,1,EDUCATION,B,5000,12.69,0,0.05,N,3
26,14000,RENT,8,HOMEIMPROVEMENT,B,3450,12.69,1,0.25,N,3
26,134400,MORTGAGE,3,MEDICAL,C,10000,12.68,0,0.07,N,3
26,95400,MORTGAGE,8,PERSONAL,C,5000,12.68,0,0.05,N,3
26,54000,RENT,3,MEDICAL,D,16800,12.67,1,0.31,Y,3
26,60000,RENT,0,VENTURE,C,14650,12.61,0,0.24,Y,3
26,32000,MORTGAGE,7,VENTURE,C,4800,12.61,0,0.15,Y,3
26,140000,MORTGAGE,10,VENTURE,B,24250,12.53,0,0.17,N,3
26,80000,MORTGAGE,6,PERSONAL,B,15000,12.53,0,0.19,N,3
26,28000,RENT,10,PERSONAL,B,14500,12.53,1,0.52,N,3
26,66504,MORTGAGE,10,EDUCATION,C,12000,12.53,0,0.18,N,3
26,80500,MORTGAGE,9,HOMEIMPROVEMENT,B,11000,12.53,0,0.14,N,3
26,32000,RENT,10,PERSONAL,C,5000,12.53,0,0.16,Y,3
26,77100,RENT,8,EDUCATION,B,35000,12.42,1,0.45,N,3
26,97000,RENT,11,HOMEIMPROVEMENT,B,16800,12.42,0,0.17,N,3
26,78000,RENT,1,DEBTCONSOLIDATION,B,15000,12.42,1,0.19,N,3
26,170000,RENT,0,VENTURE,B,13000,12.42,0,0.08,N,3
26,46800,MORTGAGE,3,DEBTCONSOLIDATION,B,12725,12.42,0,0.27,N,3
26,55000,RENT,10,PERSONAL,B,12000,12.42,0,0.22,N,3
26,82000,MORTGAGE,7,VENTURE,B,7000,12.42,0,0.09,N,3
26,39600,RENT,3,PERSONAL,B,6000,12.42,1,0.15,N,3
26,21600,OWN,5,EDUCATION,B,5200,12.42,0,0.24,N,3
26,41000,RENT,8,DEBTCONSOLIDATION,B,3000,12.42,0,0.07,N,3
26,57600,MORTGAGE,10,MEDICAL,B,1800,12.42,0,0.03,N,3
26,45000,RENT,10,MEDICAL,C,16750,12.41,1,0.37,N,3
26,36000,MORTGAGE,10,HOMEIMPROVEMENT,C,5000,12.29,1,0.14,Y,3
26,79380,MORTGAGE,5,EDUCATION,C,10000,12.23,0,0.13,Y,3
26,16428,RENT,0,MEDICAL,C,2400,12.23,0,0.15,N,3
26,46464,MORTGAGE,1,VENTURE,B,15000,12.21,0,0.32,N,3
26,104000,RENT,3,PERSONAL,B,12000,12.21,0,0.12,N,3
26,65450,MORTGAGE,3,MEDICAL,B,10800,12.21,1,0.14,N,3
26,67000,MORTGAGE,10,PERSONAL,B,10000,12.21,0,0.15,N,3
26,67000,MORTGAGE,10,HOMEIMPROVEMENT,B,10000,12.21,0,0.15,N,3
26,48000,RENT,2,MEDICAL,B,10000,12.21,0,0.21,N,3
26,45000,RENT,1,DEBTCONSOLIDATION,B,4000,12.21,0,0.09,N,3
26,234000,MORTGAGE,10,HOMEIMPROVEMENT,B,21600,12.18,0,0.09,N,3
26,157200,MORTGAGE,1,DEBTCONSOLIDATION,B,20000,12.18,0,0.13,N,3
26,30320,RENT,2,PERSONAL,B,7500,12.18,1,0.25,N,3
26,111000,RENT,1,HOMEIMPROVEMENT,B,7200,12.18,0,0.06,N,3
26,67500,RENT,1,MEDICAL,B,5000,12.18,0,0.07,N,3
26,53500,RENT,1,PERSONAL,B,5000,12.18,0,0.09,N,3
26,50000,RENT,0,MEDICAL,C,13000,12.09,0,0.26,N,3
26,100000,MORTGAGE,4,DEBTCONSOLIDATION,B,25000,11.99,0,0.25,N,3
26,38400,OWN,1,PERSONAL,B,15500,11.99,0,0.4,N,3
26,58000,MORTGAGE,0,VENTURE,B,11600,11.99,0,0.2,N,3
26,79000,RENT,7,HOMEIMPROVEMENT,B,11500,11.99,0,0.15,N,3
26,80000,MORTGAGE,10,DEBTCONSOLIDATION,B,10800,11.99,0,0.14,N,3
26,51300,RENT,9,DEBTCONSOLIDATION,B,8400,11.99,0,0.16,N,3
26,100800,MORTGAGE,7,EDUCATION,B,8000,11.99,0,0.08,N,3
26,81600,MORTGAGE,1,DEBTCONSOLIDATION,B,7200,11.99,0,0.09,N,3
26,51600,RENT,10,HOMEIMPROVEMENT,B,5500,11.99,1,0.11,N,3
26,64800,MORTGAGE,5,EDUCATION,B,2000,11.99,0,0.03,N,3
26,50000,MORTGAGE,10,MEDICAL,C,13000,11.97,0,0.26,Y,3
26,54000,RENT,2,PERSONAL,C,6600,11.97,0,0.12,N,3
26,56000,MORTGAGE,11,MEDICAL,B,12000,11.89,0,0.21,N,3
26,87000,MORTGAGE,10,VENTURE,B,1000,11.89,0,0.01,N,3
26,157500,MORTGAGE,4,PERSONAL,B,25000,11.86,0,0.16,N,3
26,80004,MORTGAGE,4,PERSONAL,B,15000,11.86,0,0.19,N,3
26,80004,MORTGAGE,4,EDUCATION,B,15000,11.86,0,0.19,N,3
26,46800,RENT,0,EDUCATION,B,12500,11.86,0,0.27,N,3
26,40272,MORTGAGE,3,EDUCATION,B,10000,11.86,0,0.25,N,3
26,72000,RENT,4,HOMEIMPROVEMENT,B,4800,11.86,0,0.07,N,3
26,80000,RENT,10,VENTURE,B,12000,11.83,0,0.15,N,3
26,75996,OWN,7,VENTURE,B,8000,11.83,0,0.11,N,3
26,85757,RENT,0,MEDICAL,B,7800,11.83,0,0.09,N,3
26,58000,MORTGAGE,5,MEDICAL,B,31300,11.71,0,0.54,N,3
26,92500,RENT,3,DEBTCONSOLIDATION,B,12000,11.71,0,0.13,N,3
26,64000,MORTGAGE,3,EDUCATION,B,12000,11.71,0,0.19,N,3
26,78402,RENT,3,VENTURE,B,11200,11.71,0,0.14,N,3
26,30000,RENT,0,VENTURE,B,10625,11.71,1,0.35,N,3
26,49995,MORTGAGE,10,EDUCATION,B,10000,11.71,0,0.2,N,3
26,33000,RENT,3,PERSONAL,B,10000,11.71,0,0.3,N,3
26,55000,MORTGAGE,6,PERSONAL,B,3775,11.71,0,0.07,N,3
26,65000,RENT,5,DEBTCONSOLIDATION,B,3200,11.71,0,0.05,N,3
26,27600,OWN,2,VENTURE,B,2500,11.71,0,0.09,N,3
26,54000,RENT,10,PERSONAL,B,1000,11.71,0,0.02,N,3
26,48000,RENT,0,MEDICAL,C,12000,11.66,0,0.25,N,3
26,116600,RENT,2,HOMEIMPROVEMENT,C,7500,11.59,0,0.06,Y,3
26,105000,MORTGAGE,3,VENTURE,B,25000,11.58,0,0.24,N,3
26,88596,RENT,3,PERSONAL,B,24000,11.58,0,0.27,N,3
26,65004,MORTGAGE,10,HOMEIMPROVEMENT,B,5000,11.58,0,0.08,N,3
26,16120,RENT,2,PERSONAL,B,5000,11.58,1,0.31,N,3
26,57000,MORTGAGE,10,VENTURE,B,2500,11.58,0,0.04,N,3
26,90000,RENT,10,MEDICAL,B,20000,11.49,0,0.22,N,3
26,95000,RENT,10,EDUCATION,B,17000,11.49,0,0.18,N,3
26,108000,MORTGAGE,8,HOMEIMPROVEMENT,B,15000,11.49,1,0.14,N,3
26,35000,RENT,,MEDICAL,B,14500,11.49,1,0.41,N,3
26,30720,RENT,4,DEBTCONSOLIDATION,B,10000,11.49,1,0.33,N,3
26,35960,RENT,10,MEDICAL,B,8400,11.49,0,0.23,N,3
26,24000,RENT,3,EDUCATION,B,5400,11.49,0,0.23,N,3
26,33000,RENT,2,MEDICAL,B,3000,11.49,1,0.09,N,3
26,30000,RENT,9,VENTURE,B,2000,11.49,0,0.07,N,3
26,45000,RENT,5,MEDICAL,B,2000,11.49,0,0.04,N,3
26,32000,RENT,5,DEBTCONSOLIDATION,B,2000,11.49,0,0.06,N,3
26,277104,RENT,0,VENTURE,B,20000,11.48,0,0.07,N,3
26,61000,MORTGAGE,5,VENTURE,B,19200,11.48,0,0.31,N,3
26,42000,MORTGAGE,0,VENTURE,B,4500,11.48,0,0.11,N,3
26,42000,MORTGAGE,0,EDUCATION,B,4500,11.48,0,0.11,N,3
26,92000,MORTGAGE,0,DEBTCONSOLIDATION,B,5600,11.46,0,0.06,N,3
26,30000,OWN,3,PERSONAL,B,12000,11.36,0,0.4,N,3
26,88800,MORTGAGE,10,MEDICAL,B,10000,11.36,0,0.11,N,3
26,35000,RENT,3,MEDICAL,B,1800,11.36,0,0.05,N,3
26,29000,RENT,1,EDUCATION,C,1000,11.28,1,0.03,N,3
26,151900,MORTGAGE,10,HOMEIMPROVEMENT,B,20000,11.26,1,0.13,N,3
26,48000,RENT,0,DEBTCONSOLIDATION,B,13000,11.26,0,0.27,N,3
26,220836,MORTGAGE,10,VENTURE,B,9000,11.26,0,0.04,N,3
26,19800,RENT,0,MEDICAL,C,4725,11.22,1,0.24,N,3
26,26004,MORTGAGE,2,HOMEIMPROVEMENT,B,10000,11.14,0,0.38,N,3
26,75000,RENT,1,HOMEIMPROVEMENT,B,10000,11.14,0,0.13,N,3
26,85000,MORTGAGE,2,MEDICAL,B,8000,11.14,0,0.09,N,3
26,30000,OWN,3,EDUCATION,B,7500,11.14,0,0.25,N,3
26,45450,RENT,2,MEDICAL,B,7500,11.14,0,0.17,N,3
26,63834,MORTGAGE,5,MEDICAL,B,17000,11.12,0,0.27,N,3
26,48000,OWN,10,VENTURE,B,15000,11.12,0,0.31,N,3
26,33996,RENT,2,PERSONAL,B,10800,11.12,1,0.32,N,3
26,33996,RENT,2,MEDICAL,B,10800,11.12,1,0.32,N,3
26,62065,RENT,7,PERSONAL,B,6000,11.12,1,0.1,N,3
26,110000,MORTGAGE,5,PERSONAL,B,15000,11.11,0,0.14,N,3
26,30000,RENT,4,DEBTCONSOLIDATION,B,12000,11.11,1,0.4,N,3
26,49200,OWN,11,HOMEIMPROVEMENT,B,10750,11.11,0,0.22,N,3
26,260000,OWN,10,HOMEIMPROVEMENT,B,28000,10.99,0,0.11,N,3
26,83000,MORTGAGE,2,MEDICAL,B,25000,10.99,0,0.3,N,3
26,95000,MORTGAGE,1,PERSONAL,B,24000,10.99,0,0.25,N,3
26,40000,RENT,4,MEDICAL,B,15000,10.99,1,0.38,N,3
26,92000,RENT,10,PERSONAL,B,14200,10.99,0,0.15,N,3
26,50000,MORTGAGE,5,HOMEIMPROVEMENT,B,12375,10.99,0,0.25,N,3
26,61000,MORTGAGE,10,PERSONAL,B,12000,10.99,0,0.2,N,3
26,115000,RENT,3,VENTURE,B,12000,10.99,0,0.1,N,3
26,46999,RENT,2,VENTURE,B,10000,10.99,0,0.21,N,3
26,145000,RENT,1,HOMEIMPROVEMENT,B,10000,10.99,0,0.07,N,3
26,145000,RENT,1,DEBTCONSOLIDATION,B,10000,10.99,0,0.07,N,3
26,89000,MORTGAGE,10,HOMEIMPROVEMENT,B,8000,10.99,0,0.09,N,3
26,82000,RENT,5,VENTURE,B,8000,10.99,0,0.1,N,3
26,71500,MORTGAGE,10,HOMEIMPROVEMENT,B,7500,10.99,0,0.1,N,3
26,37000,RENT,10,PERSONAL,B,6300,10.99,0,0.17,N,3
26,38000,RENT,0,DEBTCONSOLIDATION,B,6025,10.99,0,0.16,N,3
26,93000,MORTGAGE,10,DEBTCONSOLIDATION,B,6000,10.99,0,0.06,N,3
26,98000,RENT,8,DEBTCONSOLIDATION,B,6000,10.99,0,0.06,N,3
26,17376,RENT,1,VENTURE,B,6000,10.99,1,0.35,N,3
26,130000,MORTGAGE,10,MEDICAL,B,4000,10.99,0,0.03,N,3
26,130000,RENT,0,EDUCATION,B,4000,10.99,0,0.03,N,3
26,44000,RENT,0,MEDICAL,B,3075,10.99,0,0.07,N,3
26,70000,MORTGAGE,10,DEBTCONSOLIDATION,B,2500,10.99,0,0.04,N,3
26,64000,RENT,3,MEDICAL,B,2500,10.99,0,0.04,N,3
26,41004,MORTGAGE,5,VENTURE,B,16000,10.95,0,0.39,N,3
26,109500,MORTGAGE,10,VENTURE,B,5000,10.95,0,0.05,N,3
26,91800,RENT,7,MEDICAL,C,15450,10.91,1,0.14,Y,3
26,33000,MORTGAGE,1,DEBTCONSOLIDATION,C,12000,10.91,1,0.36,Y,3
26,35000,RENT,0,VENTURE,C,12000,10.91,1,0.34,Y,3
26,80000,RENT,0,EDUCATION,C,9000,10.91,0,0.11,Y,3
26,155000,MORTGAGE,10,EDUCATION,B,25000,10.75,0,0.16,N,3
26,129996,RENT,6,PERSONAL,B,25000,10.75,0,0.19,N,3
26,51500,RENT,3,MEDICAL,B,6000,10.75,0,0.12,N,3
26,81000,MORTGAGE,6,MEDICAL,B,5000,10.75,0,0.06,N,3
26,30000,RENT,4,VENTURE,B,4000,10.75,0,0.13,N,3
26,64000,RENT,,DEBTCONSOLIDATION,B,1000,10.75,0,0.02,N,3
26,74000,MORTGAGE,1,EDUCATION,B,24000,10.74,1,0.32,N,3
26,76250,RENT,6,DEBTCONSOLIDATION,B,10000,10.71,0,0.13,N,3
26,76250,RENT,6,VENTURE,B,10000,10.71,0,0.13,N,3
26,33600,RENT,4,DEBTCONSOLIDATION,B,6000,10.71,0,0.18,N,3
26,36800,RENT,0,PERSONAL,B,5900,10.71,0,0.16,N,3
26,7904,MORTGAGE,0,HOMEIMPROVEMENT,B,500,10.71,0,0.06,N,3
26,35000,RENT,7,MEDICAL,B,14575,10.65,1,0.42,N,3
26,69000,MORTGAGE,0,PERSONAL,B,14400,10.65,1,0.21,N,3
26,60000,RENT,5,HOMEIMPROVEMENT,B,12000,10.65,0,0.2,N,3
26,95000,RENT,0,VENTURE,B,12000,10.65,0,0.13,N,3
26,122500,RENT,1,MEDICAL,B,10000,10.65,0,0.08,N,3
26,36588,MORTGAGE,,DEBTCONSOLIDATION,B,10000,10.65,0,0.27,N,3
26,27000,RENT,1,MEDICAL,B,5800,10.65,0,0.21,N,3
26,34000,MORTGAGE,5,EDUCATION,B,5500,10.65,1,0.16,N,3
26,114996,MORTGAGE,1,EDUCATION,B,24000,10.62,0,0.21,N,3
26,72000,MORTGAGE,7,VENTURE,B,16000,10.59,0,0.22,N,3
26,90000,MORTGAGE,10,PERSONAL,B,13000,10.59,0,0.14,N,3
26,90000,MORTGAGE,10,PERSONAL,B,13000,10.59,0,0.14,N,3
26,60000,RENT,0,VENTURE,B,9000,10.59,0,0.15,N,3
26,36000,RENT,10,VENTURE,B,7500,10.59,0,0.21,N,3
26,35000,MORTGAGE,3,PERSONAL,B,7200,10.59,0,0.21,N,3
26,52000,RENT,5,PERSONAL,B,5000,10.59,0,0.1,N,3
26,57000,RENT,10,MEDICAL,B,4100,10.59,0,0.07,N,3
26,52000,MORTGAGE,7,DEBTCONSOLIDATION,B,3600,10.51,0,0.07,N,3
26,45900,RENT,0,PERSONAL,B,12000,10.39,0,0.26,N,3
26,64000,MORTGAGE,10,HOMEIMPROVEMENT,B,15000,10.38,0,0.23,N,3
26,75000,RENT,0,MEDICAL,B,12000,10.38,0,0.16,N,3
26,75000,RENT,0,EDUCATION,B,12000,10.38,0,0.16,N,3
26,21600,RENT,9,VENTURE,B,7200,10.38,1,0.33,N,3
26,170000,MORTGAGE,0,HOMEIMPROVEMENT,B,20000,10.37,0,0.12,N,3
26,94500,RENT,6,HOMEIMPROVEMENT,B,14400,10.37,0,0.15,N,3
26,39900,RENT,1,DEBTCONSOLIDATION,B,14000,10.37,1,0.35,N,3
26,31200,RENT,4,VENTURE,B,2500,10.37,0,0.08,N,3
26,65004,MORTGAGE,7,HOMEIMPROVEMENT,B,20000,10.36,0,0.31,N,3
26,150000,MORTGAGE,10,DEBTCONSOLIDATION,B,14000,10.36,0,0.09,N,3
26,110004,MORTGAGE,1,VENTURE,B,12000,10.36,0,0.11,N,3
26,86502,RENT,7,PERSONAL,B,8000,10.36,0,0.09,N,3
26,96000,RENT,0,HOMEIMPROVEMENT,B,1000,10.36,0,0.01,N,3
26,21600,MORTGAGE,0,HOMEIMPROVEMENT,B,1000,10.36,0,0.05,N,3
26,83000,MORTGAGE,1,PERSONAL,B,17000,10.25,0,0.2,N,3
26,45000,RENT,3,VENTURE,B,1500,10.25,0,0.03,N,3
26,48000,RENT,4,MEDICAL,B,3000,10.14,0,0.06,N,3
26,36194,MORTGAGE,10,PERSONAL,B,9250,10.08,0,0.26,N,3
26,40000,MORTGAGE,10,VENTURE,B,5200,10.08,0,0.13,N,3
26,28800,RENT,10,MEDICAL,B,15000,10,1,0.52,N,3
26,77368,RENT,1,VENTURE,B,15000,10,0,0.19,N,3
26,77368,RENT,1,VENTURE,B,15000,10,0,0.19,N,3
26,96000,MORTGAGE,4,VENTURE,B,11625,10,0,0.12,N,3
26,74000,RENT,3,PERSONAL,B,9000,10,0,0.12,N,3
26,24500,RENT,4,EDUCATION,B,8875,10,1,0.36,N,3
26,30000,RENT,1,MEDICAL,B,8000,10,0,0.27,N,3
26,60000,RENT,3,DEBTCONSOLIDATION,B,3000,10,0,0.05,N,3
26,160000,RENT,3,HOMEIMPROVEMENT,B,20000,9.99,0,0.13,N,3
26,65000,MORTGAGE,7,HOMEIMPROVEMENT,B,14400,9.99,0,0.22,N,3
26,83000,RENT,1,DEBTCONSOLIDATION,B,12000,9.99,0,0.14,N,3
26,40000,RENT,0,DEBTCONSOLIDATION,B,12000,9.99,0,0.3,N,3
26,87000,MORTGAGE,10,DEBTCONSOLIDATION,B,10000,9.99,0,0.11,N,3
26,51000,MORTGAGE,11,HOMEIMPROVEMENT,B,9000,9.99,0,0.18,N,3
26,56950,RENT,10,MEDICAL,B,7550,9.99,1,0.11,N,3
26,46800,RENT,6,DEBTCONSOLIDATION,B,7500,9.99,0,0.16,N,3
26,79700,MORTGAGE,9,DEBTCONSOLIDATION,B,7200,9.99,0,0.09,N,3
26,100840,RENT,10,DEBTCONSOLIDATION,B,7000,9.99,0,0.07,N,3
26,46000,MORTGAGE,8,HOMEIMPROVEMENT,B,7000,9.99,1,0.15,N,3
26,43000,RENT,2,MEDICAL,B,7000,9.99,0,0.16,N,3
26,45600,RENT,0,MEDICAL,B,7000,9.99,0,0.15,N,3
26,102552,RENT,10,MEDICAL,B,5600,9.99,0,0.05,N,3
26,21600,OWN,,MEDICAL,B,4200,9.99,0,0.19,N,3
26,52800,RENT,4,PERSONAL,B,4000,9.99,1,0.08,N,3
26,31104,RENT,1,DEBTCONSOLIDATION,B,4000,9.99,0,0.13,N,3
26,12000,OWN,6,EDUCATION,B,2500,9.99,1,0.21,N,3
26,72500,RENT,1,VENTURE,B,10000,9.96,0,0.14,N,3
26,48000,RENT,3,DEBTCONSOLIDATION,B,8000,9.96,0,0.17,N,3
26,84000,MORTGAGE,10,PERSONAL,B,4925,9.96,0,0.06,N,3
26,50400,MORTGAGE,3,HOMEIMPROVEMENT,B,24000,9.91,0,0.48,N,3
26,74000,MORTGAGE,8,EDUCATION,B,15000,9.91,1,0.2,N,3
26,50000,RENT,3,EDUCATION,B,15000,9.91,0,0.3,N,3
26,58000,RENT,5,DEBTCONSOLIDATION,B,12000,9.91,0,0.21,N,3
26,165000,RENT,10,PERSONAL,B,10300,9.91,0,0.06,N,3
26,53000,RENT,4,VENTURE,B,6800,9.91,0,0.13,N,3
26,90000,MORTGAGE,0,EDUCATION,B,6000,9.91,0,0.07,N,3
26,40000,RENT,11,EDUCATION,B,5000,9.91,0,0.13,N,3
26,40000,RENT,11,PERSONAL,B,5000,9.91,0,0.13,N,3
26,75000,MORTGAGE,10,VENTURE,B,5000,9.91,0,0.07,N,3
26,34000,RENT,0,VENTURE,B,1200,9.91,0,0.04,N,3
26,175000,RENT,2,VENTURE,B,17000,9.88,0,0.1,N,3
26,51600,OWN,10,HOMEIMPROVEMENT,B,15000,9.88,0,0.29,N,3
26,36000,RENT,2,DEBTCONSOLIDATION,B,14500,9.88,1,0.4,N,3
26,36000,MORTGAGE,10,PERSONAL,B,10000,9.88,0,0.28,N,3
26,74500,MORTGAGE,10,DEBTCONSOLIDATION,B,8000,9.88,0,0.11,N,3
26,85000,MORTGAGE,,EDUCATION,B,6000,9.88,0,0.07,N,3
26,25000,OWN,1,EDUCATION,B,5000,9.88,0,0.2,N,3
26,33227,RENT,2,EDUCATION,B,4000,9.88,0,0.12,N,3
26,64000,RENT,8,DEBTCONSOLIDATION,B,7500,9.83,0,0.12,N,3
26,48000,RENT,10,EDUCATION,B,4225,9.83,0,0.09,N,3
26,120000,MORTGAGE,8,EDUCATION,B,25000,9.76,0,0.21,N,3
26,24000,MORTGAGE,5,PERSONAL,B,8000,9.76,0,0.33,N,3
26,51996,MORTGAGE,10,PERSONAL,B,1500,9.7,0,0.03,N,3
26,38244,MORTGAGE,6,DEBTCONSOLIDATION,A,18000,9.63,0,0.47,N,3
26,69575,RENT,3,MEDICAL,A,14000,9.63,0,0.2,N,3
26,44000,MORTGAGE,4,PERSONAL,B,11500,9.63,1,0.26,N,3
26,125000,RENT,0,MEDICAL,B,8000,9.63,0,0.06,N,3
26,76668,RENT,10,EDUCATION,A,7200,9.63,0,0.09,N,3
26,84000,MORTGAGE,10,DEBTCONSOLIDATION,A,3000,9.63,0,0.04,N,3
26,52000,MORTGAGE,10,PERSONAL,A,3000,9.63,0,0.06,N,3
26,75000,MORTGAGE,1,HOMEIMPROVEMENT,A,3000,9.63,0,0.04,N,3
26,30000,RENT,2,EDUCATION,A,1000,9.63,0,0.03,N,3
26,5500,RENT,0,EDUCATION,A,1000,9.63,1,0.18,N,3
26,63400,OWN,0,VENTURE,B,20000,9.62,0,0.32,N,3
26,63400,OWN,0,EDUCATION,B,20000,9.62,0,0.32,N,3
26,60000,MORTGAGE,4,EDUCATION,B,7000,9.62,0,0.12,N,3
26,100000,MORTGAGE,9,EDUCATION,B,12800,9.45,0,0.13,N,3
26,70000,RENT,2,HOMEIMPROVEMENT,B,10000,9.45,0,0.14,N,3
26,70000,RENT,2,DEBTCONSOLIDATION,B,10000,9.45,0,0.14,N,3
26,40000,RENT,3,DEBTCONSOLIDATION,B,5000,9.45,0,0.13,N,3
26,90000,RENT,0,MEDICAL,A,12000,9.38,0,0.13,N,3
26,85000,MORTGAGE,4,MEDICAL,B,2750,9.33,1,0.03,N,3
26,97700,MORTGAGE,1,DEBTCONSOLIDATION,A,10400,9.32,0,0.11,N,3
26,56004,OWN,2,MEDICAL,A,10000,9.32,0,0.18,N,3
26,105000,MORTGAGE,10,DEBTCONSOLIDATION,A,9500,9.32,0,0.09,N,3
26,69780,RENT,3,PERSONAL,A,6000,9.32,0,0.09,N,3
26,58979,RENT,2,DEBTCONSOLIDATION,A,5000,9.32,0,0.08,N,3
26,54500,RENT,7,EDUCATION,A,2400,9.32,0,0.04,N,3
26,63000,MORTGAGE,10,HOMEIMPROVEMENT,B,10000,9.25,0,0.16,N,3
26,35000,MORTGAGE,10,HOMEIMPROVEMENT,B,2500,9.25,0,0.07,N,3
26,56000,RENT,4,PERSONAL,A,7000,9.07,0,0.13,N,3
26,65000,MORTGAGE,6,EDUCATION,A,6000,9.07,0,0.09,N,3
26,107900,MORTGAGE,10,MEDICAL,A,16500,8.94,0,0.15,N,3
26,100000,RENT,11,PERSONAL,A,14500,8.94,0,0.14,N,3
26,32000,RENT,6,MEDICAL,A,12000,8.94,1,0.38,N,3
26,37000,MORTGAGE,4,VENTURE,A,10400,8.94,0,0.28,N,3
26,54528,MORTGAGE,9,HOMEIMPROVEMENT,A,10000,8.94,0,0.18,N,3
26,37500,RENT,1,DEBTCONSOLIDATION,A,10000,8.94,0,0.27,N,3
26,48000,RENT,7,PERSONAL,A,9000,8.94,0,0.19,N,3
26,48000,RENT,7,MEDICAL,A,9000,8.94,0,0.19,N,3
26,55000,RENT,10,MEDICAL,A,8400,8.94,0,0.15,N,3
26,36000,RENT,1,VENTURE,A,7000,8.94,0,0.19,N,3
26,83957,MORTGAGE,4,MEDICAL,A,3000,8.94,0,0.04,N,3
26,175000,MORTGAGE,2,DEBTCONSOLIDATION,A,3000,8.94,0,0.02,N,3
26,128000,MORTGAGE,8,DEBTCONSOLIDATION,A,35000,8.9,0,0.27,N,3
26,85000,MORTGAGE,10,MEDICAL,A,24000,8.9,0,0.28,N,3
26,27000,RENT,9,DEBTCONSOLIDATION,A,11000,8.9,1,0.41,N,3
26,45000,MORTGAGE,4,PERSONAL,A,11000,8.9,0,0.24,N,3
26,52000,OWN,10,PERSONAL,A,10000,8.9,0,0.19,N,3
26,107000,RENT,2,MEDICAL,A,9800,8.9,0,0.09,N,3
26,28800,OWN,8,EDUCATION,A,6000,8.9,0,0.21,N,3
26,24000,RENT,5,MEDICAL,A,6000,8.9,0,0.25,N,3
26,44000,RENT,4,MEDICAL,A,5000,8.9,0,0.11,N,3
26,34400,RENT,5,MEDICAL,A,4200,8.9,0,0.12,N,3
26,35000,RENT,2,MEDICAL,A,2500,8.9,0,0.07,N,3
26,43000,RENT,,PERSONAL,A,2125,8.9,0,0.05,N,3
26,95004,MORTGAGE,10,HOMEIMPROVEMENT,B,24250,8.88,0,0.26,N,3
26,45000,RENT,3,EDUCATION,B,15000,8.88,1,0.33,N,3
26,58900,MORTGAGE,8,PERSONAL,A,6400,8.63,0,0.11,N,3
26,56004,MORTGAGE,3,EDUCATION,A,13000,8.59,0,0.23,N,3
26,55000,RENT,7,MEDICAL,A,10000,8.59,0,0.18,N,3
26,35000,RENT,0,MEDICAL,A,6600,8.59,0,0.19,N,3
26,58000,RENT,0,PERSONAL,A,3500,8.59,0,0.06,N,3
26,20004,RENT,2,EDUCATION,A,2000,8.59,1,0.1,N,3
26,51996,MORTGAGE,8,DEBTCONSOLIDATION,A,18000,8.49,0,0.35,N,3
26,75000,MORTGAGE,5,VENTURE,A,15000,8.49,0,0.2,N,3
26,98000,MORTGAGE,5,MEDICAL,A,12000,8.49,0,0.12,N,3
26,42000,RENT,3,VENTURE,A,12000,8.49,0,0.29,N,3
26,68000,MORTGAGE,10,EDUCATION,A,10000,8.49,0,0.15,N,3
26,32956,OWN,10,MEDICAL,A,10000,8.49,0,0.3,N,3
26,50000,RENT,2,PERSONAL,A,10000,8.49,0,0.2,N,3
26,52000,OWN,10,VENTURE,A,8000,8.49,0,0.15,N,3
26,76000,MORTGAGE,10,HOMEIMPROVEMENT,A,5425,8.49,0,0.07,N,3
26,105000,MORTGAGE,11,PERSONAL,A,5000,8.49,0,0.05,N,3
26,72000,MORTGAGE,3,MEDICAL,A,5000,8.49,0,0.07,N,3
26,15000,RENT,0,PERSONAL,A,4750,8.49,1,0.32,N,3
26,55000,MORTGAGE,,VENTURE,A,4500,8.49,0,0.08,N,3
26,55000,RENT,1,EDUCATION,A,3200,8.49,0,0.06,N,3
26,40000,MORTGAGE,3,MEDICAL,A,2200,8.49,0,0.06,N,3
26,100000,MORTGAGE,7,DEBTCONSOLIDATION,A,7500,8.32,0,0.07,N,3
26,100000,MORTGAGE,7,DEBTCONSOLIDATION,A,7500,8.32,0,0.07,N,3
26,39996,MORTGAGE,10,VENTURE,A,6500,8.32,0,0.16,N,3
26,147996,MORTGAGE,10,DEBTCONSOLIDATION,A,7500,8,0,0.05,N,3
26,19500,OWN,0,PERSONAL,A,5000,8,1,0.26,N,3
26,80000,MORTGAGE,5,HOMEIMPROVEMENT,A,3000,8,0,0.04,N,3
26,62004,RENT,9,DEBTCONSOLIDATION,A,24000,7.9,1,0.39,N,3
26,97000,RENT,1,EDUCATION,A,21000,7.9,0,0.22,N,3
26,60000,MORTGAGE,7,DEBTCONSOLIDATION,A,16000,7.9,0,0.27,N,3
26,47000,RENT,7,PERSONAL,A,15000,7.9,1,0.32,N,3
26,53100,OWN,10,VENTURE,A,13000,7.9,0,0.24,N,3
26,110400,RENT,9,EDUCATION,A,13000,7.9,0,0.12,N,3
26,150000,RENT,3,PERSONAL,A,12000,7.9,0,0.08,N,3
26,62900,MORTGAGE,4,MEDICAL,A,11000,7.9,1,0.15,N,3
26,54000,RENT,6,VENTURE,A,10000,7.9,0,0.19,N,3
26,34000,RENT,5,DEBTCONSOLIDATION,A,7500,7.9,1,0.22,N,3
26,35000,OWN,1,PERSONAL,A,7500,7.9,0,0.21,N,3
26,83004,RENT,7,VENTURE,A,5450,7.9,0,0.07,N,3
26,60000,RENT,1,HOMEIMPROVEMENT,A,4800,7.9,0,0.08,N,3
26,38100,MORTGAGE,6,VENTURE,A,3900,7.9,0,0.1,N,3
26,61000,RENT,1,MEDICAL,A,2000,7.9,0,0.03,N,3
26,101000,MORTGAGE,6,PERSONAL,A,16000,7.88,0,0.16,N,3
26,38376,MORTGAGE,3,EDUCATION,A,14500,7.88,0,0.38,N,3
26,33800,MORTGAGE,9,VENTURE,A,14400,7.88,0,0.43,N,3
26,98000,MORTGAGE,7,VENTURE,A,14000,7.88,0,0.14,N,3
26,54000,MORTGAGE,5,PERSONAL,A,14000,7.88,0,0.26,N,3
26,25000,OWN,7,VENTURE,A,11500,7.88,0,0.46,N,3
26,54000,MORTGAGE,9,PERSONAL,A,10800,7.88,0,0.2,N,3
26,75000,MORTGAGE,2,EDUCATION,A,10000,7.88,0,0.13,N,3
26,55000,MORTGAGE,10,HOMEIMPROVEMENT,A,9800,7.88,0,0.18,N,3
26,34000,RENT,1,MEDICAL,A,8500,7.88,0,0.25,N,3
26,53000,MORTGAGE,9,VENTURE,A,8000,7.88,0,0.15,N,3
26,52000,RENT,11,EDUCATION,A,7000,7.88,0,0.13,N,3
26,69000,RENT,7,EDUCATION,A,6200,7.88,0,0.09,N,3
26,82000,RENT,8,HOMEIMPROVEMENT,A,6000,7.88,0,0.07,N,3
26,27983,MORTGAGE,7,DEBTCONSOLIDATION,A,6000,7.88,0,0.21,N,3
26,27983,MORTGAGE,7,VENTURE,A,6000,7.88,0,0.21,N,3
26,152004,MORTGAGE,8,EDUCATION,A,5800,7.88,0,0.04,N,3
26,15436,RENT,,DEBTCONSOLIDATION,A,5500,7.88,1,0.36,N,3
26,15436,RENT,,HOMEIMPROVEMENT,A,5500,7.88,1,0.36,N,3
26,103992,RENT,10,VENTURE,A,5000,7.88,0,0.05,N,3
26,48996,RENT,5,EDUCATION,A,5000,7.88,0,0.1,N,3
26,19200,OWN,7,PERSONAL,A,4500,7.88,1,0.23,N,3
26,60000,MORTGAGE,0,PERSONAL,A,9800,7.75,0,0.16,N,3
26,51000,MORTGAGE,3,HOMEIMPROVEMENT,A,10000,7.74,0,0.2,N,3
26,30000,RENT,3,DEBTCONSOLIDATION,A,6000,7.74,0,0.2,N,3
26,39516,RENT,0,MEDICAL,A,5000,7.74,0,0.13,N,3
26,72600,MORTGAGE,3,VENTURE,A,4500,7.74,0,0.06,N,3
26,44004,RENT,2,MEDICAL,A,4500,7.74,0,0.1,N,3
26,20000,MORTGAGE,1,PERSONAL,A,1500,7.74,0,0.07,N,3
26,40000,RENT,1,MEDICAL,A,1400,7.74,0,0.04,N,3
26,109000,MORTGAGE,10,PERSONAL,A,6000,7.68,0,0.06,N,3
26,94000,MORTGAGE,1,DEBTCONSOLIDATION,A,5000,7.68,0,0.05,N,3
26,94000,MORTGAGE,1,MEDICAL,A,5000,7.68,0,0.05,N,3
26,36000,RENT,2,PERSONAL,A,15000,7.66,1,0.42,N,3
26,83600,MORTGAGE,2,HOMEIMPROVEMENT,A,13600,7.66,0,0.16,N,3
26,143375,MORTGAGE,10,MEDICAL,A,12000,7.66,0,0.08,N,3
26,41500,RENT,9,EDUCATION,A,11400,7.66,0,0.27,N,3
26,38000,RENT,6,PERSONAL,A,10000,7.66,0,0.26,N,3
26,65000,RENT,1,PERSONAL,A,10000,7.66,0,0.15,N,3
26,50200,RENT,1,HOMEIMPROVEMENT,A,9000,7.66,0,0.18,N,3
26,50200,RENT,1,EDUCATION,A,9000,7.66,0,0.18,N,3
26,60000,MORTGAGE,10,EDUCATION,A,7875,7.66,0,0.13,N,3
26,24000,MORTGAGE,10,MEDICAL,A,5000,7.66,1,0.21,N,3
26,55080,MORTGAGE,10,MEDICAL,A,2500,7.66,1,0.04,N,3
26,42000,RENT,6,PERSONAL,A,12375,7.51,0,0.29,N,3
26,57000,RENT,0,HOMEIMPROVEMENT,A,11500,7.51,0,0.2,N,3
26,50000,MORTGAGE,10,PERSONAL,A,10000,7.51,0,0.2,N,3
26,127500,MORTGAGE,7,HOMEIMPROVEMENT,A,10000,7.51,0,0.08,N,3
26,54000,MORTGAGE,6,HOMEIMPROVEMENT,A,10000,7.51,0,0.19,N,3
26,55000,MORTGAGE,4,DEBTCONSOLIDATION,A,10000,7.51,1,0.18,N,3
26,57240,RENT,3,VENTURE,A,9000,7.51,0,0.16,N,3
26,31200,MORTGAGE,4,HOMEIMPROVEMENT,A,8400,7.51,0,0.27,N,3
26,65004,RENT,3,VENTURE,A,8400,7.51,0,0.13,N,3
26,38000,RENT,5,EDUCATION,A,7000,7.51,0,0.18,N,3
26,45000,RENT,1,VENTURE,A,7000,7.51,0,0.16,N,3
26,28000,RENT,7,MEDICAL,A,6500,7.51,0,0.23,N,3
26,31200,RENT,1,VENTURE,A,6400,7.51,0,0.21,N,3
26,12000,OWN,2,EDUCATION,A,6100,7.51,1,0.51,N,3
26,35000,MORTGAGE,10,MEDICAL,A,6000,7.51,0,0.17,N,3
26,117000,MORTGAGE,8,EDUCATION,A,6000,7.51,0,0.05,N,3
26,38400,MORTGAGE,5,DEBTCONSOLIDATION,A,6000,7.51,0,0.16,N,3
26,54080,OWN,10,EDUCATION,A,5000,7.51,0,0.09,N,3
26,132000,MORTGAGE,3,PERSONAL,A,2000,7.51,0,0.02,N,3
26,80690,RENT,8,PERSONAL,A,30000,7.49,1,0.37,N,3
26,85000,RENT,2,VENTURE,A,28000,7.49,1,0.33,N,3
26,50000,RENT,7,VENTURE,A,20500,7.49,1,0.41,N,3
26,30000,RENT,5,DEBTCONSOLIDATION,A,19075,7.49,1,0.64,N,3
26,159960,MORTGAGE,11,HOMEIMPROVEMENT,A,18325,7.49,0,0.11,N,3
26,69000,MORTGAGE,8,PERSONAL,A,15000,7.49,0,0.22,N,3
26,70500,MORTGAGE,11,PERSONAL,A,14500,7.49,1,0.21,N,3
26,117500,RENT,0,VENTURE,A,13800,7.49,0,0.12,N,3
26,144000,MORTGAGE,2,EDUCATION,A,12000,7.49,0,0.08,N,3
26,59000,RENT,3,EDUCATION,A,9600,7.49,1,0.16,N,3
26,29000,RENT,10,DEBTCONSOLIDATION,A,9200,7.49,1,0.32,N,3
26,54200,MORTGAGE,3,HOMEIMPROVEMENT,A,7000,7.49,0,0.13,N,3
26,99100,RENT,2,PERSONAL,A,7000,7.49,0,0.07,N,3
26,45000,RENT,3,MEDICAL,A,6000,7.49,0,0.13,N,3
26,52700,MORTGAGE,7,PERSONAL,A,4000,7.4,0,0.08,N,3
26,124726,MORTGAGE,3,PERSONAL,A,15000,7.29,0,0.12,N,3
26,48500,MORTGAGE,9,HOMEIMPROVEMENT,A,13000,7.29,0,0.27,N,3
26,73000,RENT,3,PERSONAL,A,10000,7.29,0,0.14,N,3
26,65000,MORTGAGE,3,VENTURE,A,10000,7.29,0,0.15,N,3
26,45000,RENT,2,DEBTCONSOLIDATION,A,9050,7.29,0,0.2,N,3
26,144000,RENT,0,DEBTCONSOLIDATION,A,5800,7.29,0,0.04,N,3
26,8400,RENT,,EDUCATION,A,3500,7.29,1,0.42,N,3
26,60000,MORTGAGE,6,PERSONAL,A,3050,7.29,0,0.05,N,3
26,100000,RENT,0,PERSONAL,A,13500,7.14,0,0.14,N,3
26,46000,RENT,4,PERSONAL,A,9000,7.14,0,0.2,N,3
26,46000,RENT,4,DEBTCONSOLIDATION,A,9000,7.14,0,0.2,N,3
26,90000,MORTGAGE,9,DEBTCONSOLIDATION,A,6500,7.14,0,0.07,N,3
26,69000,MORTGAGE,10,MEDICAL,A,6000,7.14,0,0.09,N,3
26,120000,MORTGAGE,8,DEBTCONSOLIDATION,A,4000,7.14,0,0.03,N,3
26,30000,MORTGAGE,0,EDUCATION,A,4000,7.14,0,0.13,N,3
26,37000,RENT,2,VENTURE,A,2500,7.14,0,0.07,N,3
26,51000,MORTGAGE,10,MEDICAL,A,15825,6.99,0,0.31,N,3
26,70000,RENT,6,HOMEIMPROVEMENT,A,12000,6.99,0,0.17,N,3
26,70000,RENT,0,DEBTCONSOLIDATION,A,11600,6.99,0,0.17,N,3
26,32000,RENT,6,PERSONAL,A,10000,6.99,1,0.31,N,3
26,77100,RENT,6,DEBTCONSOLIDATION,A,8350,6.99,0,0.11,N,3
26,65000,MORTGAGE,10,HOMEIMPROVEMENT,A,8000,6.99,0,0.12,N,3
26,21000,RENT,3,PERSONAL,A,5000,6.99,0,0.24,N,3
26,50000,RENT,10,VENTURE,A,1300,6.99,0,0.03,N,3
26,72000,RENT,6,PERSONAL,A,15000,6.92,0,0.21,N,3
26,76800,MORTGAGE,2,VENTURE,A,12800,6.92,0,0.17,N,3
26,60000,MORTGAGE,10,MEDICAL,A,12500,6.92,0,0.21,N,3
26,75000,MORTGAGE,4,HOMEIMPROVEMENT,A,12000,6.92,0,0.16,N,3
26,28608,RENT,2,MEDICAL,A,7000,6.92,0,0.24,N,3
26,55000,MORTGAGE,10,VENTURE,A,5000,6.92,0,0.09,N,3
26,48000,RENT,10,MEDICAL,A,4200,6.92,0,0.09,N,3
26,147000,MORTGAGE,3,HOMEIMPROVEMENT,A,4100,6.92,0,0.03,N,3
26,68399,MORTGAGE,7,PERSONAL,A,10500,6.91,0,0.15,N,3
26,39000,MORTGAGE,10,VENTURE,A,9500,6.91,0,0.24,N,3
26,60000,MORTGAGE,6,EDUCATION,A,9000,6.91,0,0.15,N,3
26,87996,MORTGAGE,3,DEBTCONSOLIDATION,A,8000,6.91,0,0.09,N,3
26,87996,MORTGAGE,3,MEDICAL,A,8000,6.91,0,0.09,N,3
26,80000,MORTGAGE,6,MEDICAL,A,2000,6.91,0,0.03,N,3
26,57500,MORTGAGE,2,DEBTCONSOLIDATION,A,7750,6.76,0,0.13,N,3
26,80000,MORTGAGE,2,VENTURE,A,4900,6.76,0,0.06,N,3
26,53155,MORTGAGE,10,MEDICAL,A,4000,6.76,0,0.08,N,3
26,36000,MORTGAGE,6,PERSONAL,A,4000,6.76,0,0.11,N,3
26,74000,MORTGAGE,1,MEDICAL,A,3000,6.76,0,0.04,N,3
26,35000,MORTGAGE,1,VENTURE,A,3000,6.76,0,0.09,N,3
26,83500,MORTGAGE,3,MEDICAL,A,1600,6.76,0,0.02,N,3
26,89028,RENT,0,DEBTCONSOLIDATION,A,30000,6.62,1,0.34,N,3
26,120000,MORTGAGE,10,DEBTCONSOLIDATION,A,23000,6.62,0,0.19,N,3
26,66000,RENT,10,PERSONAL,A,14000,6.62,0,0.21,N,3
26,85000,MORTGAGE,10,PERSONAL,A,12000,6.62,0,0.14,N,3
26,59500,MORTGAGE,9,VENTURE,A,12000,6.62,0,0.2,N,3
26,34100,RENT,0,DEBTCONSOLIDATION,A,11500,6.62,1,0.34,N,3
26,65000,MORTGAGE,2,HOMEIMPROVEMENT,A,10000,6.62,0,0.15,N,3
26,54000,MORTGAGE,4,PERSONAL,A,9600,6.62,0,0.18,N,3
26,84191,MORTGAGE,5,PERSONAL,A,9000,6.62,0,0.11,N,3
26,149400,MORTGAGE,1,MEDICAL,A,7000,6.62,0,0.05,N,3
26,30000,MORTGAGE,10,VENTURE,A,6500,6.62,0,0.22,N,3
26,101400,MORTGAGE,10,DEBTCONSOLIDATION,A,5600,6.62,0,0.06,N,3
26,69000,RENT,6,HOMEIMPROVEMENT,A,4200,6.62,0,0.06,N,3
26,77000,RENT,0,VENTURE,A,22000,6.54,0,0.29,N,3
26,109000,MORTGAGE,0,DEBTCONSOLIDATION,A,20000,6.54,0,0.18,N,3
26,70800,MORTGAGE,6,EDUCATION,A,8500,6.54,0,0.12,N,3
26,100000,RENT,6,MEDICAL,A,8000,6.54,0,0.08,N,3
26,35000,MORTGAGE,0,HOMEIMPROVEMENT,A,3800,6.54,0,0.11,N,3
26,68000,MORTGAGE,2,MEDICAL,A,3600,6.54,0,0.05,N,3
26,59000,RENT,10,MEDICAL,A,20000,6.17,1,0.34,N,3
26,96300,MORTGAGE,10,PERSONAL,A,15000,6.17,0,0.16,N,3
26,45000,RENT,0,MEDICAL,A,10800,6.17,0,0.24,N,3
26,49200,MORTGAGE,8,EDUCATION,A,4800,6.17,0,0.1,N,3
26,60000,RENT,7,DEBTCONSOLIDATION,A,15000,6.03,0,0.25,N,3
26,130000,MORTGAGE,8,PERSONAL,A,10000,6.03,0,0.08,N,3
26,100000,MORTGAGE,7,VENTURE,A,9200,6.03,0,0.09,N,3
26,41000,MORTGAGE,5,PERSONAL,A,8000,6.03,0,0.2,N,3
26,138000,MORTGAGE,0,DEBTCONSOLIDATION,A,7500,6.03,0,0.05,N,3
26,53000,MORTGAGE,3,VENTURE,A,2800,6.03,0,0.05,N,3
26,30000,OWN,3,VENTURE,A,1925,6.03,0,0.06,N,3
26,185000,RENT,0,VENTURE,A,13500,5.99,0,0.07,N,3
26,130000,MORTGAGE,3,MEDICAL,A,8600,5.99,0,0.07,N,3
26,41000,RENT,4,EDUCATION,A,6750,5.99,0,0.16,N,3
26,36000,RENT,10,MEDICAL,A,6400,5.99,0,0.18,N,3
26,75000,MORTGAGE,6,MEDICAL,A,6375,5.99,0,0.09,N,3
26,15600,RENT,5,DEBTCONSOLIDATION,A,5000,5.99,1,0.32,N,3
26,65000,RENT,0,PERSONAL,A,5000,5.99,0,0.08,N,3
26,32000,MORTGAGE,4,EDUCATION,A,4900,5.99,0,0.15,N,3
26,20000,MORTGAGE,5,MEDICAL,A,4800,5.99,0,0.24,N,3
26,20000,MORTGAGE,5,MEDICAL,A,4800,5.99,0,0.24,N,3
26,63096,MORTGAGE,1,HOMEIMPROVEMENT,A,4200,5.99,0,0.07,N,3
26,82000,MORTGAGE,10,PERSONAL,A,3200,5.99,0,0.04,N,3
26,48000,MORTGAGE,4,PERSONAL,A,10000,5.79,0,0.21,N,3
26,72000,RENT,0,DEBTCONSOLIDATION,A,10000,5.79,0,0.14,N,3
26,48000,RENT,5,MEDICAL,A,7000,5.79,0,0.15,N,3
26,111000,MORTGAGE,10,MEDICAL,A,5000,5.79,0,0.05,N,3
26,54000,MORTGAGE,3,MEDICAL,A,5000,5.79,0,0.09,N,3
26,24000,RENT,5,VENTURE,A,4500,5.79,0,0.19,N,3
26,75000,MORTGAGE,2,VENTURE,A,4000,5.79,0,0.05,N,3
26,27000,MORTGAGE,,DEBTCONSOLIDATION,A,3000,5.79,0,0.11,N,3
26,102000,MORTGAGE,5,PERSONAL,A,13000,5.42,0,0.13,N,3
26,66912,MORTGAGE,10,MEDICAL,A,12000,5.42,0,0.18,N,3
26,96000,MORTGAGE,3,PERSONAL,A,10000,5.42,0,0.1,N,3
26,75000,MORTGAGE,10,EDUCATION,A,9600,5.42,0,0.13,N,3
26,43000,MORTGAGE,9,PERSONAL,A,8800,5.42,0,0.2,N,3
26,54000,MORTGAGE,10,EDUCATION,A,8500,5.42,1,0.16,N,3
26,54000,MORTGAGE,10,MEDICAL,A,8500,5.42,1,0.16,N,3
26,90000,MORTGAGE,5,EDUCATION,A,8000,5.42,0,0.09,N,3
26,127000,MORTGAGE,10,EDUCATION,A,6000,5.42,0,0.05,N,3
26,55316,OWN,10,HOMEIMPROVEMENT,A,6000,5.42,0,0.11,N,3
26,22296,OWN,,PERSONAL,A,5400,5.42,0,0.24,N,3
26,70000,RENT,10,PERSONAL,A,4075,5.42,0,0.06,N,3
26,65000,MORTGAGE,0,DEBTCONSOLIDATION,A,4000,5.42,0,0.06,N,3
26,18700,RENT,2,MEDICAL,A,1500,5.42,0,0.08,N,3
26,50400,RENT,1,PERSONAL,A,1000,5.42,0,0.02,N,3
26,83000,MORTGAGE,11,DEBTCONSOLIDATION,B,25000,,0,0.3,N,3
26,80000,MORTGAGE,10,VENTURE,B,25000,,0,0.31,N,3
26,69000,MORTGAGE,4,HOMEIMPROVEMENT,B,25000,,1,0.36,N,3
26,120000,MORTGAGE,3,DEBTCONSOLIDATION,B,25000,,0,0.21,N,3
26,48000,RENT,4,MEDICAL,A,24000,,1,0.5,N,3
26,44000,MORTGAGE,3,EDUCATION,A,22500,,1,0.51,N,3
26,97000,RENT,3,EDUCATION,C,21000,,0,0.22,Y,3
26,75000,RENT,3,EDUCATION,A,20000,,0,0.27,N,3
26,90000,MORTGAGE,1,PERSONAL,B,20000,,0,0.22,N,3
26,50000,RENT,10,PERSONAL,B,18950,,1,0.38,N,3
26,50000,RENT,10,PERSONAL,B,18950,,1,0.38,N,3
26,79000,MORTGAGE,4,DEBTCONSOLIDATION,C,18500,,0,0.23,Y,3
26,108000,MORTGAGE,9,HOMEIMPROVEMENT,B,18300,,0,0.17,N,3
26,73200,MORTGAGE,10,VENTURE,C,17500,,0,0.24,N,3
26,72000,MORTGAGE,10,EDUCATION,D,16000,,0,0.22,N,3
26,40000,MORTGAGE,5,MEDICAL,A,16000,,0,0.4,N,3
26,90000,RENT,8,PERSONAL,D,15000,,0,0.17,Y,3
26,190300,MORTGAGE,5,PERSONAL,A,15000,,0,0.08,N,3
26,175000,MORTGAGE,0,PERSONAL,C,15000,,0,0.09,N,3
26,57800,MORTGAGE,0,MEDICAL,D,15000,,1,0.22,Y,3
26,125000,MORTGAGE,4,PERSONAL,C,14800,,0,0.12,Y,3
26,117000,MORTGAGE,4,MEDICAL,A,14400,,0,0.12,N,3
26,64900,RENT,4,MEDICAL,B,13625,,0,0.21,N,3
26,50000,RENT,0,HOMEIMPROVEMENT,B,13000,,0,0.26,N,3
26,35000,RENT,10,EDUCATION,B,12875,,1,0.37,N,3
26,55000,MORTGAGE,0,MEDICAL,B,12500,,0,0.23,N,3
26,105000,RENT,1,DEBTCONSOLIDATION,B,12100,,0,0.12,N,3
26,68000,MORTGAGE,9,EDUCATION,C,12000,,0,0.18,Y,3
26,60000,RENT,7,MEDICAL,B,12000,,0,0.2,N,3
26,90000,RENT,4,EDUCATION,A,12000,,0,0.13,N,3
26,26000,MORTGAGE,4,HOMEIMPROVEMENT,B,12000,,0,0.46,N,3
26,66000,MORTGAGE,2,HOMEIMPROVEMENT,D,12000,,1,0.18,N,3
26,45000,MORTGAGE,2,VENTURE,B,12000,,0,0.27,N,3
26,48000,MORTGAGE,0,DEBTCONSOLIDATION,C,12000,,0,0.25,N,3
26,39996,RENT,0,MEDICAL,B,12000,,0,0.3,N,3
26,36000,RENT,4,MEDICAL,A,11200,,1,0.31,N,3
26,62400,MORTGAGE,10,DEBTCONSOLIDATION,A,11000,,0,0.18,N,3
26,51500,MORTGAGE,7,VENTURE,B,11000,,0,0.21,N,3
26,16800,RENT,,PERSONAL,B,10625,,1,0.63,N,3
26,40000,RENT,3,MEDICAL,C,10200,,0,0.26,N,3
26,54000,MORTGAGE,10,MEDICAL,C,10000,,1,0.19,N,3
26,38000,RENT,10,VENTURE,B,10000,,0,0.26,N,3
26,50000,MORTGAGE,9,DEBTCONSOLIDATION,A,10000,,0,0.2,N,3
26,48000,MORTGAGE,7,MEDICAL,A,10000,,0,0.21,N,3
26,36000,RENT,7,VENTURE,B,10000,,0,0.28,N,3
26,92040,MORTGAGE,6,VENTURE,A,10000,,0,0.11,N,3
26,72000,MORTGAGE,3,HOMEIMPROVEMENT,A,10000,,0,0.14,N,3
26,42900,RENT,3,PERSONAL,D,10000,,0,0.23,N,3
26,45000,RENT,2,PERSONAL,C,10000,,0,0.22,N,3
26,110400,MORTGAGE,3,PERSONAL,F,9800,,0,0.09,Y,3
26,80600,MORTGAGE,10,HOMEIMPROVEMENT,B,9600,,0,0.12,N,3
26,35000,RENT,10,PERSONAL,D,8000,,0,0.23,N,3
26,30000,RENT,6,HOMEIMPROVEMENT,C,8000,,1,0.27,N,3
26,28800,RENT,5,EDUCATION,D,8000,,0,0.28,Y,3
26,53000,MORTGAGE,1,EDUCATION,A,8000,,0,0.15,N,3
26,85000,MORTGAGE,0,DEBTCONSOLIDATION,B,8000,,0,0.09,N,3
26,69654,MORTGAGE,10,MEDICAL,C,7500,,0,0.11,Y,3
26,75000,OWN,10,EDUCATION,C,7200,,0,0.1,N,3
26,45000,OWN,2,MEDICAL,C,7000,,0,0.16,N,3
26,29000,RENT,11,EDUCATION,A,6600,,0,0.23,N,3
26,50000,MORTGAGE,10,HOMEIMPROVEMENT,B,6000,,0,0.12,N,3
26,50000,RENT,4,PERSONAL,B,6000,,0,0.12,N,3
26,36000,RENT,0,EDUCATION,C,5650,,0,0.16,Y,3
26,116000,MORTGAGE,5,VENTURE,C,5000,,1,0.04,Y,3
26,80000,MORTGAGE,5,MEDICAL,A,5000,,0,0.06,N,3
26,70000,RENT,3,PERSONAL,D,5000,,0,0.07,Y,3
26,127000,MORTGAGE,5,DEBTCONSOLIDATION,C,4900,,0,0.04,Y,3
26,122000,MORTGAGE,4,EDUCATION,C,4800,,0,0.04,Y,3
26,50000,RENT,0,VENTURE,B,4800,,0,0.1,N,3
26,24000,RENT,0,EDUCATION,A,4800,,0,0.2,N,3
26,54396,RENT,10,MEDICAL,C,4500,,0,0.08,N,3
26,29000,RENT,10,DEBTCONSOLIDATION,B,4200,,0,0.14,N,3
26,36000,MORTGAGE,5,PERSONAL,A,4000,,0,0.11,N,3
26,14000,RENT,2,VENTURE,B,4000,,1,0.29,N,3
26,52800,RENT,1,PERSONAL,A,4000,,0,0.08,N,3
26,38000,MORTGAGE,1,HOMEIMPROVEMENT,A,4000,,0,0.11,N,3
26,113000,MORTGAGE,2,MEDICAL,B,3200,,0,0.03,N,3
26,30000,RENT,2,DEBTCONSOLIDATION,B,3200,,0,0.11,N,3
26,99900,MORTGAGE,10,PERSONAL,A,2700,,0,0.03,N,3
26,56810,MORTGAGE,10,DEBTCONSOLIDATION,C,2500,,0,0.04,Y,3
26,37225,RENT,4,PERSONAL,C,2500,,0,0.07,N,3
26,95000,RENT,0,VENTURE,A,2400,,0,0.03,N,3
26,70000,RENT,0,EDUCATION,C,2400,,0,0.03,Y,3
26,45600,RENT,5,VENTURE,A,2000,,0,0.04,N,3
26,19392,RENT,7,DEBTCONSOLIDATION,C,1900,,0,0.1,Y,3
26,22000,RENT,2,MEDICAL,B,1750,,0,0.08,N,3
26,44000,RENT,4,HOMEIMPROVEMENT,G,12500,22.11,1,0.28,Y,2
26,54400,RENT,2,MEDICAL,E,3000,19.42,1,0.05,N,2
26,69846,RENT,2,EDUCATION,F,22500,18.99,1,0.32,Y,2
26,48000,RENT,5,VENTURE,F,25000,18.43,1,0.52,N,2
26,148000,RENT,1,EDUCATION,F,24000,18.3,1,0.16,N,2
26,155142,MORTGAGE,6,PERSONAL,D,23000,18.25,0,0.15,N,2
26,155142,MORTGAGE,6,HOMEIMPROVEMENT,D,23000,18.25,0,0.15,N,2
26,45000,RENT,5,EDUCATION,D,8000,18.25,0,0.18,N,2
26,62050,RENT,6,MEDICAL,E,30000,17.99,1,0.41,N,2
26,54000,RENT,3,HOMEIMPROVEMENT,E,13000,17.93,0,0.24,Y,2
26,59497,OWN,2,MEDICAL,E,7000,17.88,1,0.1,N,2
26,188000,MORTGAGE,10,VENTURE,E,20000,17.74,1,0.11,N,2
26,38400,RENT,10,MEDICAL,D,7500,17.58,0,0.2,N,2
26,109500,MORTGAGE,11,VENTURE,E,20000,17.56,0,0.18,N,2
26,9600,RENT,4,VENTURE,D,2950,17.49,1,0.31,Y,2
26,70000,RENT,3,EDUCATION,E,5000,17.39,0,0.07,N,2
26,44000,MORTGAGE,10,PERSONAL,D,20000,17.27,1,0.45,Y,2
26,68926,RENT,4,PERSONAL,D,8400,17.27,0,0.12,N,2
26,65000,MORTGAGE,6,VENTURE,E,22000,17.19,0,0.34,N,2
26,81000,RENT,10,VENTURE,E,21000,16.95,1,0.26,N,2
26,95000,MORTGAGE,9,EDUCATION,D,25000,16.89,0,0.26,Y,2
26,34000,RENT,3,PERSONAL,D,5500,16.89,0,0.16,Y,2
26,60000,MORTGAGE,10,PERSONAL,D,8000,16.77,0,0.13,N,2
26,30000,RENT,2,DEBTCONSOLIDATION,E,6000,16.77,1,0.2,N,2
26,75531,RENT,3,PERSONAL,D,15000,16.49,0,0.2,N,2
26,65000,RENT,7,EDUCATION,D,6000,16.49,0,0.09,Y,2
26,59000,RENT,7,MEDICAL,D,6000,16.49,1,0.1,N,2
26,49200,RENT,7,MEDICAL,D,6000,16.49,1,0.12,Y,2
26,25104,OWN,0,DEBTCONSOLIDATION,D,5400,16.49,0,0.22,N,2
26,59600,MORTGAGE,9,VENTURE,E,21000,16.45,1,0.35,N,2
26,63000,RENT,1,VENTURE,E,10000,16.4,1,0.16,Y,2
26,76000,MORTGAGE,10,DEBTCONSOLIDATION,E,7200,16.35,1,0.09,Y,2
26,60000,RENT,2,HOMEIMPROVEMENT,D,18000,16.29,1,0.3,Y,2
26,80000,MORTGAGE,5,VENTURE,D,12000,16.29,0,0.15,N,2
26,54011,RENT,10,EDUCATION,D,9500,16.29,0,0.18,N,2
26,80000,MORTGAGE,10,EDUCATION,D,15000,16.07,0,0.19,N,2
26,80000,MORTGAGE,10,HOMEIMPROVEMENT,D,15000,16.07,0,0.19,Y,2
26,66000,RENT,2,PERSONAL,D,15000,16.02,1,0.23,N,2
26,25300,RENT,2,HOMEIMPROVEMENT,D,5400,16.02,1,0.21,Y,2
26,93000,MORTGAGE,7,DEBTCONSOLIDATION,D,25000,16,1,0.27,Y,2
26,59000,RENT,2,PERSONAL,E,18000,16,1,0.31,Y,2
26,84000,RENT,7,DEBTCONSOLIDATION,D,15000,16,1,0.18,Y,2
26,59000,MORTGAGE,5,MEDICAL,D,8000,15.99,1,0.14,Y,2
26,69000,MORTGAGE,10,HOMEIMPROVEMENT,D,6200,15.99,1,0.09,N,2
26,40000,RENT,0,PERSONAL,D,5000,15.99,1,0.13,Y,2
26,95000,MORTGAGE,10,VENTURE,C,15000,15.96,0,0.16,Y,2
26,64000,MORTGAGE,5,DEBTCONSOLIDATION,D,7000,15.95,1,0.11,N,2
26,53000,RENT,4,DEBTCONSOLIDATION,D,5000,15.95,1,0.09,Y,2
26,27000,MORTGAGE,2,PERSONAL,D,3025,15.95,0,0.11,N,2
26,68000,MORTGAGE,11,MEDICAL,D,25000,15.65,1,0.31,N,2
26,95000,MORTGAGE,9,VENTURE,D,17000,15.65,0,0.18,N,2
26,33600,RENT,4,PERSONAL,D,3300,15.65,0,0.1,Y,2
26,83300,MORTGAGE,0,MEDICAL,D,28000,15.62,1,0.29,Y,2
26,73200,RENT,5,VENTURE,D,27050,15.62,1,0.37,Y,2
26,150000,MORTGAGE,6,EDUCATION,D,6400,15.62,0,0.04,Y,2
26,60000,RENT,5,VENTURE,C,3000,15.62,0,0.05,N,2
26,75000,RENT,10,EDUCATION,D,10000,15.58,0,0.13,Y,2
26,39000,RENT,3,MEDICAL,D,15000,15.37,1,0.38,N,2
26,38400,RENT,8,VENTURE,D,9100,15.37,0,0.24,Y,2
26,135000,MORTGAGE,6,EDUCATION,D,15000,15.33,0,0.11,Y,2
26,51000,MORTGAGE,10,DEBTCONSOLIDATION,D,13000,15.33,1,0.25,Y,2
26,44000,RENT,4,DEBTCONSOLIDATION,D,11000,15.31,1,0.25,N,2
26,35000,RENT,0,DEBTCONSOLIDATION,D,8000,15.31,1,0.23,Y,2
26,73000,RENT,0,EDUCATION,D,5000,15.31,1,0.07,Y,2
26,47000,RENT,0,HOMEIMPROVEMENT,D,25000,15.28,1,0.53,Y,2
26,96050,MORTGAGE,3,MEDICAL,D,24000,15.28,1,0.21,Y,2
26,72000,MORTGAGE,1,HOMEIMPROVEMENT,D,10500,15.28,0,0.15,Y,2
26,96000,RENT,2,EDUCATION,D,10000,15.28,1,0.1,Y,2
26,63000,MORTGAGE,4,EDUCATION,C,12000,15.27,1,0.19,N,2
26,80004,MORTGAGE,7,DEBTCONSOLIDATION,C,7500,15.23,1,0.09,Y,2
26,66996,RENT,10,PERSONAL,D,25000,15.21,1,0.37,Y,2
26,63400,RENT,2,PERSONAL,D,6000,15.21,1,0.09,Y,2
26,108000,RENT,2,PERSONAL,D,25000,15.05,1,0.23,N,2
26,47004,RENT,5,PERSONAL,D,10000,15.05,0,0.21,N,2
26,87500,OTHER,3,VENTURE,D,7500,15.05,0,0.09,Y,2
26,56045,RENT,1,MEDICAL,D,24250,14.96,1,0.37,N,2
26,42600,RENT,3,PERSONAL,D,9000,14.96,0,0.21,N,2
26,64000,MORTGAGE,2,PERSONAL,D,8000,14.96,0,0.13,Y,2
26,91000,MORTGAGE,10,DEBTCONSOLIDATION,D,5000,14.96,1,0.05,N,2
26,37680,RENT,5,MEDICAL,D,2000,14.96,1,0.05,Y,2
26,54000,RENT,0,PERSONAL,D,13200,14.91,1,0.24,Y,2
26,54000,RENT,0,MEDICAL,D,13200,14.91,1,0.24,Y,2
26,37500,RENT,3,VENTURE,D,10000,14.91,0,0.27,Y,2
26,46800,MORTGAGE,,HOMEIMPROVEMENT,D,6000,14.91,0,0.13,N,2
26,63000,RENT,4,VENTURE,D,7000,14.84,0,0.11,N,2
26,33000,RENT,1,VENTURE,D,6000,14.84,1,0.18,N,2
26,54000,RENT,7,DEBTCONSOLIDATION,D,25000,14.83,1,0.46,Y,2
26,54000,RENT,2,VENTURE,D,16000,14.83,1,0.3,N,2
26,44000,RENT,10,DEBTCONSOLIDATION,D,14000,14.83,1,0.32,N,2
26,52000,RENT,6,DEBTCONSOLIDATION,C,2500,14.82,0,0.05,Y,2
26,53826,MORTGAGE,10,HOMEIMPROVEMENT,C,8500,14.79,1,0.16,N,2
26,136000,RENT,2,PERSONAL,C,12000,14.72,0,0.09,Y,2
26,25000,RENT,1,DEBTCONSOLIDATION,E,1500,14.7,1,0.06,N,2
26,44600,RENT,0,EDUCATION,C,4800,14.65,0,0.11,N,2
26,45000,RENT,10,PERSONAL,D,11000,14.61,0,0.24,N,2
26,120000,MORTGAGE,10,HOMEIMPROVEMENT,D,10000,14.59,0,0.08,Y,2
26,22000,RENT,9,MEDICAL,D,10000,14.59,1,0.45,Y,2
26,48996,RENT,8,DEBTCONSOLIDATION,D,2500,14.59,1,0.05,N,2
26,36000,RENT,2,PERSONAL,D,4000,14.54,1,0.11,N,2
26,130000,RENT,3,VENTURE,D,14400,14.46,0,0.11,Y,2
26,28800,RENT,0,HOMEIMPROVEMENT,D,13000,14.46,1,0.45,N,2
26,30576,MORTGAGE,10,MEDICAL,D,3000,14.46,1,0.1,Y,2
26,66000,MORTGAGE,9,DEBTCONSOLIDATION,D,15000,14.42,1,0.23,N,2
26,119000,MORTGAGE,6,VENTURE,D,15000,14.42,0,0.13,N,2
26,69700,RENT,4,MEDICAL,D,13000,14.42,1,0.16,Y,2
26,46000,RENT,3,PERSONAL,D,8000,14.42,1,0.17,N,2
26,35000,MORTGAGE,1,EDUCATION,D,5000,14.42,0,0.14,Y,2
26,56000,MORTGAGE,10,EDUCATION,C,15000,14.35,0,0.27,N,2
26,110000,MORTGAGE,10,VENTURE,C,8000,14.35,0,0.07,Y,2
26,44400,MORTGAGE,,VENTURE,C,6500,14.35,0,0.15,N,2
26,45000,MORTGAGE,3,EDUCATION,C,4000,14.35,0,0.09,Y,2
26,156000,MORTGAGE,6,VENTURE,C,9600,14.27,0,0.06,Y,2
26,64212,MORTGAGE,5,PERSONAL,C,9600,14.27,0,0.15,Y,2
26,36000,RENT,3,VENTURE,C,7800,14.27,0,0.22,N,2
26,42000,RENT,2,VENTURE,C,4800,14.27,1,0.11,N,2
26,42000,RENT,2,EDUCATION,C,4800,14.27,1,0.11,Y,2
26,32400,RENT,9,MEDICAL,C,4000,14.27,0,0.12,N,2
26,30000,RENT,3,MEDICAL,C,4000,14.27,1,0.13,Y,2
26,39990,MORTGAGE,3,HOMEIMPROVEMENT,C,2400,14.27,0,0.06,Y,2
26,82000,MORTGAGE,5,EDUCATION,C,1000,14.27,0,0.01,Y,2
26,100000,RENT,0,DEBTCONSOLIDATION,C,15000,14.26,0,0.15,Y,2
26,100000,MORTGAGE,0,EDUCATION,C,10000,14.26,0,0.1,N,2
26,40000,RENT,1,MEDICAL,C,5000,14.26,0,0.13,Y,2
26,216000,MORTGAGE,10,EDUCATION,C,20000,14.22,0,0.09,Y,2
26,104004,MORTGAGE,10,DEBTCONSOLIDATION,C,15000,14.22,0,0.14,N,2
26,130000,RENT,5,EDUCATION,C,12000,14.22,0,0.09,Y,2
26,32000,RENT,2,MEDICAL,C,6500,14.22,0,0.2,Y,2
26,68551,MORTGAGE,1,EDUCATION,C,4000,14.22,1,0.06,Y,2
26,232500,MORTGAGE,0,MEDICAL,C,25000,14.17,0,0.11,Y,2
26,45000,RENT,4,MEDICAL,D,10000,14.11,0,0.22,Y,2
26,67000,MORTGAGE,2,DEBTCONSOLIDATION,D,6500,14.11,1,0.1,Y,2
26,45000,RENT,5,MEDICAL,D,1800,14.11,0,0.04,Y,2
26,85000,MORTGAGE,3,EDUCATION,D,10000,14.09,0,0.12,N,2
26,25000,RENT,4,MEDICAL,D,6500,14.09,1,0.26,Y,2
26,54000,RENT,2,HOMEIMPROVEMENT,D,2400,14.09,1,0.04,N,2
26,127992,MORTGAGE,10,PERSONAL,C,26000,13.99,0,0.2,N,2
26,45000,MORTGAGE,10,HOMEIMPROVEMENT,C,14125,13.99,0,0.31,Y,2
26,42000,RENT,2,PERSONAL,C,10800,13.99,1,0.26,N,2
26,51996,RENT,8,MEDICAL,C,8400,13.99,0,0.16,Y,2
26,35000,RENT,9,MEDICAL,C,2000,13.99,0,0.06,N,2
26,34988,RENT,9,HOMEIMPROVEMENT,C,15000,13.98,1,0.43,N,2
26,100016,RENT,10,EDUCATION,C,11200,13.98,0,0.11,Y,2
26,30000,RENT,4,MEDICAL,C,8000,13.98,0,0.27,N,2
26,36000,RENT,,MEDICAL,C,7000,13.98,1,0.19,Y,2
26,70000,RENT,9,MEDICAL,C,16525,13.92,0,0.24,Y,2
26,126000,MORTGAGE,4,DEBTCONSOLIDATION,C,7500,13.92,0,0.06,N,2
26,45000,MORTGAGE,0,HOMEIMPROVEMENT,C,4000,13.92,0,0.09,N,2
26,81000,RENT,7,HOMEIMPROVEMENT,C,16000,13.85,0,0.2,Y,2
26,52700,MORTGAGE,3,MEDICAL,D,7500,13.8,1,0.12,N,2
26,21000,OWN,4,VENTURE,C,8000,13.79,0,0.38,N,2
26,39996,RENT,2,DEBTCONSOLIDATION,C,6200,13.79,0,0.16,N,2
26,33000,MORTGAGE,0,HOMEIMPROVEMENT,C,9000,13.72,1,0.27,N,2
26,65000,RENT,0,HOMEIMPROVEMENT,C,4800,13.72,0,0.07,N,2
26,111147,MORTGAGE,4,EDUCATION,C,15000,13.61,0,0.13,Y,2
26,51400,RENT,4,DEBTCONSOLIDATION,C,9000,13.61,0,0.18,N,2
26,102000,MORTGAGE,6,DEBTCONSOLIDATION,C,6000,13.61,0,0.06,N,2
26,200004,RENT,7,MEDICAL,C,2500,13.61,0,0.01,Y,2
26,82000,MORTGAGE,1,HOMEIMPROVEMENT,C,20000,13.57,0,0.24,N,2
26,33800,RENT,4,PERSONAL,C,13000,13.57,1,0.38,Y,2
26,170000,MORTGAGE,0,VENTURE,C,12000,13.57,0,0.07,Y,2
26,22800,RENT,4,PERSONAL,C,5000,13.57,0,0.22,Y,2
26,130000,RENT,0,HOMEIMPROVEMENT,C,4550,13.57,0,0.04,Y,2
26,65600,RENT,5,EDUCATION,D,10000,13.55,1,0.15,Y,2
26,84000,MORTGAGE,5,EDUCATION,C,21000,13.49,0,0.25,Y,2
26,78000,RENT,6,EDUCATION,C,18000,13.49,0,0.23,N,2
26,43200,OWN,1,EDUCATION,C,17000,13.49,0,0.39,Y,2
26,69996,MORTGAGE,10,DEBTCONSOLIDATION,C,14000,13.49,0,0.2,N,2
26,48000,MORTGAGE,10,VENTURE,C,13800,13.49,0,0.29,Y,2
26,40000,MORTGAGE,10,HOMEIMPROVEMENT,C,12000,13.49,0,0.3,N,2
26,57000,MORTGAGE,4,EDUCATION,C,12000,13.49,0,0.21,Y,2
26,60000,MORTGAGE,9,PERSONAL,C,7200,13.49,0,0.12,N,2
26,60000,RENT,9,DEBTCONSOLIDATION,C,7000,13.49,0,0.12,N,2
26,66000,RENT,10,VENTURE,C,6000,13.49,1,0.09,Y,2
26,51000,RENT,3,HOMEIMPROVEMENT,C,5500,13.49,1,0.11,Y,2
26,120000,MORTGAGE,10,MEDICAL,C,5000,13.49,0,0.04,Y,2
26,65000,OWN,1,HOMEIMPROVEMENT,C,4800,13.49,0,0.07,Y,2
26,38400,RENT,7,PERSONAL,C,3200,13.49,0,0.08,N,2
26,38400,RENT,7,VENTURE,C,3200,13.49,0,0.08,N,2
26,55000,MORTGAGE,10,VENTURE,C,2800,13.49,0,0.05,N,2
26,43000,RENT,3,EDUCATION,C,2500,13.49,0,0.06,N,2
26,25200,RENT,2,MEDICAL,C,1500,13.49,0,0.06,Y,2
26,82000,RENT,2,EDUCATION,C,4000,13.48,0,0.05,N,2
26,65000,RENT,0,VENTURE,C,17000,13.47,0,0.26,N,2
26,50000,OWN,4,HOMEIMPROVEMENT,C,10000,13.47,0,0.2,Y,2
26,82000,MORTGAGE,1,VENTURE,C,5000,13.47,0,0.06,Y,2
26,54000,RENT,0,MEDICAL,C,4000,13.47,1,0.07,N,2
26,84000,MORTGAGE,6,HOMEIMPROVEMENT,C,2150,13.47,0,0.03,N,2
26,62000,MORTGAGE,10,VENTURE,C,10000,13.43,0,0.16,Y,2
26,63180,OWN,4,HOMEIMPROVEMENT,C,5825,13.43,0,0.09,Y,2
26,71004,RENT,0,HOMEIMPROVEMENT,D,20000,13.36,1,0.28,Y,2
26,71004,RENT,0,DEBTCONSOLIDATION,D,20000,13.36,1,0.28,N,2
26,75000,RENT,2,PERSONAL,C,16000,13.35,0,0.21,Y,2
26,38004,MORTGAGE,3,VENTURE,C,10000,13.35,0,0.26,N,2
26,57450,RENT,4,MEDICAL,C,2000,13.35,0,0.03,Y,2
26,18000,RENT,2,EDUCATION,D,2000,13.3,1,0.11,N,2
26,92652,RENT,4,VENTURE,C,10000,13.23,0,0.11,Y,2
26,63000,RENT,3,HOMEIMPROVEMENT,C,6000,13.23,0,0.1,N,2
26,40000,RENT,0,MEDICAL,C,1800,13.23,0,0.04,Y,2
26,165000,MORTGAGE,10,EDUCATION,C,20000,13.22,0,0.12,Y,2
26,96000,RENT,6,PERSONAL,C,19000,13.22,0,0.2,Y,2
26,34000,RENT,3,VENTURE,C,15250,13.22,1,0.45,Y,2
26,30000,OWN,0,PERSONAL,C,15000,13.22,0,0.5,N,2
26,30000,OWN,0,HOMEIMPROVEMENT,C,15000,13.22,0,0.5,Y,2
26,80000,OWN,5,PERSONAL,C,7000,13.22,0,0.09,Y,2
26,80000,OWN,5,PERSONAL,C,7000,13.22,0,0.09,Y,2
26,115000,MORTGAGE,3,EDUCATION,C,20000,13.16,0,0.17,Y,2
26,80000,RENT,0,VENTURE,C,9000,13.16,0,0.11,Y,2
26,125000,MORTGAGE,2,DEBTCONSOLIDATION,C,20000,13.11,0,0.16,N,2
26,37200,MORTGAGE,10,DEBTCONSOLIDATION,C,16000,13.11,1,0.43,N,2
26,100000,MORTGAGE,10,EDUCATION,C,14000,13.11,0,0.14,Y,2
26,62000,RENT,1,EDUCATION,C,4000,13.06,0,0.06,Y,2
26,18000,RENT,1,VENTURE,C,2400,13.06,1,0.13,Y,2
26,135000,MORTGAGE,10,DEBTCONSOLIDATION,C,24000,12.99,0,0.18,N,2
26,29400,RENT,1,HOMEIMPROVEMENT,C,17000,12.99,1,0.58,Y,2
26,86004,RENT,0,EDUCATION,C,12000,12.99,0,0.14,N,2
26,30000,RENT,5,PERSONAL,C,8000,12.99,0,0.27,N,2
26,29000,RENT,6,MEDICAL,C,5000,12.99,1,0.17,Y,2
26,75000,MORTGAGE,9,EDUCATION,C,4000,12.99,0,0.05,N,2
26,75000,MORTGAGE,9,MEDICAL,C,4000,12.99,0,0.05,Y,2
26,67000,RENT,4,MEDICAL,C,2400,12.99,0,0.04,Y,2
26,42000,MORTGAGE,11,EDUCATION,D,15075,12.92,0,0.36,N,2
26,28000,RENT,8,EDUCATION,D,6625,12.92,0,0.24,N,2
26,56000,RENT,4,DEBTCONSOLIDATION,C,25000,12.87,1,0.45,N,2
26,77508,RENT,10,VENTURE,C,13500,12.87,0,0.17,Y,2
26,56000,RENT,6,DEBTCONSOLIDATION,C,8150,12.87,0,0.15,N,2
26,60000,RENT,7,VENTURE,C,12800,12.84,0,0.21,N,2
26,70000,RENT,3,EDUCATION,C,2000,12.84,0,0.03,Y,2
26,61200,OWN,4,HOMEIMPROVEMENT,C,1500,12.84,0,0.02,Y,2
26,87000,MORTGAGE,9,DEBTCONSOLIDATION,C,25000,12.73,0,0.29,N,2
26,55000,OWN,10,VENTURE,C,14500,12.73,0,0.26,N,2
26,120000,MORTGAGE,,VENTURE,B,25000,12.69,0,0.21,N,2
26,82600,RENT,10,VENTURE,B,22000,12.69,0,0.27,N,2
26,60000,MORTGAGE,10,VENTURE,B,20000,12.69,0,0.33,N,2
26,46000,MORTGAGE,3,HOMEIMPROVEMENT,B,11000,12.69,0,0.24,N,2
26,88000,RENT,10,VENTURE,B,10000,12.69,0,0.11,N,2
26,56000,RENT,10,HOMEIMPROVEMENT,B,10000,12.69,1,0.18,N,2
26,50000,RENT,1,DEBTCONSOLIDATION,B,7150,12.69,0,0.14,N,2
26,48000,RENT,10,MEDICAL,B,7000,12.69,0,0.15,N,2
26,38400,OWN,,HOMEIMPROVEMENT,B,7000,12.69,0,0.18,N,2
26,40000,RENT,4,VENTURE,B,5875,12.69,0,0.15,N,2
26,110000,MORTGAGE,1,MEDICAL,B,5000,12.69,0,0.05,N,2
26,74000,MORTGAGE,10,DEBTCONSOLIDATION,B,1200,12.69,0,0.02,N,2
26,120000,RENT,11,HOMEIMPROVEMENT,C,10000,12.68,0,0.08,N,2
26,78000,RENT,5,PERSONAL,C,6000,12.68,1,0.08,N,2
26,95400,MORTGAGE,8,PERSONAL,C,5000,12.68,0,0.05,N,2
26,95000,RENT,3,MEDICAL,C,12500,12.61,0,0.13,N,2
26,73000,RENT,3,PERSONAL,B,20000,12.53,1,0.27,N,2
26,140000,RENT,5,VENTURE,B,8400,12.53,0,0.06,N,2
26,63000,RENT,2,VENTURE,B,8000,12.53,0,0.13,N,2
26,125000,MORTGAGE,5,HOMEIMPROVEMENT,B,7400,12.53,0,0.06,N,2
26,125000,RENT,3,EDUCATION,B,6000,12.53,0,0.05,N,2
26,62400,RENT,3,PERSONAL,B,2000,12.53,0,0.03,N,2
26,46800,MORTGAGE,3,HOMEIMPROVEMENT,B,12725,12.42,0,0.27,N,2
26,88000,RENT,10,PERSONAL,B,12000,12.42,0,0.14,N,2
26,56000,MORTGAGE,9,HOMEIMPROVEMENT,B,10000,12.42,0,0.18,N,2
26,51000,RENT,10,PERSONAL,B,5000,12.42,1,0.1,N,2
26,30000,RENT,2,EDUCATION,B,5000,12.42,1,0.17,N,2
26,116004,MORTGAGE,11,VENTURE,B,20000,12.21,0,0.17,N,2
26,150000,MORTGAGE,10,PERSONAL,B,15000,12.21,0,0.1,N,2
26,38904,MORTGAGE,1,HOMEIMPROVEMENT,B,10000,12.21,0,0.26,N,2
26,55000,MORTGAGE,2,HOMEIMPROVEMENT,B,8500,12.21,0,0.15,N,2
26,36903,RENT,3,DEBTCONSOLIDATION,B,8000,12.21,0,0.22,N,2
26,45000,RENT,1,MEDICAL,B,4000,12.21,0,0.09,N,2
26,15000,RENT,8,MEDICAL,B,3200,12.21,1,0.21,N,2
26,108000,MORTGAGE,2,MEDICAL,B,18500,12.18,0,0.17,N,2
26,85000,OWN,10,EDUCATION,B,10000,12.18,0,0.12,N,2
26,26000,RENT,2,PERSONAL,B,7500,12.18,0,0.29,N,2
26,137000,MORTGAGE,3,EDUCATION,B,3500,12.18,0,0.03,N,2
26,64000,MORTGAGE,9,DEBTCONSOLIDATION,D,8000,12.17,1,0.13,N,2
26,25000,MORTGAGE,1,VENTURE,C,12000,12.09,1,0.48,N,2
26,65004,RENT,7,DEBTCONSOLIDATION,B,20000,11.99,1,0.31,N,2
26,43000,MORTGAGE,6,MEDICAL,B,15000,11.99,0,0.35,N,2
26,105000,MORTGAGE,6,DEBTCONSOLIDATION,B,12000,11.99,0,0.11,N,2
26,40000,MORTGAGE,6,HOMEIMPROVEMENT,B,6000,11.99,0,0.15,N,2
26,26004,MORTGAGE,5,HOMEIMPROVEMENT,B,6000,11.99,0,0.23,N,2
26,90000,MORTGAGE,10,HOMEIMPROVEMENT,B,5175,11.99,0,0.06,N,2
26,66000,MORTGAGE,7,PERSONAL,B,4000,11.99,0,0.06,N,2
26,84996,RENT,4,EDUCATION,B,3600,11.99,0,0.04,N,2
26,30000,MORTGAGE,5,HOMEIMPROVEMENT,B,2000,11.99,1,0.07,N,2
26,59000,RENT,3,VENTURE,C,14500,11.97,1,0.25,N,2
26,36996,RENT,8,MEDICAL,C,9600,11.97,0,0.26,Y,2
26,19200,OTHER,0,PERSONAL,C,7500,11.97,1,0.39,Y,2
26,89018,MORTGAGE,7,EDUCATION,C,5800,11.97,0,0.07,Y,2
26,115200,MORTGAGE,10,DEBTCONSOLIDATION,C,4500,11.97,0,0.04,Y,2
26,42000,RENT,2,MEDICAL,C,5000,11.91,0,0.12,Y,2
26,64404,RENT,3,EDUCATION,B,12000,11.89,0,0.19,N,2
26,54000,MORTGAGE,2,DEBTCONSOLIDATION,B,8000,11.89,1,0.15,N,2
26,52000,MORTGAGE,0,EDUCATION,B,3600,11.89,0,0.07,N,2
26,54316,RENT,10,MEDICAL,B,10000,11.86,0,0.18,N,2
26,54996,RENT,3,HOMEIMPROVEMENT,B,5000,11.86,0,0.09,N,2
26,172500,RENT,3,HOMEIMPROVEMENT,B,20000,11.83,0,0.12,N,2
26,71820,RENT,10,DEBTCONSOLIDATION,B,18000,11.83,0,0.25,N,2
26,78948,MORTGAGE,3,MEDICAL,B,17500,11.83,0,0.22,N,2
26,66000,RENT,3,MEDICAL,B,12000,11.83,0,0.18,N,2
26,60000,MORTGAGE,5,EDUCATION,B,6000,11.83,0,0.1,N,2
26,42000,RENT,10,MEDICAL,B,3000,11.83,0,0.07,N,2
26,40000,RENT,3,PERSONAL,B,13250,11.71,1,0.33,N,2
26,200000,MORTGAGE,10,HOMEIMPROVEMENT,B,12000,11.71,0,0.06,N,2
26,77000,RENT,2,DEBTCONSOLIDATION,B,12000,11.71,0,0.16,N,2
26,30000,RENT,6,MEDICAL,B,11700,11.71,1,0.39,N,2
26,44959,MORTGAGE,2,PERSONAL,B,10000,11.71,0,0.22,N,2
26,53000,RENT,7,VENTURE,B,9600,11.71,0,0.18,N,2
26,25000,RENT,3,MEDICAL,B,8500,11.71,1,0.34,N,2
26,45000,RENT,1,VENTURE,B,6000,11.71,0,0.13,N,2
26,30000,RENT,2,EDUCATION,B,2000,11.71,1,0.07,N,2
26,85000,MORTGAGE,10,HOMEIMPROVEMENT,C,4800,11.59,0,0.06,Y,2
26,96640,OTHER,8,EDUCATION,B,25000,11.58,0,0.26,N,2
26,40000,RENT,1,PERSONAL,B,12000,11.58,0,0.3,N,2
26,33200,RENT,2,MEDICAL,B,10000,11.49,0,0.3,N,2
26,62500,MORTGAGE,9,MEDICAL,B,8000,11.49,0,0.13,N,2
26,50000,RENT,3,EDUCATION,B,7525,11.49,0,0.15,N,2
26,36000,MORTGAGE,2,HOMEIMPROVEMENT,B,6000,11.49,1,0.17,N,2
26,99000,MORTGAGE,10,VENTURE,B,5000,11.49,0,0.05,N,2
26,54000,MORTGAGE,11,DEBTCONSOLIDATION,B,4800,11.49,1,0.09,N,2
26,78000,MORTGAGE,7,HOMEIMPROVEMENT,B,3000,11.49,0,0.04,N,2
26,45000,RENT,5,PERSONAL,B,2000,11.49,0,0.04,N,2
26,58000,RENT,9,PERSONAL,B,10500,11.48,0,0.18,N,2
26,19500,RENT,0,MEDICAL,C,500,11.41,0,0.03,N,2
26,152229,OWN,3,PERSONAL,B,15000,11.36,0,0.1,N,2
26,79500,MORTGAGE,1,EDUCATION,B,6000,11.36,0,0.08,N,2
26,74500,RENT,8,VENTURE,B,5000,11.36,0,0.07,N,2
26,21000,RENT,0,MEDICAL,B,4000,11.36,0,0.19,N,2
26,18000,RENT,0,EDUCATION,B,1500,11.36,0,0.08,N,2
26,93450,MORTGAGE,1,HOMEIMPROVEMENT,B,12000,11.26,0,0.13,N,2
26,62000,RENT,1,DEBTCONSOLIDATION,B,10000,11.26,0,0.16,N,2
26,220836,MORTGAGE,10,PERSONAL,B,9000,11.26,0,0.04,N,2
26,84996,RENT,0,MEDICAL,B,9000,11.26,0,0.11,N,2
26,60000,RENT,0,VENTURE,B,7200,11.14,0,0.12,N,2
26,68500,MORTGAGE,0,EDUCATION,B,6500,11.14,0,0.09,N,2
26,41004,RENT,2,MEDICAL,B,3000,11.14,0,0.07,N,2
26,55000,RENT,10,MEDICAL,B,15000,11.12,0,0.27,N,2
26,48000,RENT,4,DEBTCONSOLIDATION,B,8400,11.12,0,0.17,N,2
26,52500,RENT,0,DEBTCONSOLIDATION,B,5700,11.12,0,0.11,N,2
26,86000,MORTGAGE,10,VENTURE,B,5000,11.12,0,0.06,N,2
26,33189,RENT,4,EDUCATION,B,3000,11.12,0,0.09,N,2
26,92000,OWN,3,HOMEIMPROVEMENT,B,22500,10.99,0,0.24,N,2
26,64999,MORTGAGE,11,VENTURE,B,15000,10.99,0,0.23,N,2
26,120000,MORTGAGE,5,EDUCATION,B,13000,10.99,0,0.11,N,2
26,120000,MORTGAGE,5,VENTURE,B,13000,10.99,0,0.11,N,2
26,105000,MORTGAGE,9,VENTURE,B,12000,10.99,0,0.11,N,2
26,71000,RENT,0,MEDICAL,B,11600,10.99,0,0.16,N,2
26,30200,OWN,3,VENTURE,B,9200,10.99,0,0.3,N,2
26,44000,RENT,4,DEBTCONSOLIDATION,B,9000,10.99,0,0.2,N,2
26,52800,RENT,4,VENTURE,B,8975,10.99,0,0.17,N,2
26,89000,MORTGAGE,10,HOMEIMPROVEMENT,B,8000,10.99,0,0.09,N,2
26,49992,MORTGAGE,10,DEBTCONSOLIDATION,B,6000,10.99,0,0.12,N,2
26,95000,RENT,0,MEDICAL,B,6000,10.99,0,0.06,N,2
26,60000,RENT,10,VENTURE,B,5000,10.99,0,0.08,N,2
26,59000,MORTGAGE,4,EDUCATION,B,3500,10.99,0,0.06,N,2
26,52000,MORTGAGE,6,PERSONAL,B,3300,10.99,0,0.06,N,2
26,52000,MORTGAGE,6,PERSONAL,B,3300,10.99,0,0.06,N,2
26,30000,RENT,1,MEDICAL,B,2300,10.99,0,0.08,N,2
26,48000,MORTGAGE,10,PERSONAL,B,2000,10.99,0,0.04,N,2
26,22000,OWN,6,VENTURE,B,7500,10.96,0,0.34,N,2
26,35000,RENT,0,EDUCATION,C,12000,10.91,1,0.34,Y,2
26,50400,RENT,10,HOMEIMPROVEMENT,B,15000,10.75,0,0.3,N,2
26,36000,MORTGAGE,2,PERSONAL,B,10000,10.75,0,0.28,N,2
26,115000,MORTGAGE,5,VENTURE,B,6000,10.75,0,0.05,N,2
26,32640,RENT,7,VENTURE,B,3000,10.75,0,0.09,N,2
26,30000,RENT,2,EDUCATION,B,2700,10.75,0,0.09,N,2
26,64000,RENT,,DEBTCONSOLIDATION,B,1000,10.75,0,0.02,N,2
26,104000,RENT,0,DEBTCONSOLIDATION,B,20000,10.74,0,0.19,N,2
26,72000,RENT,0,DEBTCONSOLIDATION,B,9000,10.74,0,0.13,N,2
26,52000,MORTGAGE,7,VENTURE,B,6500,10.74,0,0.13,N,2
26,32000,RENT,7,DEBTCONSOLIDATION,B,6375,10.74,0,0.2,N,2
26,150000,MORTGAGE,1,PERSONAL,B,6000,10.74,0,0.04,N,2
26,40000,OWN,0,MEDICAL,B,4300,10.74,0,0.11,N,2
26,213000,MORTGAGE,6,EDUCATION,B,35000,10.65,1,0.16,N,2
26,60000,MORTGAGE,8,HOMEIMPROVEMENT,B,12000,10.65,0,0.2,N,2
26,60000,MORTGAGE,8,HOMEIMPROVEMENT,B,12000,10.65,0,0.2,N,2
26,122500,RENT,1,HOMEIMPROVEMENT,B,10000,10.65,0,0.08,N,2
26,80400,RENT,6,VENTURE,B,7000,10.65,0,0.09,N,2
26,80400,RENT,6,MEDICAL,B,7000,10.65,0,0.09,N,2
26,26400,RENT,6,PERSONAL,B,6000,10.65,0,0.23,N,2
26,36000,RENT,2,PERSONAL,B,5500,10.65,0,0.15,N,2
26,30000,MORTGAGE,3,HOMEIMPROVEMENT,B,15000,10.62,0,0.5,N,2
26,87000,MORTGAGE,0,DEBTCONSOLIDATION,B,15000,10.62,0,0.17,N,2
26,124500,MORTGAGE,10,PERSONAL,B,6000,10.62,0,0.05,N,2
26,58000,MORTGAGE,10,VENTURE,B,5000,10.62,0,0.09,N,2
26,48000,MORTGAGE,1,VENTURE,B,4200,10.62,0,0.09,N,2
26,145000,MORTGAGE,9,DEBTCONSOLIDATION,B,14000,10.59,0,0.1,N,2
26,42000,RENT,4,EDUCATION,B,12800,10.59,0,0.3,N,2
26,100000,OWN,10,MEDICAL,B,10000,10.59,0,0.1,N,2
26,21312,RENT,0,PERSONAL,B,8875,10.59,1,0.42,N,2
26,50000,MORTGAGE,8,VENTURE,B,8000,10.59,0,0.16,N,2
26,36000,MORTGAGE,1,HOMEIMPROVEMENT,B,4500,10.59,1,0.13,N,2
26,21000,RENT,3,PERSONAL,B,3000,10.59,0,0.14,N,2
26,36000,MORTGAGE,10,PERSONAL,B,18000,10.39,0,0.5,N,2
26,34138,RENT,3,DEBTCONSOLIDATION,B,12000,10.39,1,0.35,N,2
26,75555,MORTGAGE,4,MEDICAL,B,10000,10.39,0,0.13,N,2
26,45000,RENT,0,DEBTCONSOLIDATION,B,9000,10.39,0,0.2,N,2
26,85000,MORTGAGE,0,VENTURE,B,20000,10.37,0,0.24,N,2
26,50000,MORTGAGE,1,VENTURE,B,15000,10.37,0,0.3,N,2
26,57600,RENT,10,VENTURE,B,14000,10.37,0,0.24,N,2
26,51600,RENT,10,EDUCATION,B,14000,10.37,1,0.27,N,2
26,43680,RENT,0,PERSONAL,B,12000,10.37,0,0.27,N,2
26,38832,RENT,0,DEBTCONSOLIDATION,B,10000,10.37,0,0.26,N,2
26,14400,RENT,4,PERSONAL,B,2000,10.37,0,0.14,N,2
26,37200,MORTGAGE,1,PERSONAL,B,6000,10.36,0,0.16,N,2
26,78000,MORTGAGE,4,PERSONAL,B,1750,10.36,0,0.02,N,2
26,31000,MORTGAGE,5,EDUCATION,B,4000,10.33,0,0.13,N,2
26,145000,MORTGAGE,9,HOMEIMPROVEMENT,B,20000,10.25,1,0.14,N,2
26,58000,RENT,0,DEBTCONSOLIDATION,B,20000,10.25,1,0.34,N,2
26,53000,OWN,8,PERSONAL,B,16000,10.25,0,0.3,N,2
26,36000,OWN,,PERSONAL,B,15000,10.25,0,0.42,N,2
26,36000,RENT,5,MEDICAL,B,8550,10.25,1,0.24,N,2
26,58125,MORTGAGE,10,VENTURE,B,6000,10.25,0,0.1,N,2
26,14040,RENT,1,DEBTCONSOLIDATION,B,4750,10.25,1,0.34,N,2
26,33000,RENT,1,VENTURE,B,3500,10.25,0,0.11,N,2
26,75873,MORTGAGE,6,PERSONAL,B,1200,10.25,0,0.02,N,2
26,42996,RENT,10,MEDICAL,B,8500,10.2,0,0.2,N,2
26,36000,RENT,0,PERSONAL,B,4000,10.14,0,0.11,N,2
26,225000,MORTGAGE,2,VENTURE,B,25000,10.08,0,0.11,N,2
26,49000,MORTGAGE,10,EDUCATION,B,20000,10,0,0.41,N,2
26,28800,RENT,10,MEDICAL,B,15000,10,1,0.52,N,2
26,55000,MORTGAGE,1,EDUCATION,B,10000,10,0,0.18,N,2
26,24500,RENT,4,PERSONAL,B,8875,10,1,0.36,N,2
26,70000,MORTGAGE,10,PERSONAL,B,8000,10,0,0.11,N,2
26,59020,MORTGAGE,10,PERSONAL,B,7000,10,0,0.12,N,2
26,114000,MORTGAGE,4,HOMEIMPROVEMENT,B,6000,10,1,0.05,N,2
26,54000,RENT,10,EDUCATION,B,5000,10,0,0.09,N,2
26,39000,RENT,5,MEDICAL,B,2800,10,0,0.07,N,2
26,38000,RENT,3,EDUCATION,B,13400,9.99,1,0.35,N,2
26,250000,MORTGAGE,11,HOMEIMPROVEMENT,B,9000,9.99,0,0.04,N,2
26,19200,RENT,0,DEBTCONSOLIDATION,B,8500,9.99,1,0.44,N,2
26,30000,OWN,3,PERSONAL,B,7000,9.99,0,0.23,N,2
26,53000,OWN,3,VENTURE,B,6000,9.99,0,0.11,N,2
26,20400,RENT,0,VENTURE,B,6000,9.99,0,0.29,N,2
26,59760,MORTGAGE,,HOMEIMPROVEMENT,B,6000,9.99,0,0.1,N,2
26,38400,OWN,2,EDUCATION,B,5550,9.99,0,0.14,N,2
26,60000,MORTGAGE,6,HOMEIMPROVEMENT,B,5000,9.99,0,0.08,N,2
26,52000,RENT,2,EDUCATION,B,4800,9.99,0,0.09,N,2
26,74000,MORTGAGE,10,EDUCATION,B,4475,9.99,0,0.06,N,2
26,62004,MORTGAGE,3,MEDICAL,B,4000,9.99,0,0.06,N,2
26,73440,OWN,1,PERSONAL,B,35000,9.91,0,0.48,N,2
26,65000,MORTGAGE,1,HOMEIMPROVEMENT,B,17000,9.91,0,0.26,N,2
26,58195,RENT,3,PERSONAL,B,11000,9.91,0,0.19,N,2
26,45500,RENT,2,EDUCATION,B,9400,9.91,0,0.21,N,2
26,30000,RENT,0,EDUCATION,B,8000,9.91,1,0.27,N,2
26,38400,RENT,2,MEDICAL,B,7200,9.91,0,0.19,N,2
26,90000,RENT,1,DEBTCONSOLIDATION,B,7200,9.91,0,0.08,N,2
26,45000,RENT,1,EDUCATION,B,6000,9.91,0,0.13,N,2
26,61200,RENT,9,PERSONAL,B,3200,9.91,0,0.05,N,2
26,50000,OWN,6,EDUCATION,B,3000,9.91,0,0.06,N,2
26,31200,RENT,0,MEDICAL,B,2900,9.91,0,0.09,N,2
26,53000,OWN,2,HOMEIMPROVEMENT,B,2500,9.91,0,0.05,N,2
26,53000,OWN,2,VENTURE,B,2500,9.91,0,0.05,N,2
26,175000,RENT,2,EDUCATION,B,17000,9.88,0,0.1,N,2
26,37000,RENT,0,PERSONAL,B,14000,9.88,1,0.38,N,2
26,23624,RENT,6,PERSONAL,B,10000,9.88,1,0.42,N,2
26,33996,RENT,1,MEDICAL,B,9600,9.88,0,0.28,N,2
26,37850,RENT,1,PERSONAL,B,6400,9.88,0,0.17,N,2
26,120000,RENT,10,VENTURE,B,6000,9.88,0,0.05,N,2
26,85000,MORTGAGE,,DEBTCONSOLIDATION,B,6000,9.88,0,0.07,N,2
26,95000,MORTGAGE,10,VENTURE,B,5000,9.88,0,0.05,N,2
26,48000,RENT,10,PERSONAL,B,4225,9.83,0,0.09,N,2
26,26000,RENT,10,EDUCATION,B,20050,9.76,1,0.77,N,2
26,59000,MORTGAGE,7,HOMEIMPROVEMENT,B,500,9.76,0,0.01,N,2
26,130000,MORTGAGE,3,PERSONAL,B,5000,9.64,0,0.04,N,2
26,52500,MORTGAGE,0,PERSONAL,B,15250,9.63,0,0.29,N,2
26,34000,RENT,2,MEDICAL,B,13000,9.63,1,0.38,N,2
26,48000,RENT,10,MEDICAL,A,7000,9.63,0,0.15,N,2
26,66000,MORTGAGE,6,DEBTCONSOLIDATION,B,7000,9.63,0,0.11,N,2
26,50000,RENT,2,VENTURE,A,7000,9.63,0,0.14,N,2
26,43860,RENT,6,VENTURE,B,5600,9.63,0,0.13,N,2
26,110000,MORTGAGE,4,VENTURE,B,5000,9.63,0,0.05,N,2
26,27138,MORTGAGE,10,DEBTCONSOLIDATION,B,2750,9.63,0,0.1,N,2
26,92700,MORTGAGE,6,EDUCATION,B,1500,9.63,0,0.02,N,2
26,52000,MORTGAGE,10,HOMEIMPROVEMENT,B,10750,9.62,0,0.21,N,2
26,108000,MORTGAGE,4,HOMEIMPROVEMENT,B,7200,9.62,0,0.07,N,2
26,93492,RENT,0,PERSONAL,B,20000,9.45,0,0.21,N,2
26,135000,RENT,10,PERSONAL,B,14275,9.45,0,0.11,N,2
26,42000,RENT,4,DEBTCONSOLIDATION,B,14000,9.45,1,0.33,N,2
26,41400,RENT,5,MEDICAL,B,7300,9.45,0,0.18,N,2
26,72000,RENT,8,PERSONAL,A,7000,9.32,0,0.1,N,2
26,50004,MORTGAGE,10,PERSONAL,A,5000,9.32,0,0.1,N,2
26,50004,MORTGAGE,10,EDUCATION,A,5000,9.32,0,0.1,N,2
26,50004,MORTGAGE,10,PERSONAL,A,5000,9.32,0,0.1,N,2
26,98000,RENT,3,VENTURE,A,4000,9.32,0,0.04,N,2
26,190000,OWN,10,PERSONAL,B,25000,9.25,0,0.13,N,2
26,45243,RENT,3,VENTURE,B,4800,9.25,0,0.11,N,2
26,85000,MORTGAGE,3,DEBTCONSOLIDATION,B,4000,9.25,0,0.05,N,2
26,75000,RENT,1,VENTURE,B,1800,9.25,0,0.02,N,2
26,120000,MORTGAGE,10,DEBTCONSOLIDATION,A,16000,8.94,0,0.13,N,2
26,108000,MORTGAGE,5,PERSONAL,A,13000,8.94,0,0.12,N,2
26,55000,MORTGAGE,10,VENTURE,A,12500,8.94,0,0.23,N,2
26,70000,MORTGAGE,10,HOMEIMPROVEMENT,A,12000,8.94,0,0.17,N,2
26,75000,MORTGAGE,10,DEBTCONSOLIDATION,A,10000,8.94,0,0.13,N,2
26,50760,RENT,3,DEBTCONSOLIDATION,A,9000,8.94,0,0.18,N,2
26,51600,RENT,1,HOMEIMPROVEMENT,A,5000,8.94,1,0.1,N,2
26,51600,RENT,1,EDUCATION,A,5000,8.94,1,0.1,N,2
26,64260,MORTGAGE,3,MEDICAL,A,4500,8.94,0,0.07,N,2
26,110000,RENT,10,EDUCATION,A,28000,8.9,0,0.25,N,2
26,125000,RENT,5,HOMEIMPROVEMENT,A,21000,8.9,0,0.17,N,2
26,80000,RENT,3,VENTURE,A,9000,8.9,0,0.11,N,2
26,67550,RENT,3,MEDICAL,A,7000,8.9,0,0.1,N,2
26,50000,MORTGAGE,10,DEBTCONSOLIDATION,A,5400,8.9,0,0.11,N,2
26,36000,RENT,,VENTURE,A,5400,8.9,0,0.15,N,2
26,24000,RENT,0,VENTURE,A,5000,8.9,0,0.21,N,2
26,35000,RENT,0,DEBTCONSOLIDATION,A,4800,8.9,0,0.14,N,2
26,35000,RENT,2,DEBTCONSOLIDATION,A,2500,8.9,0,0.07,N,2
26,67500,RENT,0,EDUCATION,B,3000,8.88,0,0.04,N,2
26,31200,RENT,8,EDUCATION,A,5000,8.63,0,0.16,N,2
26,31200,RENT,8,PERSONAL,A,5000,8.63,0,0.16,N,2
26,102000,RENT,5,MEDICAL,A,10000,8.59,0,0.1,N,2
26,83500,MORTGAGE,0,MEDICAL,A,6500,8.59,0,0.08,N,2
26,58000,RENT,0,HOMEIMPROVEMENT,A,3500,8.59,0,0.06,N,2
26,32500,MORTGAGE,0,HOMEIMPROVEMENT,A,3500,8.59,0,0.11,N,2
26,85000,RENT,1,EDUCATION,A,2500,8.59,0,0.03,N,2
26,86000,RENT,10,VENTURE,A,18000,8.49,0,0.21,N,2
26,152000,MORTGAGE,3,MEDICAL,A,17500,8.49,0,0.12,N,2
26,80000,RENT,11,VENTURE,A,15000,8.49,0,0.19,N,2
26,47000,OWN,8,VENTURE,A,12500,8.49,0,0.27,N,2
26,81000,MORTGAGE,10,DEBTCONSOLIDATION,A,10750,8.49,0,0.13,N,2
26,33000,OWN,,VENTURE,A,10150,8.49,0,0.31,N,2
26,85000,MORTGAGE,10,EDUCATION,A,4650,8.49,0,0.05,N,2
26,70000,MORTGAGE,6,HOMEIMPROVEMENT,A,4000,8.49,0,0.06,N,2
26,55000,RENT,1,DEBTCONSOLIDATION,A,3200,8.49,0,0.06,N,2
26,22584,RENT,,PERSONAL,A,1800,8.49,0,0.08,N,2
26,90000,OWN,2,VENTURE,A,9500,8.07,0,0.11,N,2
26,230000,RENT,0,EDUCATION,A,7500,8,0,0.03,N,2
26,33996,RENT,10,VENTURE,A,7000,8,0,0.21,N,2
26,130000,MORTGAGE,9,EDUCATION,A,7000,8,0,0.05,N,2
26,20280,MORTGAGE,5,HOMEIMPROVEMENT,A,7000,8,0,0.35,N,2
26,41000,RENT,1,DEBTCONSOLIDATION,A,6600,8,0,0.16,N,2
26,25000,RENT,5,EDUCATION,A,6000,8,0,0.24,N,2
26,56000,RENT,7,PERSONAL,A,5000,7.91,0,0.09,N,2
26,70000,MORTGAGE,9,VENTURE,A,35000,7.9,0,0.5,N,2
26,118000,MORTGAGE,4,DEBTCONSOLIDATION,A,25000,7.9,0,0.21,N,2
26,60000,RENT,0,VENTURE,A,24000,7.9,1,0.4,N,2
26,82000,MORTGAGE,5,PERSONAL,A,19075,7.9,0,0.23,N,2
26,130000,MORTGAGE,2,MEDICAL,A,18000,7.9,0,0.14,N,2
26,75000,RENT,4,PERSONAL,A,17500,7.9,0,0.23,N,2
26,60000,MORTGAGE,7,EDUCATION,A,16000,7.9,0,0.27,N,2
26,65000,MORTGAGE,11,VENTURE,A,12000,7.9,0,0.18,N,2
26,62000,MORTGAGE,0,PERSONAL,A,12000,7.9,0,0.19,N,2
26,132000,MORTGAGE,3,EDUCATION,A,10200,7.9,0,0.08,N,2
26,54000,RENT,6,EDUCATION,A,10000,7.9,0,0.19,N,2
26,31200,MORTGAGE,6,PERSONAL,A,9250,7.9,0,0.3,N,2
26,47000,MORTGAGE,5,MEDICAL,A,6600,7.9,0,0.14,N,2
26,30000,OWN,3,PERSONAL,A,6000,7.9,0,0.2,N,2
26,60000,MORTGAGE,0,MEDICAL,A,5000,7.9,1,0.08,N,2
26,26400,RENT,0,EDUCATION,A,4000,7.9,0,0.15,N,2
26,125000,RENT,0,EDUCATION,A,15500,7.88,0,0.12,N,2
26,49000,MORTGAGE,10,EDUCATION,A,14000,7.88,0,0.29,N,2
26,215000,MORTGAGE,11,EDUCATION,A,12000,7.88,0,0.06,N,2
26,110000,RENT,2,HOMEIMPROVEMENT,A,12000,7.88,0,0.11,N,2
26,40000,RENT,2,MEDICAL,A,12000,7.88,0,0.3,N,2
26,60000,MORTGAGE,3,PERSONAL,A,11500,7.88,0,0.19,N,2
26,65000,MORTGAGE,11,HOMEIMPROVEMENT,A,10950,7.88,0,0.17,N,2
26,65000,MORTGAGE,11,VENTURE,A,10950,7.88,0,0.17,N,2
26,88000,MORTGAGE,10,EDUCATION,A,10000,7.88,0,0.11,N,2
26,62000,MORTGAGE,5,MEDICAL,A,10000,7.88,0,0.16,N,2
26,30720,RENT,5,DEBTCONSOLIDATION,A,10000,7.88,1,0.33,N,2
26,34995,RENT,4,EDUCATION,A,10000,7.88,0,0.29,N,2
26,40500,RENT,,DEBTCONSOLIDATION,A,8500,7.88,0,0.21,N,2
26,53000,MORTGAGE,9,DEBTCONSOLIDATION,A,8000,7.88,0,0.15,N,2
26,43000,RENT,5,MEDICAL,A,7800,7.88,0,0.18,N,2
26,40800,MORTGAGE,3,PERSONAL,A,7500,7.88,0,0.18,N,2
26,74970,RENT,5,MEDICAL,A,6000,7.88,0,0.08,N,2
26,53595,MORTGAGE,3,PERSONAL,A,6000,7.88,0,0.11,N,2
26,48000,MORTGAGE,10,EDUCATION,A,10000,7.74,0,0.21,N,2
26,50000,MORTGAGE,0,EDUCATION,A,10000,7.74,0,0.2,N,2
26,50000,MORTGAGE,0,EDUCATION,A,10000,7.74,0,0.2,N,2
26,72600,MORTGAGE,3,MEDICAL,A,4500,7.74,0,0.06,N,2
26,40000,RENT,0,MEDICAL,A,4500,7.74,0,0.11,N,2
26,185000,OWN,10,PERSONAL,A,5000,7.68,0,0.03,N,2
26,120000,RENT,3,HOMEIMPROVEMENT,A,5000,7.68,0,0.04,N,2
26,105000,MORTGAGE,0,MEDICAL,A,5000,7.68,0,0.05,N,2
26,30000,RENT,,VENTURE,A,14500,7.66,1,0.48,N,2
26,55000,RENT,4,VENTURE,A,9600,7.66,0,0.17,N,2
26,75000,MORTGAGE,6,EDUCATION,A,5000,7.66,0,0.07,N,2
26,42000,RENT,3,PERSONAL,A,4500,7.66,0,0.11,N,2
26,42000,RENT,3,DEBTCONSOLIDATION,A,4500,7.66,0,0.11,N,2
26,86604,MORTGAGE,5,HOMEIMPROVEMENT,A,4300,7.66,0,0.05,N,2
26,67000,MORTGAGE,1,VENTURE,A,29000,7.51,0,0.43,N,2
26,40000,RENT,2,MEDICAL,A,12000,7.51,0,0.3,N,2
26,40000,RENT,2,MEDICAL,A,12000,7.51,0,0.3,N,2
26,55000,MORTGAGE,4,PERSONAL,A,10000,7.51,1,0.18,N,2
26,38000,MORTGAGE,1,HOMEIMPROVEMENT,A,8875,7.51,0,0.23,N,2
26,76160,MORTGAGE,10,EDUCATION,A,7400,7.51,0,0.1,N,2
26,80000,MORTGAGE,5,DEBTCONSOLIDATION,A,7000,7.51,0,0.09,N,2
26,122000,MORTGAGE,10,PERSONAL,A,6000,7.51,0,0.05,N,2
26,81000,RENT,10,PERSONAL,A,6000,7.51,1,0.07,N,2
26,34656,OWN,2,PERSONAL,A,5500,7.51,0,0.16,N,2
26,65000,MORTGAGE,10,EDUCATION,A,5000,7.51,0,0.08,N,2
26,65000,MORTGAGE,10,DEBTCONSOLIDATION,A,5000,7.51,0,0.08,N,2
26,50000,OWN,5,MEDICAL,A,3250,7.51,0,0.07,N,2
26,65000,RENT,3,MEDICAL,A,2000,7.51,0,0.03,N,2
26,62004,RENT,5,MEDICAL,A,19000,7.49,1,0.31,N,2
26,159960,MORTGAGE,11,HOMEIMPROVEMENT,A,18325,7.49,0,0.11,N,2
26,60000,RENT,10,DEBTCONSOLIDATION,A,16000,7.49,0,0.27,N,2
26,66000,MORTGAGE,10,DEBTCONSOLIDATION,A,15500,7.49,0,0.23,N,2
26,250000,MORTGAGE,10,EDUCATION,A,15000,7.49,0,0.06,N,2
26,45000,MORTGAGE,5,PERSONAL,A,14650,7.49,0,0.33,N,2
26,125000,MORTGAGE,10,PERSONAL,A,10200,7.49,0,0.08,N,2
26,55000,MORTGAGE,10,VENTURE,A,10000,7.49,0,0.18,N,2
26,75000,MORTGAGE,7,VENTURE,A,10000,7.49,0,0.13,N,2
26,125000,RENT,6,VENTURE,A,10000,7.49,0,0.08,N,2
26,105000,OWN,0,EDUCATION,A,10000,7.49,0,0.1,N,2
26,61000,MORTGAGE,4,PERSONAL,A,8000,7.49,0,0.13,N,2
26,40000,MORTGAGE,5,EDUCATION,A,7200,7.49,0,0.18,N,2
26,36000,MORTGAGE,2,PERSONAL,A,7000,7.49,0,0.19,N,2
26,37000,RENT,0,VENTURE,A,6825,7.49,0,0.18,N,2
26,45000,RENT,3,MEDICAL,A,6000,7.49,0,0.13,N,2
26,51000,RENT,5,PERSONAL,A,5600,7.49,0,0.11,N,2
26,32000,RENT,3,DEBTCONSOLIDATION,A,5000,7.49,0,0.16,N,2
26,23484,RENT,,VENTURE,A,5000,7.49,0,0.21,N,2
26,20000,RENT,0,DEBTCONSOLIDATION,A,4800,7.49,0,0.24,N,2
26,66000,RENT,0,DEBTCONSOLIDATION,A,2875,7.49,0,0.04,N,2
26,40224,MORTGAGE,0,PERSONAL,A,7000,7.4,0,0.17,N,2
26,50000,MORTGAGE,5,EDUCATION,A,5000,7.4,0,0.1,N,2
26,36400,RENT,4,EDUCATION,A,2300,7.4,0,0.06,N,2
26,113000,MORTGAGE,10,PERSONAL,A,12000,7.29,1,0.11,N,2
26,54996,RENT,1,HOMEIMPROVEMENT,A,10250,7.29,0,0.19,N,2
26,99000,RENT,5,PERSONAL,A,10000,7.29,0,0.1,N,2
26,80730,MORTGAGE,7,HOMEIMPROVEMENT,A,9600,7.29,0,0.12,N,2
26,120000,MORTGAGE,5,EDUCATION,A,8000,7.29,0,0.07,N,2
26,42000,RENT,3,EDUCATION,A,6000,7.29,0,0.14,N,2
26,42000,RENT,6,VENTURE,A,5000,7.29,0,0.12,N,2
26,65000,RENT,3,HOMEIMPROVEMENT,A,4200,7.29,0,0.06,N,2
26,72054,RENT,9,HOMEIMPROVEMENT,A,3000,7.29,0,0.04,N,2
26,114000,MORTGAGE,10,PERSONAL,A,14400,7.14,0,0.13,N,2
26,78000,RENT,4,DEBTCONSOLIDATION,A,12000,7.14,0,0.15,N,2
26,67000,RENT,9,VENTURE,A,8000,7.14,0,0.12,N,2
26,67260,MORTGAGE,9,HOMEIMPROVEMENT,A,6500,7.14,0,0.1,N,2
26,48000,MORTGAGE,11,MEDICAL,A,5000,7.14,1,0.1,N,2
26,60000,RENT,0,PERSONAL,A,5000,7.14,0,0.08,N,2
26,60000,RENT,0,VENTURE,A,5000,7.14,0,0.08,N,2
26,110000,RENT,0,DEBTCONSOLIDATION,A,2100,7.12,0,0.02,N,2
26,45000,MORTGAGE,1,DEBTCONSOLIDATION,A,1500,7.05,0,0.03,N,2
26,65000,MORTGAGE,9,EDUCATION,A,20500,6.99,0,0.32,N,2
26,55000,RENT,7,DEBTCONSOLIDATION,A,18800,6.99,1,0.34,N,2
26,82305,MORTGAGE,10,DEBTCONSOLIDATION,A,18600,6.99,0,0.23,N,2
26,100000,RENT,5,EDUCATION,A,15000,6.99,0,0.15,N,2
26,75000,MORTGAGE,6,MEDICAL,A,13000,6.99,0,0.17,N,2
26,45000,RENT,3,DEBTCONSOLIDATION,A,11000,6.99,0,0.24,N,2
26,98400,MORTGAGE,4,VENTURE,A,8450,6.99,0,0.09,N,2
26,45000,MORTGAGE,10,HOMEIMPROVEMENT,A,8000,6.99,0,0.18,N,2
26,69912,MORTGAGE,9,VENTURE,A,8000,6.99,0,0.11,N,2
26,93000,MORTGAGE,0,DEBTCONSOLIDATION,A,8000,6.99,0,0.09,N,2
26,59000,MORTGAGE,,VENTURE,A,7800,6.99,0,0.13,N,2
26,61200,RENT,3,HOMEIMPROVEMENT,A,7150,6.99,0,0.12,N,2
26,25000,MORTGAGE,10,MEDICAL,A,7000,6.99,0,0.28,N,2
26,75000,MORTGAGE,4,HOMEIMPROVEMENT,A,7000,6.99,0,0.09,N,2
26,45000,MORTGAGE,6,VENTURE,A,5000,6.99,0,0.11,N,2
26,45000,MORTGAGE,6,VENTURE,A,5000,6.99,0,0.11,N,2
26,32450,MORTGAGE,5,HOMEIMPROVEMENT,A,3250,6.99,0,0.1,N,2
26,51500,OWN,10,HOMEIMPROVEMENT,A,15000,6.92,0,0.29,N,2
26,42000,RENT,3,VENTURE,A,14000,6.92,1,0.33,N,2
26,60000,MORTGAGE,10,VENTURE,A,12500,6.92,0,0.21,N,2
26,40000,RENT,4,EDUCATION,A,12500,6.92,1,0.31,N,2
26,110000,MORTGAGE,3,DEBTCONSOLIDATION,A,4000,6.92,0,0.04,N,2
26,58000,MORTGAGE,2,MEDICAL,A,3000,6.92,0,0.05,N,2
26,75000,RENT,5,PERSONAL,A,20000,6.91,0,0.27,N,2
26,63000,MORTGAGE,10,MEDICAL,A,10000,6.91,0,0.16,N,2
26,50000,RENT,1,HOMEIMPROVEMENT,A,10000,6.91,0,0.2,N,2
26,60000,RENT,3,MEDICAL,A,7000,6.91,0,0.12,N,2
26,103200,MORTGAGE,8,PERSONAL,A,9000,6.76,0,0.09,N,2
26,44470,MORTGAGE,2,DEBTCONSOLIDATION,A,4000,6.76,0,0.09,N,2
26,55000,MORTGAGE,10,MEDICAL,A,3000,6.76,0,0.05,N,2
26,47500,RENT,8,VENTURE,A,3000,6.76,0,0.06,N,2
26,21600,OWN,,VENTURE,A,3000,6.76,0,0.14,N,2
26,22406,RENT,5,HOMEIMPROVEMENT,A,2500,6.76,1,0.11,N,2
26,60000,RENT,5,DEBTCONSOLIDATION,A,12000,6.62,0,0.2,N,2
26,45608,OWN,8,HOMEIMPROVEMENT,A,11000,6.62,0,0.24,N,2
26,74000,MORTGAGE,5,DEBTCONSOLIDATION,A,10000,6.62,0,0.14,N,2
26,34320,RENT,2,EDUCATION,A,9000,6.62,1,0.26,N,2
26,39000,RENT,2,DEBTCONSOLIDATION,A,8000,6.62,0,0.21,N,2
26,39000,RENT,2,EDUCATION,A,8000,6.62,0,0.21,N,2
26,66000,RENT,2,EDUCATION,A,7500,6.62,0,0.11,N,2
26,78000,MORTGAGE,7,PERSONAL,A,7200,6.62,0,0.09,N,2
26,50000,MORTGAGE,7,VENTURE,A,7200,6.62,0,0.14,N,2
26,24000,RENT,5,MEDICAL,A,6000,6.62,0,0.25,N,2
26,28800,MORTGAGE,2,VENTURE,A,5150,6.62,0,0.18,N,2
26,54000,MORTGAGE,10,EDUCATION,A,5000,6.62,0,0.09,N,2
26,64000,MORTGAGE,7,HOMEIMPROVEMENT,A,5000,6.62,0,0.08,N,2
26,30000,RENT,2,MEDICAL,A,6000,6.54,0,0.2,N,2
26,27600,RENT,0,MEDICAL,A,4725,6.54,0,0.17,N,2
26,88000,MORTGAGE,10,HOMEIMPROVEMENT,A,3800,6.54,0,0.04,N,2
26,96000,RENT,2,HOMEIMPROVEMENT,A,1750,6.54,0,0.02,N,2
26,120000,MORTGAGE,3,PERSONAL,A,4600,6.39,0,0.04,N,2
26,94000,MORTGAGE,8,PERSONAL,A,15000,6.17,0,0.16,N,2
26,57006,MORTGAGE,10,DEBTCONSOLIDATION,A,6000,6.17,0,0.11,N,2
26,90000,RENT,0,HOMEIMPROVEMENT,A,14000,6.03,0,0.16,N,2
26,34000,MORTGAGE,6,PERSONAL,A,12000,6.03,0,0.35,N,2
26,102500,MORTGAGE,4,EDUCATION,A,11800,6.03,0,0.12,N,2
26,130000,MORTGAGE,8,PERSONAL,A,10000,6.03,0,0.08,N,2
26,64000,RENT,3,DEBTCONSOLIDATION,A,9000,6.03,0,0.14,N,2
26,79200,MORTGAGE,8,MEDICAL,A,6075,6.03,0,0.08,N,2
26,32000,RENT,3,VENTURE,A,5000,6.03,0,0.16,N,2
26,32000,RENT,3,DEBTCONSOLIDATION,A,5000,6.03,0,0.16,N,2
26,36636,MORTGAGE,,MEDICAL,A,5000,6.03,0,0.14,N,2
26,35000,OWN,3,HOMEIMPROVEMENT,A,4800,6.03,0,0.14,N,2
26,58947,RENT,10,MEDICAL,A,4500,6.03,0,0.08,N,2
26,87000,RENT,6,MEDICAL,A,15000,5.99,0,0.17,N,2
26,48000,MORTGAGE,0,EDUCATION,A,15000,5.99,1,0.31,N,2
26,75000,MORTGAGE,5,HOMEIMPROVEMENT,A,12500,5.99,0,0.17,N,2
26,100000,MORTGAGE,10,DEBTCONSOLIDATION,A,12000,5.99,0,0.12,N,2
26,38400,RENT,0,MEDICAL,A,12000,5.99,1,0.31,N,2
26,97333,OWN,3,HOMEIMPROVEMENT,A,10000,5.99,0,0.1,N,2
26,30000,RENT,8,EDUCATION,A,9000,5.99,1,0.3,N,2
26,80000,RENT,0,HOMEIMPROVEMENT,A,8000,5.99,0,0.1,N,2
26,50000,OWN,10,PERSONAL,A,7500,5.99,0,0.15,N,2
26,89000,RENT,,EDUCATION,A,4800,5.99,0,0.05,N,2
26,33660,MORTGAGE,0,DEBTCONSOLIDATION,A,4500,5.99,1,0.13,N,2
26,96000,MORTGAGE,0,HOMEIMPROVEMENT,A,16000,5.79,0,0.17,N,2
26,55000,MORTGAGE,0,DEBTCONSOLIDATION,A,10500,5.79,0,0.19,N,2
26,68000,MORTGAGE,3,DEBTCONSOLIDATION,A,10000,5.79,0,0.15,N,2
26,125000,MORTGAGE,4,MEDICAL,A,9600,5.79,0,0.08,N,2
26,108000,MORTGAGE,4,PERSONAL,A,9000,5.79,0,0.08,N,2
26,45000,RENT,3,EDUCATION,A,6000,5.79,0,0.13,N,2
26,48000,RENT,3,VENTURE,A,4000,5.79,0,0.08,N,2
26,71040,MORTGAGE,1,DEBTCONSOLIDATION,A,3000,5.79,0,0.04,N,2
26,65000,RENT,1,VENTURE,A,3000,5.79,0,0.05,N,2
26,47000,MORTGAGE,0,PERSONAL,A,3000,5.79,0,0.06,N,2
26,120000,MORTGAGE,10,MEDICAL,A,10000,5.42,0,0.08,N,2
26,46877,RENT,,DEBTCONSOLIDATION,A,10000,5.42,0,0.21,N,2
26,35000,MORTGAGE,0,MEDICAL,A,8000,5.42,0,0.23,N,2
26,54000,MORTGAGE,10,HOMEIMPROVEMENT,A,7200,5.42,0,0.13,N,2
26,40000,MORTGAGE,10,HOMEIMPROVEMENT,A,5300,5.42,0,0.13,N,2
26,45000,RENT,1,MEDICAL,A,4800,5.42,0,0.11,N,2
26,48000,MORTGAGE,10,HOMEIMPROVEMENT,A,4000,5.42,0,0.08,N,2
26,65000,MORTGAGE,0,PERSONAL,A,4000,5.42,0,0.06,N,2
26,100000,MORTGAGE,11,HOMEIMPROVEMENT,A,2000,5.42,0,0.02,N,2
26,94500,OWN,10,VENTURE,A,2000,5.42,0,0.02,N,2
26,175000,MORTGAGE,7,DEBTCONSOLIDATION,B,30000,,0,0.17,N,2
26,102456,MORTGAGE,10,VENTURE,D,25000,,0,0.24,Y,2
26,110000,RENT,3,PERSONAL,C,25000,,0,0.23,Y,2
26,110000,RENT,3,HOMEIMPROVEMENT,C,25000,,0,0.23,Y,2
26,62900,OWN,4,MEDICAL,E,24250,,1,0.33,Y,2
26,65000,RENT,10,DEBTCONSOLIDATION,A,24000,,1,0.37,N,2
26,170000,RENT,3,DEBTCONSOLIDATION,C,24000,,0,0.14,Y,2
26,61000,MORTGAGE,8,MEDICAL,B,21000,,0,0.34,N,2
26,59000,RENT,3,EDUCATION,C,20000,,1,0.34,N,2
26,145992,MORTGAGE,0,EDUCATION,D,20000,,0,0.14,Y,2
26,145992,MORTGAGE,0,PERSONAL,D,20000,,0,0.14,Y,2
26,130000,RENT,2,PERSONAL,A,17950,,0,0.14,N,2
26,64700,MORTGAGE,5,HOMEIMPROVEMENT,C,17500,,0,0.27,Y,2
26,56100,MORTGAGE,10,MEDICAL,D,16000,,1,0.24,Y,2
26,75000,RENT,1,VENTURE,B,16000,,0,0.21,N,2
26,48000,RENT,1,PERSONAL,C,15000,,1,0.31,Y,2
26,88068,RENT,10,DEBTCONSOLIDATION,B,14400,,0,0.16,N,2
26,139992,MORTGAGE,0,DEBTCONSOLIDATION,B,14400,,0,0.1,N,2
26,80000,RENT,6,EDUCATION,B,14000,,0,0.17,N,2
26,85200,MORTGAGE,5,HOMEIMPROVEMENT,E,14000,,1,0.16,Y,2
26,35000,RENT,10,MEDICAL,B,12875,,1,0.37,N,2
26,32000,RENT,4,DEBTCONSOLIDATION,A,12250,,1,0.38,N,2
26,105000,RENT,1,HOMEIMPROVEMENT,B,12100,,0,0.12,N,2
26,84000,RENT,10,EDUCATION,B,12000,,0,0.14,N,2
26,172000,MORTGAGE,7,VENTURE,A,12000,,0,0.07,N,2
26,31303,MORTGAGE,7,MEDICAL,A,12000,,0,0.38,N,2
26,72645,OWN,5,VENTURE,A,12000,,0,0.17,N,2
26,110000,RENT,4,VENTURE,B,12000,,0,0.11,N,2
26,40800,RENT,2,PERSONAL,A,12000,,0,0.29,N,2
26,69000,MORTGAGE,2,DEBTCONSOLIDATION,A,11000,,0,0.16,N,2
26,80040,MORTGAGE,6,PERSONAL,A,10000,,1,0.12,N,2
26,85000,RENT,3,HOMEIMPROVEMENT,A,10000,,0,0.12,N,2
26,24000,RENT,3,MEDICAL,A,10000,,1,0.42,N,2
26,85500,RENT,0,EDUCATION,A,10000,,0,0.12,N,2
26,80000,RENT,4,EDUCATION,A,9600,,0,0.12,N,2
26,65000,MORTGAGE,6,MEDICAL,B,9250,,0,0.14,N,2
26,19200,OWN,0,EDUCATION,B,9250,,1,0.48,N,2
26,45996,OWN,5,HOMEIMPROVEMENT,A,9225,,0,0.2,N,2
26,55000,RENT,0,VENTURE,A,9000,,0,0.16,N,2
26,90000,RENT,8,PERSONAL,C,8400,,0,0.09,N,2
26,95000,OWN,5,EDUCATION,A,8000,,0,0.08,N,2
26,53000,MORTGAGE,1,DEBTCONSOLIDATION,A,8000,,0,0.15,N,2
26,70000,MORTGAGE,0,DEBTCONSOLIDATION,A,8000,,0,0.11,N,2
26,25000,OWN,0,VENTURE,C,7400,,0,0.3,N,2
26,42000,RENT,10,DEBTCONSOLIDATION,A,7000,,0,0.17,N,2
26,31000,RENT,6,EDUCATION,A,7000,,0,0.23,N,2
26,65000,RENT,3,EDUCATION,A,7000,,0,0.11,N,2
26,72000,MORTGAGE,5,HOMEIMPROVEMENT,A,6600,,0,0.09,N,2
26,68000,MORTGAGE,10,EDUCATION,A,6500,,0,0.1,N,2
26,37820,MORTGAGE,3,DEBTCONSOLIDATION,A,6300,,0,0.17,N,2
26,40000,RENT,4,EDUCATION,B,6000,,0,0.15,N,2
26,120000,MORTGAGE,0,EDUCATION,A,6000,,0,0.05,N,2
26,120000,MORTGAGE,0,DEBTCONSOLIDATION,A,6000,,0,0.05,N,2
26,30000,RENT,0,DEBTCONSOLIDATION,D,6000,,1,0.2,Y,2
26,17500,OWN,10,PERSONAL,A,5500,,1,0.31,N,2
26,30000,RENT,11,MEDICAL,B,5000,,0,0.17,N,2
26,44000,OWN,10,VENTURE,C,5000,,0,0.11,N,2
26,38000,MORTGAGE,5,HOMEIMPROVEMENT,B,5000,,0,0.13,N,2
26,30000,RENT,4,PERSONAL,C,5000,,0,0.17,Y,2
26,54600,MORTGAGE,10,PERSONAL,B,4800,,0,0.09,N,2
26,122000,MORTGAGE,4,DEBTCONSOLIDATION,C,4800,,0,0.04,Y,2
26,50000,RENT,0,PERSONAL,B,4800,,0,0.1,N,2
26,28000,MORTGAGE,8,PERSONAL,A,4500,,1,0.16,N,2
26,48000,MORTGAGE,10,VENTURE,A,4000,,0,0.08,N,2
26,20004,MORTGAGE,4,HOMEIMPROVEMENT,B,3600,,0,0.18,N,2
26,45000,RENT,6,MEDICAL,A,3575,,0,0.08,N,2
26,30000,RENT,2,VENTURE,B,3500,,0,0.12,N,2
26,39000,RENT,11,EDUCATION,C,3000,,1,0.08,Y,2
26,55000,RENT,1,DEBTCONSOLIDATION,C,3000,,0,0.05,N,2
26,55000,RENT,1,EDUCATION,C,3000,,0,0.05,Y,2
26,14400,RENT,1,VENTURE,B,3000,,1,0.21,N,2
26,16000,RENT,1,VENTURE,D,2450,,1,0.15,Y,2
26,33600,RENT,0,PERSONAL,C,2000,,0,0.06,Y,2
26,25200,RENT,0,VENTURE,C,1600,,0,0.06,Y,2
26,96000,RENT,4,PERSONAL,D,1500,,0,0.02,Y,2
25,120000,MORTGAGE,2,PERSONAL,F,10000,20.99,0,0.08,N,4
25,72000,MORTGAGE,9,PERSONAL,F,18000,20.89,0,0.25,Y,4
25,102000,MORTGAGE,7,HOMEIMPROVEMENT,G,25000,20.16,1,0.25,Y,4
25,165000,MORTGAGE,0,HOMEIMPROVEMENT,F,25000,19.74,0,0.15,N,4
25,76700,MORTGAGE,1,VENTURE,E,14800,19.42,0,0.19,Y,4
25,50000,OWN,9,EDUCATION,E,9175,19.42,0,0.18,N,4
25,50000,OWN,9,PERSONAL,E,9175,19.42,0,0.18,N,4
25,40800,OWN,5,HOMEIMPROVEMENT,E,7000,19.03,1,0.17,N,4
25,19200,RENT,6,EDUCATION,E,4000,19.03,1,0.21,Y,4
25,32000,RENT,2,MEDICAL,E,1000,19.03,1,0.03,N,4
25,36000,RENT,9,PERSONAL,E,8400,18.64,0,0.23,Y,4
25,142800,MORTGAGE,9,MEDICAL,F,10000,18.25,1,0.06,N,4
25,66300,RENT,3,MEDICAL,E,25000,17.93,1,0.32,Y,4
25,88000,RENT,9,EDUCATION,E,10000,17.88,1,0.11,Y,4
25,116000,MORTGAGE,0,EDUCATION,D,35000,17.58,0,0.3,Y,4
25,50000,RENT,3,VENTURE,D,16000,17.58,1,0.32,N,4
25,62400,OWN,,MEDICAL,D,15000,17.58,0,0.24,N,4
25,30000,RENT,9,DEBTCONSOLIDATION,D,9000,17.58,1,0.3,Y,4
25,31200,MORTGAGE,9,HOMEIMPROVEMENT,D,2400,17.58,1,0.08,Y,4
25,68400,RENT,9,PERSONAL,E,24250,17.56,1,0.35,N,4
25,80400,MORTGAGE,10,VENTURE,D,25000,17.49,0,0.31,Y,4
25,54000,MORTGAGE,4,EDUCATION,D,12000,17.49,1,0.22,N,4
25,159600,RENT,0,PERSONAL,D,30000,17.27,1,0.19,Y,4
25,30840,RENT,2,VENTURE,D,11200,17.27,1,0.36,N,4
25,44400,RENT,4,PERSONAL,D,2100,17.27,0,0.05,N,4
25,253000,MORTGAGE,5,HOMEIMPROVEMENT,F,25000,17.26,1,0.1,N,4
25,30000,RENT,2,DEBTCONSOLIDATION,E,5200,17.19,1,0.17,N,4
25,31200,OWN,,HOMEIMPROVEMENT,E,4000,17.19,1,0.13,Y,4
25,28800,RENT,1,VENTURE,E,6000,17.04,1,0.21,Y,4
25,75000,RENT,4,HOMEIMPROVEMENT,D,30000,16.89,1,0.4,Y,4
25,50400,MORTGAGE,9,DEBTCONSOLIDATION,D,12000,16.89,1,0.24,N,4
25,54000,RENT,3,HOMEIMPROVEMENT,E,25000,16.82,1,0.46,N,4
25,33996,RENT,8,MEDICAL,E,1500,16.82,1,0.04,N,4
25,93000,MORTGAGE,9,VENTURE,D,12000,16.77,0,0.13,Y,4
25,60000,MORTGAGE,7,EDUCATION,D,12000,16.77,0,0.2,N,4
25,62500,RENT,2,DEBTCONSOLIDATION,D,12000,16.77,1,0.19,N,4
25,54000,RENT,,PERSONAL,D,12000,16.77,1,0.22,N,4
25,32200,RENT,1,VENTURE,D,10000,16.77,1,0.31,Y,4
25,34800,RENT,9,MEDICAL,D,5600,16.77,1,0.16,N,4
25,46000,OWN,0,DEBTCONSOLIDATION,E,19750,16.7,1,0.43,Y,4
25,30000,MORTGAGE,,EDUCATION,D,10625,16.49,0,0.35,N,4
25,98000,MORTGAGE,9,HOMEIMPROVEMENT,E,25000,16.45,1,0.26,N,4
25,80500,RENT,3,PERSONAL,E,16000,16.45,0,0.2,Y,4
25,59000,RENT,0,DEBTCONSOLIDATION,E,15000,16.45,1,0.25,N,4
25,44004,RENT,9,MEDICAL,E,12000,16.45,0,0.27,Y,4
25,84000,RENT,1,VENTURE,E,8000,16.45,1,0.1,Y,4
25,59600,MORTGAGE,5,EDUCATION,E,6000,16.45,1,0.1,N,4
25,21000,RENT,2,EDUCATION,E,4500,16.45,1,0.21,Y,4
25,51000,MORTGAGE,6,PERSONAL,E,16750,16.4,0,0.33,N,4
25,78200,RENT,9,MEDICAL,E,12000,16.4,1,0.13,N,4
25,33000,RENT,0,DEBTCONSOLIDATION,E,13650,16.35,1,0.41,N,4
25,62047,RENT,9,MEDICAL,E,21000,16.32,1,0.29,Y,4
25,42000,RENT,0,EDUCATION,E,7400,16.32,1,0.18,N,4
25,59000,RENT,9,MEDICAL,D,10400,16.29,1,0.18,N,4
25,29000,RENT,4,MEDICAL,D,4000,16.29,1,0.14,N,4
25,135000,MORTGAGE,9,PERSONAL,D,25000,16.07,0,0.19,Y,4
25,70000,RENT,9,HOMEIMPROVEMENT,D,15000,16.02,0,0.21,N,4
25,67147,RENT,9,MEDICAL,D,3000,16.02,1,0.04,Y,4
25,155000,MORTGAGE,3,PERSONAL,D,22000,16,0,0.14,Y,4
25,130000,MORTGAGE,2,VENTURE,D,19400,16,0,0.15,Y,4
25,78000,MORTGAGE,9,DEBTCONSOLIDATION,D,8000,16,1,0.1,N,4
25,55000,MORTGAGE,3,EDUCATION,D,5000,15.99,0,0.09,N,4
25,51684,MORTGAGE,9,PERSONAL,D,4000,15.99,0,0.08,N,4
25,37500,RENT,1,MEDICAL,C,10000,15.96,0,0.27,Y,4
25,33168,MORTGAGE,9,PERSONAL,C,6000,15.96,1,0.18,N,4
25,74004,RENT,2,PERSONAL,E,20000,15.95,1,0.27,Y,4
25,100000,MORTGAGE,3,PERSONAL,D,13750,15.95,0,0.14,N,4
25,53467,MORTGAGE,5,MEDICAL,D,25000,15.7,1,0.4,Y,4
25,47000,RENT,9,HOMEIMPROVEMENT,D,19750,15.7,1,0.42,N,4
25,103000,RENT,9,HOMEIMPROVEMENT,D,12800,15.7,0,0.12,Y,4
25,50000,RENT,7,EDUCATION,E,8500,15.7,0,0.17,N,4
25,96000,RENT,2,HOMEIMPROVEMENT,E,25000,15.68,1,0.26,Y,4
25,55000,MORTGAGE,2,EDUCATION,E,14000,15.68,0,0.25,Y,4
25,62165,RENT,2,MEDICAL,D,10800,15.65,1,0.15,Y,4
25,44000,RENT,2,MEDICAL,D,10000,15.65,1,0.23,Y,4
25,80000,MORTGAGE,9,VENTURE,D,14000,15.62,0,0.17,Y,4
25,72000,MORTGAGE,9,EDUCATION,D,9000,15.62,0,0.13,N,4
25,60000,RENT,3,VENTURE,D,7000,15.62,0,0.12,N,4
25,56400,RENT,2,DEBTCONSOLIDATION,D,3500,15.62,1,0.06,N,4
25,93200,MORTGAGE,9,EDUCATION,D,25000,15.58,0,0.27,Y,4
25,48500,OTHER,1,EDUCATION,E,19500,15.57,1,0.4,N,4
25,60000,RENT,8,HOMEIMPROVEMENT,D,5000,15.57,0,0.08,N,4
25,58650,RENT,5,MEDICAL,D,7500,15.37,1,0.11,N,4
25,65000,RENT,3,PERSONAL,D,18000,15.33,1,0.28,N,4
25,110000,RENT,5,HOMEIMPROVEMENT,D,15600,15.33,0,0.14,Y,4
25,64000,RENT,9,EDUCATION,D,5000,15.33,0,0.08,Y,4
25,57424,RENT,2,MEDICAL,D,12000,15.31,1,0.18,N,4
25,33800,MORTGAGE,2,EDUCATION,D,10000,15.31,0,0.3,N,4
25,15000,OWN,2,HOMEIMPROVEMENT,D,1750,15.31,0,0.12,Y,4
25,72500,MORTGAGE,3,VENTURE,D,16000,15.28,1,0.22,Y,4
25,64000,RENT,7,DEBTCONSOLIDATION,D,8000,15.28,1,0.13,Y,4
25,64000,RENT,7,EDUCATION,D,8000,15.28,1,0.13,N,4
25,50000,MORTGAGE,9,PERSONAL,C,20000,15.27,0,0.4,N,4
25,66300,MORTGAGE,6,MEDICAL,C,20000,15.27,1,0.26,N,4
25,106870,OWN,9,EDUCATION,C,6000,15.27,0,0.06,Y,4
25,80000,MORTGAGE,2,PERSONAL,C,4900,15.27,0,0.06,N,4
25,54000,RENT,0,HOMEIMPROVEMENT,C,10000,15.23,1,0.19,N,4
25,39512,RENT,3,VENTURE,C,9000,15.23,1,0.23,N,4
25,95000,RENT,4,PERSONAL,C,8000,15.23,0,0.08,N,4
25,36000,RENT,2,EDUCATION,C,3600,15.23,0,0.1,N,4
25,93000,MORTGAGE,3,DEBTCONSOLIDATION,C,2000,15.23,0,0.02,N,4
25,69996,RENT,9,EDUCATION,D,25000,15.21,1,0.36,N,4
25,20800,RENT,0,HOMEIMPROVEMENT,D,2800,15.21,1,0.13,Y,4
25,24000,MORTGAGE,0,VENTURE,D,1200,15.21,0,0.05,Y,4
25,175000,RENT,4,HOMEIMPROVEMENT,D,10000,15.05,0,0.06,Y,4
25,84000,MORTGAGE,0,EDUCATION,F,2125,15.01,1,0.03,Y,4
25,88000,RENT,0,VENTURE,D,25000,14.96,1,0.28,N,4
25,153000,RENT,9,DEBTCONSOLIDATION,D,10000,14.96,1,0.07,Y,4
25,73000,RENT,2,DEBTCONSOLIDATION,D,6000,14.96,1,0.08,N,4
25,80000,RENT,8,DEBTCONSOLIDATION,D,5000,14.96,1,0.06,Y,4
25,57700,RENT,2,MEDICAL,D,10600,14.91,1,0.18,Y,4
25,59004,RENT,1,HOMEIMPROVEMENT,D,20000,14.84,1,0.34,N,4
25,58650,RENT,7,MEDICAL,D,5600,14.84,1,0.08,N,4
25,41000,RENT,1,PERSONAL,D,4000,14.84,1,0.1,Y,4
25,40000,OWN,3,EDUCATION,D,12000,14.83,0,0.3,N,4
25,87999,RENT,5,PERSONAL,C,2400,14.79,1,0.03,Y,4
25,48000,MORTGAGE,3,MEDICAL,C,1400,14.79,0,0.03,Y,4
25,75500,MORTGAGE,10,MEDICAL,D,6000,14.74,1,0.07,Y,4
25,30000,RENT,9,EDUCATION,D,6000,14.74,1,0.2,Y,4
25,95111,MORTGAGE,9,PERSONAL,C,18000,14.72,0,0.19,N,4
25,46000,RENT,3,PERSONAL,C,6000,14.72,0,0.13,Y,4
25,96000,MORTGAGE,6,VENTURE,C,21000,14.65,0,0.22,N,4
25,150000,MORTGAGE,9,MEDICAL,C,20000,14.65,0,0.13,Y,4
25,120000,MORTGAGE,7,EDUCATION,C,15000,14.65,0,0.13,N,4
25,85000,MORTGAGE,7,EDUCATION,C,12000,14.65,0,0.14,Y,4
25,56000,MORTGAGE,5,PERSONAL,C,10250,14.65,0,0.18,Y,4
25,39000,MORTGAGE,5,PERSONAL,C,8500,14.65,1,0.22,N,4
25,28000,RENT,3,DEBTCONSOLIDATION,C,8000,14.65,0,0.29,Y,4
25,33000,RENT,1,VENTURE,C,7100,14.65,1,0.22,Y,4
25,32160,RENT,9,DEBTCONSOLIDATION,C,5200,14.65,0,0.16,N,4
25,36960,RENT,8,DEBTCONSOLIDATION,D,12500,14.61,1,0.34,Y,4
25,40000,RENT,9,MEDICAL,D,5600,14.61,0,0.14,Y,4
25,50000,RENT,3,PERSONAL,D,4000,14.61,0,0.08,Y,4
25,38000,RENT,4,MEDICAL,D,20000,14.59,1,0.53,N,4
25,44000,RENT,1,EDUCATION,D,15000,14.59,1,0.34,N,4
25,54000,RENT,6,DEBTCONSOLIDATION,D,14000,14.59,1,0.26,Y,4
25,39000,RENT,1,HOMEIMPROVEMENT,D,10750,14.59,1,0.28,Y,4
25,74000,MORTGAGE,5,HOMEIMPROVEMENT,D,10000,14.59,0,0.14,Y,4
25,60000,MORTGAGE,5,VENTURE,D,3000,14.59,0,0.05,Y,4
25,57000,MORTGAGE,5,HOMEIMPROVEMENT,D,11200,14.46,0,0.2,Y,4
25,63000,RENT,5,EDUCATION,D,9600,14.46,0,0.15,Y,4
25,30000,RENT,0,VENTURE,D,14500,14.42,1,0.48,N,4
25,125000,MORTGAGE,1,HOMEIMPROVEMENT,D,14000,14.42,0,0.11,N,4
25,66000,MORTGAGE,4,HOMEIMPROVEMENT,C,15000,14.35,0,0.23,N,4
25,19200,RENT,0,DEBTCONSOLIDATION,C,3800,14.35,1,0.2,Y,4
25,125000,MORTGAGE,1,MEDICAL,C,30000,14.27,0,0.24,N,4
25,234000,MORTGAGE,3,MEDICAL,C,20000,14.27,0,0.09,Y,4
25,50000,MORTGAGE,6,HOMEIMPROVEMENT,C,11200,14.27,0,0.22,Y,4
25,35280,RENT,3,DEBTCONSOLIDATION,C,10375,14.27,1,0.29,Y,4
25,57000,RENT,1,PERSONAL,C,10000,14.27,0,0.18,Y,4
25,174000,MORTGAGE,2,EDUCATION,C,8800,14.27,0,0.05,N,4
25,44000,RENT,9,MEDICAL,C,8500,14.27,1,0.19,N,4
25,32000,RENT,9,VENTURE,C,5000,14.27,1,0.16,Y,4
25,120000,MORTGAGE,1,HOMEIMPROVEMENT,C,3000,14.27,0,0.03,Y,4
25,180000,OWN,9,MEDICAL,C,20000,14.26,0,0.11,Y,4
25,80004,RENT,9,HOMEIMPROVEMENT,C,20000,14.26,0,0.25,Y,4
25,60000,RENT,3,PERSONAL,C,12000,14.26,0,0.2,N,4
25,116000,RENT,5,DEBTCONSOLIDATION,C,10000,14.26,0,0.09,Y,4
25,68000,RENT,1,DEBTCONSOLIDATION,C,10000,14.26,0,0.15,N,4
25,70000,RENT,3,PERSONAL,C,8000,14.26,0,0.11,N,4
25,26880,RENT,1,VENTURE,C,4900,14.26,0,0.18,Y,4
25,56004,RENT,3,MEDICAL,C,7000,14.22,0,0.12,N,4
25,56004,RENT,3,PERSONAL,C,7000,14.22,0,0.12,N,4
25,120000,RENT,9,VENTURE,C,4800,14.22,0,0.04,N,4
25,63000,RENT,6,VENTURE,C,4200,14.22,0,0.07,N,4
25,30000,RENT,4,MEDICAL,C,2000,14.22,0,0.07,Y,4
25,59160,RENT,0,HOMEIMPROVEMENT,E,16600,14.18,1,0.28,N,4
25,54000,RENT,1,DEBTCONSOLIDATION,D,20000,14.11,1,0.37,N,4
25,78000,RENT,0,DEBTCONSOLIDATION,D,9600,14.11,1,0.12,Y,4
25,42996,OWN,1,VENTURE,D,7200,14.11,0,0.17,N,4
25,44000,MORTGAGE,4,MEDICAL,D,5550,14.11,1,0.13,Y,4
25,159996,RENT,4,PERSONAL,D,5000,14.11,0,0.03,Y,4
25,75000,MORTGAGE,4,VENTURE,D,20000,14.09,0,0.27,Y,4
25,58650,MORTGAGE,4,MEDICAL,D,20000,14.09,1,0.29,Y,4
25,125800,MORTGAGE,0,MEDICAL,D,10000,14.09,1,0.07,N,4
25,230000,MORTGAGE,5,MEDICAL,C,35000,13.99,0,0.15,N,4
25,100000,MORTGAGE,9,EDUCATION,C,7500,13.99,0,0.07,N,4
25,53000,RENT,6,DEBTCONSOLIDATION,C,3000,13.99,0,0.06,N,4
25,54000,RENT,2,PERSONAL,C,24250,13.98,1,0.45,N,4
25,52000,RENT,9,VENTURE,C,16000,13.98,1,0.31,N,4
25,30000,RENT,3,EDUCATION,C,8500,13.98,0,0.28,Y,4
25,55200,RENT,0,HOMEIMPROVEMENT,C,3600,13.98,0,0.07,N,4
25,60000,MORTGAGE,9,PERSONAL,C,10200,13.92,0,0.17,Y,4
25,67000,RENT,9,PERSONAL,C,5000,13.92,1,0.07,Y,4
25,56950,RENT,9,MEDICAL,C,5000,13.92,1,0.07,N,4
25,63000,MORTGAGE,0,PERSONAL,D,25000,13.87,0,0.4,N,4
25,105000,MORTGAGE,6,PERSONAL,D,6500,13.87,0,0.06,N,4
25,306000,RENT,2,PERSONAL,C,24250,13.85,0,0.08,N,4
25,57000,RENT,0,EDUCATION,C,15000,13.85,0,0.26,N,4
25,48074,RENT,4,EDUCATION,C,12000,13.85,0,0.25,Y,4
25,85000,MORTGAGE,5,HOMEIMPROVEMENT,C,9600,13.85,0,0.11,Y,4
25,15600,RENT,1,PERSONAL,C,4750,13.85,1,0.3,N,4
25,50000,MORTGAGE,5,PERSONAL,D,7500,13.8,0,0.15,Y,4
25,31200,RENT,1,DEBTCONSOLIDATION,C,6000,13.8,1,0.19,N,4
25,45000,RENT,0,MEDICAL,C,4000,13.8,0,0.09,Y,4
25,31008,RENT,2,DEBTCONSOLIDATION,C,12000,13.79,1,0.39,N,4
25,34000,RENT,0,HOMEIMPROVEMENT,C,10000,13.79,1,0.29,Y,4
25,29004,RENT,0,PERSONAL,C,5600,13.79,1,0.19,N,4
25,75000,MORTGAGE,9,VENTURE,C,5000,13.79,0,0.07,Y,4
25,70000,RENT,6,EDUCATION,C,8250,13.61,1,0.12,Y,4
25,60000,OWN,3,PERSONAL,C,16000,13.57,0,0.27,Y,4
25,122000,MORTGAGE,8,PERSONAL,C,10000,13.57,0,0.08,N,4
25,122000,MORTGAGE,8,DEBTCONSOLIDATION,C,10000,13.57,0,0.08,Y,4
25,62000,OWN,7,VENTURE,C,3500,13.57,0,0.06,N,4
25,250000,RENT,2,MEDICAL,C,25000,13.49,0,0.1,N,4
25,102000,RENT,9,DEBTCONSOLIDATION,C,23600,13.49,0,0.23,N,4
25,48000,MORTGAGE,0,MEDICAL,C,23500,13.49,0,0.49,Y,4
25,120000,MORTGAGE,9,PERSONAL,C,21000,13.49,0,0.17,N,4
25,115000,MORTGAGE,9,VENTURE,C,19000,13.49,0,0.17,Y,4
25,115000,MORTGAGE,3,DEBTCONSOLIDATION,C,19000,13.49,0,0.17,N,4
25,75000,MORTGAGE,4,HOMEIMPROVEMENT,C,12000,13.49,0,0.16,N,4
25,67200,RENT,3,HOMEIMPROVEMENT,C,12000,13.49,0,0.18,Y,4
25,49000,RENT,1,PERSONAL,D,12000,13.49,1,0.24,N,4
25,50000,MORTGAGE,10,EDUCATION,C,10000,13.49,0,0.2,Y,4
25,87000,RENT,7,MEDICAL,C,9000,13.49,0,0.1,N,4
25,130000,MORTGAGE,3,HOMEIMPROVEMENT,C,8000,13.49,0,0.06,N,4
25,36000,RENT,0,DEBTCONSOLIDATION,C,7500,13.49,0,0.21,N,4
25,90000,RENT,9,HOMEIMPROVEMENT,C,6000,13.49,0,0.07,N,4
25,34400,RENT,9,VENTURE,C,5000,13.49,0,0.15,N,4
25,19800,RENT,0,DEBTCONSOLIDATION,C,5000,13.49,1,0.25,Y,4
25,65004,RENT,1,PERSONAL,C,4800,13.49,0,0.07,Y,4
25,30000,RENT,4,EDUCATION,C,4000,13.49,0,0.13,Y,4
25,110000,MORTGAGE,5,VENTURE,C,1200,13.49,0,0.01,N,4
25,60000,MORTGAGE,4,DEBTCONSOLIDATION,C,1200,13.49,0,0.02,N,4
25,51000,RENT,1,VENTURE,C,15000,13.48,0,0.29,Y,4
25,64500,OWN,4,PERSONAL,C,12000,13.48,0,0.19,Y,4
25,78600,RENT,0,MEDICAL,C,8400,13.48,0,0.11,N,4
25,60000,RENT,3,HOMEIMPROVEMENT,C,7200,13.48,0,0.12,Y,4
25,23000,RENT,0,EDUCATION,C,2100,13.48,0,0.09,Y,4
25,15996,RENT,1,EDUCATION,C,2000,13.48,0,0.13,Y,4
25,42000,RENT,2,EDUCATION,C,20000,13.47,1,0.48,N,4
25,62004,MORTGAGE,10,HOMEIMPROVEMENT,C,15000,13.47,0,0.24,N,4
25,45000,RENT,1,EDUCATION,C,8000,13.47,0,0.18,N,4
25,65000,MORTGAGE,6,PERSONAL,C,7500,13.47,0,0.12,N,4
25,48000,RENT,0,EDUCATION,C,3000,13.47,0,0.06,Y,4
25,22800,RENT,0,MEDICAL,C,6000,13.35,1,0.26,N,4
25,188000,MORTGAGE,9,HOMEIMPROVEMENT,D,25000,13.24,1,0.13,Y,4
25,58000,MORTGAGE,5,HOMEIMPROVEMENT,D,10000,13.24,0,0.17,N,4
25,122000,MORTGAGE,9,PERSONAL,C,20000,13.23,0,0.16,Y,4
25,122000,MORTGAGE,9,PERSONAL,C,20000,13.23,0,0.16,N,4
25,81600,MORTGAGE,9,EDUCATION,C,13000,13.23,0,0.16,Y,4
25,45600,RENT,5,MEDICAL,C,12000,13.23,0,0.26,N,4
25,39000,RENT,2,VENTURE,C,8500,13.23,1,0.22,Y,4
25,61680,RENT,1,VENTURE,C,7600,13.23,1,0.12,N,4
25,27336,OWN,9,VENTURE,C,5500,13.23,0,0.2,N,4
25,70224,MORTGAGE,1,EDUCATION,C,21000,13.22,0,0.3,N,4
25,36000,MORTGAGE,2,DEBTCONSOLIDATION,C,13750,13.22,1,0.38,N,4
25,75000,MORTGAGE,9,DEBTCONSOLIDATION,C,8500,13.22,0,0.11,N,4
25,42000,RENT,2,DEBTCONSOLIDATION,C,4800,13.22,0,0.11,N,4
25,18000,RENT,0,DEBTCONSOLIDATION,C,4000,13.22,1,0.22,Y,4
25,150000,MORTGAGE,6,DEBTCONSOLIDATION,C,5000,13.16,0,0.03,Y,4
25,12000,OWN,9,EDUCATION,C,4500,13.16,1,0.38,Y,4
25,73000,MORTGAGE,8,PERSONAL,D,20000,13.12,1,0.27,Y,4
25,58000,MORTGAGE,8,HOMEIMPROVEMENT,C,17500,13.11,0,0.3,Y,4
25,120775,OWN,9,EDUCATION,C,15000,13.11,0,0.12,N,4
25,70000,MORTGAGE,9,MEDICAL,C,12800,13.11,0,0.18,Y,4
25,46800,RENT,5,HOMEIMPROVEMENT,C,12000,13.11,1,0.26,Y,4
25,46800,RENT,5,EDUCATION,C,12000,13.11,1,0.26,N,4
25,48000,RENT,2,PERSONAL,C,8000,13.11,0,0.17,N,4
25,35000,OWN,9,VENTURE,C,4000,13.11,0,0.11,N,4
25,60000,RENT,5,DEBTCONSOLIDATION,C,15000,12.99,0,0.25,N,4
25,45600,MORTGAGE,7,MEDICAL,C,13000,12.99,0,0.29,N,4
25,72345,RENT,10,EDUCATION,C,10000,12.99,0,0.14,N,4
25,44400,MORTGAGE,9,VENTURE,C,6000,12.99,1,0.14,N,4
25,26400,MORTGAGE,5,MEDICAL,C,5975,12.99,0,0.23,Y,4
25,150000,MORTGAGE,8,DEBTCONSOLIDATION,C,5000,12.99,0,0.03,Y,4
25,43000,RENT,9,MEDICAL,C,4000,12.99,0,0.09,N,4
25,78000,RENT,5,HOMEIMPROVEMENT,C,3200,12.99,0,0.04,Y,4
25,52000,RENT,1,DEBTCONSOLIDATION,C,3000,12.99,0,0.06,Y,4
25,26000,RENT,7,MEDICAL,C,2000,12.99,0,0.08,Y,4
25,52000,RENT,2,VENTURE,C,18000,12.98,1,0.35,N,4
25,85296,RENT,7,DEBTCONSOLIDATION,C,6500,12.98,0,0.08,Y,4
25,20400,RENT,3,VENTURE,C,4750,12.98,0,0.23,Y,4
25,12000,RENT,3,DEBTCONSOLIDATION,C,4350,12.98,1,0.36,Y,4
25,24996,RENT,8,VENTURE,C,2500,12.98,0,0.1,N,4
25,24996,RENT,8,DEBTCONSOLIDATION,C,2500,12.98,0,0.1,N,4
25,44000,RENT,1,MEDICAL,D,8000,12.92,1,0.18,N,4
25,53000,RENT,3,MEDICAL,D,7500,12.92,1,0.14,N,4
25,34000,MORTGAGE,0,MEDICAL,C,10000,12.87,0,0.29,Y,4
25,30000,RENT,5,PERSONAL,C,8000,12.87,0,0.27,N,4
25,26000,RENT,4,MEDICAL,C,8000,12.87,1,0.31,N,4
25,52000,RENT,2,VENTURE,C,6000,12.87,0,0.12,Y,4
25,65004,RENT,0,DEBTCONSOLIDATION,C,6000,12.87,0,0.09,N,4
25,140004,OTHER,8,MEDICAL,C,4500,12.87,0,0.03,N,4
25,12816,OWN,0,DEBTCONSOLIDATION,C,3000,12.87,1,0.23,Y,4
25,58000,MORTGAGE,2,PERSONAL,D,2750,12.86,0,0.05,Y,4
25,29004,RENT,5,PERSONAL,C,12000,12.84,1,0.41,Y,4
25,32004,RENT,0,MEDICAL,C,7200,12.84,0,0.22,N,4
25,29000,RENT,2,MEDICAL,C,2500,12.84,1,0.09,Y,4
25,61959,RENT,9,EDUCATION,C,25000,12.73,1,0.4,Y,4
25,113000,RENT,7,MEDICAL,C,25000,12.73,0,0.22,Y,4
25,100000,MORTGAGE,9,MEDICAL,C,15000,12.73,0,0.15,Y,4
25,54000,MORTGAGE,,DEBTCONSOLIDATION,C,12000,12.73,1,0.22,N,4
25,36000,MORTGAGE,3,HOMEIMPROVEMENT,C,7000,12.73,0,0.19,N,4
25,32640,RENT,4,DEBTCONSOLIDATION,C,4000,12.73,0,0.12,Y,4
25,82000,MORTGAGE,7,PERSONAL,C,7500,12.72,0,0.09,N,4
25,36000,RENT,7,MEDICAL,B,11325,12.69,1,0.31,N,4
25,96000,MORTGAGE,4,VENTURE,B,10925,12.69,0,0.11,N,4
25,98000,RENT,9,DEBTCONSOLIDATION,B,10000,12.69,0,0.1,N,4
25,110000,MORTGAGE,7,DEBTCONSOLIDATION,B,8400,12.69,0,0.08,N,4
25,125000,RENT,3,HOMEIMPROVEMENT,B,7500,12.69,0,0.06,N,4
25,44000,RENT,1,EDUCATION,B,6000,12.69,0,0.14,N,4
25,45000,RENT,5,MEDICAL,B,2500,12.69,0,0.06,N,4
25,80000,MORTGAGE,5,HOMEIMPROVEMENT,C,14625,12.68,0,0.18,Y,4
25,44000,RENT,9,MEDICAL,C,10000,12.68,0,0.23,Y,4
25,48000,RENT,4,EDUCATION,C,1200,12.68,0,0.03,N,4
25,80000,MORTGAGE,4,VENTURE,C,15000,12.61,0,0.19,Y,4
25,65000,OWN,1,VENTURE,C,12000,12.61,0,0.18,Y,4
25,154000,MORTGAGE,2,HOMEIMPROVEMENT,C,9200,12.61,0,0.06,Y,4
25,31416,RENT,5,PERSONAL,C,8000,12.61,0,0.25,Y,4
25,75000,MORTGAGE,9,VENTURE,D,7500,12.61,0,0.1,Y,4
25,74004,RENT,2,DEBTCONSOLIDATION,D,7500,12.61,1,0.1,Y,4
25,40000,MORTGAGE,6,MEDICAL,C,5000,12.61,0,0.13,Y,4
25,40000,MORTGAGE,6,PERSONAL,C,5000,12.61,0,0.13,Y,4
25,45000,RENT,2,DEBTCONSOLIDATION,C,1800,12.61,0,0.04,Y,4
25,115000,MORTGAGE,4,VENTURE,C,25000,12.53,0,0.22,Y,4
25,170000,OWN,4,EDUCATION,B,20000,12.53,0,0.12,N,4
25,68000,RENT,4,PERSONAL,C,20000,12.53,0,0.29,Y,4
25,63300,MORTGAGE,0,EDUCATION,C,17600,12.53,0,0.28,Y,4
25,44000,RENT,6,EDUCATION,B,17500,12.53,1,0.4,N,4
25,86004,RENT,1,PERSONAL,C,15000,12.53,0,0.17,Y,4
25,86004,RENT,1,PERSONAL,C,15000,12.53,0,0.17,N,4
25,46596,RENT,2,DEBTCONSOLIDATION,B,13200,12.53,0,0.28,N,4
25,28000,OWN,4,VENTURE,B,12200,12.53,0,0.44,N,4
25,54000,MORTGAGE,9,DEBTCONSOLIDATION,B,12000,12.53,1,0.22,N,4
25,45996,RENT,3,VENTURE,C,11500,12.53,0,0.25,N,4
25,80004,RENT,9,HOMEIMPROVEMENT,C,11000,12.53,0,0.14,N,4
25,191000,MORTGAGE,1,MEDICAL,B,10000,12.53,0,0.05,N,4
25,57000,RENT,1,HOMEIMPROVEMENT,B,9500,12.53,0,0.17,N,4
25,71500,MORTGAGE,2,EDUCATION,B,9250,12.53,0,0.13,N,4
25,47004,RENT,1,DEBTCONSOLIDATION,C,8000,12.53,0,0.17,Y,4
25,21000,RENT,0,VENTURE,B,5175,12.53,0,0.25,N,4
25,66252,OWN,10,MEDICAL,C,5000,12.53,0,0.08,Y,4
25,66125,MORTGAGE,2,EDUCATION,C,4000,12.53,0,0.06,Y,4
25,38400,RENT,2,EDUCATION,B,4000,12.53,0,0.1,N,4
25,17352,RENT,0,PERSONAL,B,2500,12.53,0,0.14,N,4
25,27500,RENT,4,MEDICAL,B,2200,12.53,0,0.08,N,4
25,23000,RENT,0,DEBTCONSOLIDATION,D,7000,12.49,1,0.3,Y,4
25,99600,MORTGAGE,1,HOMEIMPROVEMENT,B,12800,12.42,0,0.13,N,4
25,85000,RENT,5,DEBTCONSOLIDATION,B,12000,12.42,0,0.14,N,4
25,90000,RENT,9,EDUCATION,B,10000,12.42,0,0.11,N,4
25,36000,RENT,2,DEBTCONSOLIDATION,B,10000,12.42,0,0.28,N,4
25,102000,OWN,9,MEDICAL,B,8000,12.42,0,0.08,N,4
25,180000,MORTGAGE,9,HOMEIMPROVEMENT,B,6000,12.42,0,0.03,N,4
25,68000,OWN,8,HOMEIMPROVEMENT,B,6000,12.42,0,0.09,N,4
25,47000,RENT,0,MEDICAL,B,5000,12.42,0,0.11,N,4
25,108000,MORTGAGE,9,PERSONAL,B,4800,12.42,0,0.04,N,4
25,39600,MORTGAGE,5,HOMEIMPROVEMENT,B,4800,12.42,0,0.12,N,4
25,30000,MORTGAGE,5,EDUCATION,B,3600,12.42,0,0.12,N,4
25,63000,RENT,0,DEBTCONSOLIDATION,B,1500,12.42,0,0.02,N,4
25,31200,RENT,8,DEBTCONSOLIDATION,C,14700,12.29,1,0.47,N,4
25,19000,RENT,0,DEBTCONSOLIDATION,C,750,12.29,0,0.04,Y,4
25,93500,MORTGAGE,1,HOMEIMPROVEMENT,C,14000,12.23,0,0.15,N,4
25,76000,RENT,4,EDUCATION,C,13200,12.23,0,0.17,N,4
25,30000,RENT,0,MEDICAL,C,4200,12.23,0,0.14,Y,4
25,65499,RENT,9,VENTURE,C,4000,12.23,0,0.06,N,4
25,51996,RENT,8,MEDICAL,B,12000,12.21,0,0.23,N,4
25,80000,RENT,2,EDUCATION,B,9600,12.21,0,0.12,N,4
25,34000,RENT,4,VENTURE,B,8200,12.21,0,0.24,N,4
25,60000,RENT,1,HOMEIMPROVEMENT,B,7600,12.21,0,0.13,N,4
25,54000,RENT,5,PERSONAL,B,5000,12.21,0,0.09,N,4
25,30000,RENT,4,HOMEIMPROVEMENT,B,3000,12.21,1,0.1,N,4
25,200000,OWN,0,VENTURE,B,24000,12.18,0,0.12,N,4
25,106226,MORTGAGE,9,EDUCATION,B,20000,12.18,0,0.19,N,4
25,70000,MORTGAGE,9,HOMEIMPROVEMENT,B,16000,12.18,0,0.23,N,4
25,70000,MORTGAGE,9,EDUCATION,B,16000,12.18,0,0.23,N,4
25,49000,RENT,5,MEDICAL,B,15000,12.18,1,0.31,N,4
25,52000,RENT,4,EDUCATION,B,15000,12.18,0,0.29,N,4
25,120000,RENT,9,DEBTCONSOLIDATION,B,11000,12.18,0,0.09,N,4
25,67000,RENT,7,MEDICAL,B,7500,12.18,0,0.11,N,4
25,58000,RENT,3,MEDICAL,B,6000,12.18,0,0.1,N,4
25,51541,RENT,0,DEBTCONSOLIDATION,B,6000,12.18,0,0.12,N,4
25,77078,MORTGAGE,1,DEBTCONSOLIDATION,B,3425,12.18,0,0.04,N,4
25,24000,RENT,1,DEBTCONSOLIDATION,D,12000,12.17,1,0.5,Y,4
25,35000,MORTGAGE,1,HOMEIMPROVEMENT,D,5400,12.17,0,0.15,N,4
25,49000,MORTGAGE,8,MEDICAL,B,18200,11.99,1,0.37,N,4
25,37596,MORTGAGE,3,PERSONAL,B,12000,11.99,0,0.32,N,4
25,35000,MORTGAGE,5,HOMEIMPROVEMENT,B,10000,11.99,0,0.29,N,4
25,25000,RENT,5,HOMEIMPROVEMENT,B,3450,11.99,1,0.14,N,4
25,48000,MORTGAGE,7,VENTURE,B,3000,11.99,0,0.06,N,4
25,19200,OWN,4,EDUCATION,B,3000,11.99,1,0.16,N,4
25,63996,RENT,2,VENTURE,B,8500,11.89,0,0.13,N,4
25,84000,RENT,4,EDUCATION,B,6500,11.89,0,0.08,N,4
25,40000,RENT,1,DEBTCONSOLIDATION,B,6500,11.89,0,0.16,N,4
25,39996,RENT,1,DEBTCONSOLIDATION,B,5000,11.89,0,0.13,N,4
25,12000,RENT,2,HOMEIMPROVEMENT,B,2000,11.89,1,0.17,N,4
25,225000,RENT,5,VENTURE,B,25000,11.86,0,0.11,N,4
25,172000,MORTGAGE,9,EDUCATION,B,12000,11.86,0,0.07,N,4
25,60000,RENT,0,VENTURE,B,12000,11.86,0,0.2,N,4
25,73000,MORTGAGE,9,DEBTCONSOLIDATION,B,9000,11.86,0,0.12,N,4
25,60000,RENT,3,MEDICAL,B,8000,11.86,0,0.13,N,4
25,30000,RENT,4,MEDICAL,B,5000,11.86,0,0.17,N,4
25,138000,MORTGAGE,0,MEDICAL,B,5000,11.86,0,0.04,N,4
25,78000,MORTGAGE,4,DEBTCONSOLIDATION,B,2400,11.86,0,0.03,N,4
25,72000,MORTGAGE,4,DEBTCONSOLIDATION,B,20000,11.83,0,0.28,N,4
25,58000,RENT,9,MEDICAL,B,19900,11.83,1,0.34,N,4
25,57996,RENT,4,DEBTCONSOLIDATION,B,9000,11.83,0,0.16,N,4
25,84000,MORTGAGE,8,MEDICAL,B,8500,11.83,0,0.1,N,4
25,96000,MORTGAGE,0,VENTURE,B,5000,11.83,0,0.05,N,4
25,96000,MORTGAGE,0,MEDICAL,B,5000,11.83,0,0.05,N,4
25,17400,RENT,0,EDUCATION,B,3000,11.83,1,0.17,N,4
25,111996,MORTGAGE,2,MEDICAL,C,16000,11.78,0,0.14,Y,4
25,36000,RENT,0,VENTURE,C,12500,11.72,1,0.35,N,4
25,108000,MORTGAGE,0,HOMEIMPROVEMENT,B,21000,11.71,0,0.19,N,4
25,50000,OWN,2,HOMEIMPROVEMENT,B,20000,11.71,0,0.4,N,4
25,125000,MORTGAGE,1,EDUCATION,B,20000,11.71,0,0.16,N,4
25,85000,RENT,0,EDUCATION,B,18000,11.71,0,0.21,N,4
25,40000,RENT,3,EDUCATION,B,16000,11.71,1,0.4,N,4
25,113000,RENT,8,DEBTCONSOLIDATION,B,14400,11.71,1,0.13,N,4
25,24000,RENT,9,PERSONAL,B,9600,11.71,1,0.4,N,4
25,90000,MORTGAGE,2,MEDICAL,B,9500,11.71,0,0.11,N,4
25,115000,RENT,2,VENTURE,B,8000,11.71,0,0.07,N,4
25,86244,MORTGAGE,,EDUCATION,B,8000,11.71,0,0.09,N,4
25,26453,MORTGAGE,6,MEDICAL,B,7200,11.71,1,0.27,N,4
25,38000,RENT,9,MEDICAL,B,4800,11.71,0,0.13,N,4
25,20000,RENT,0,MEDICAL,B,3100,11.71,0,0.15,N,4
25,15648,RENT,,EDUCATION,B,2400,11.71,0,0.15,N,4
25,57300,RENT,2,PERSONAL,C,10400,11.66,0,0.18,N,4
25,57300,RENT,2,HOMEIMPROVEMENT,C,10400,11.66,0,0.18,Y,4
25,49600,MORTGAGE,9,MEDICAL,C,10000,11.66,0,0.2,Y,4
25,65000,OWN,9,PERSONAL,C,7000,11.66,0,0.11,Y,4
25,96000,RENT,5,MEDICAL,B,15000,11.58,0,0.16,N,4
25,150000,MORTGAGE,9,MEDICAL,B,12500,11.58,0,0.08,N,4
25,55000,RENT,3,DEBTCONSOLIDATION,B,1200,11.58,0,0.02,N,4
25,110000,MORTGAGE,1,PERSONAL,B,25000,11.49,0,0.23,N,4
25,113000,MORTGAGE,8,VENTURE,B,21000,11.49,0,0.19,N,4
25,60000,MORTGAGE,2,EDUCATION,B,12500,11.49,0,0.21,N,4
25,56000,MORTGAGE,9,VENTURE,B,12375,11.49,0,0.22,N,4
25,60000,MORTGAGE,3,VENTURE,B,10000,11.49,0,0.17,N,4
25,54000,RENT,1,HOMEIMPROVEMENT,B,8000,11.49,1,0.15,N,4
25,175000,MORTGAGE,9,PERSONAL,B,7550,11.49,0,0.04,N,4
25,63600,MORTGAGE,9,DEBTCONSOLIDATION,B,7000,11.49,1,0.11,N,4
25,66000,MORTGAGE,9,MEDICAL,B,6600,11.49,0,0.1,N,4
25,36000,RENT,1,MEDICAL,B,6600,11.49,0,0.18,N,4
25,30500,RENT,5,MEDICAL,B,6400,11.49,0,0.21,N,4
25,32000,RENT,1,MEDICAL,B,4000,11.49,0,0.13,N,4
25,90000,MORTGAGE,4,PERSONAL,B,3000,11.49,0,0.03,N,4
25,80000,OWN,6,EDUCATION,B,25000,11.48,0,0.31,N,4
25,65000,MORTGAGE,0,HOMEIMPROVEMENT,B,15000,11.48,0,0.23,N,4
25,75000,RENT,4,DEBTCONSOLIDATION,B,13000,11.48,0,0.17,N,4
25,30000,RENT,0,VENTURE,B,12000,11.48,1,0.4,N,4
25,33000,RENT,5,VENTURE,B,1500,11.48,0,0.05,N,4
25,54000,RENT,2,PERSONAL,B,10000,11.46,0,0.19,N,4
25,135000,RENT,5,EDUCATION,B,25000,11.36,0,0.19,N,4
25,145000,MORTGAGE,3,EDUCATION,B,25000,11.36,0,0.17,N,4
25,52000,RENT,1,EDUCATION,B,20000,11.36,1,0.38,N,4
25,30000,OWN,3,HOMEIMPROVEMENT,B,11500,11.36,0,0.38,N,4
25,40000,RENT,0,DEBTCONSOLIDATION,B,5000,11.36,0,0.13,N,4
25,100000,RENT,7,MEDICAL,C,9000,11.34,0,0.09,Y,4
25,55000,MORTGAGE,9,VENTURE,C,3600,11.34,0,0.07,Y,4
25,100000,OWN,4,MEDICAL,C,15000,11.28,0,0.15,N,4
25,36800,RENT,1,MEDICAL,C,2875,11.28,0,0.08,Y,4
25,87000,MORTGAGE,4,VENTURE,B,13000,11.26,0,0.15,N,4
25,38556,RENT,9,PERSONAL,C,20000,11.22,1,0.52,Y,4
25,34000,MORTGAGE,2,VENTURE,C,15450,11.22,1,0.45,N,4
25,34000,MORTGAGE,2,MEDICAL,C,15450,11.22,1,0.45,Y,4
25,120000,MORTGAGE,9,HOMEIMPROVEMENT,B,20000,11.14,0,0.17,N,4
25,160000,OWN,5,VENTURE,B,15000,11.14,0,0.09,N,4
25,50500,RENT,4,VENTURE,B,15000,11.14,0,0.3,N,4
25,88000,MORTGAGE,7,MEDICAL,B,11000,11.14,0,0.13,N,4
25,26729,RENT,5,VENTURE,B,7300,11.14,0,0.27,N,4
25,98000,MORTGAGE,3,HOMEIMPROVEMENT,B,1000,11.14,0,0.01,N,4
25,79900,MORTGAGE,7,MEDICAL,B,15000,11.12,1,0.16,N,4
25,65000,MORTGAGE,1,PERSONAL,B,15000,11.12,0,0.23,N,4
25,41412,RENT,,MEDICAL,B,7600,11.12,0,0.18,N,4
25,25000,RENT,3,DEBTCONSOLIDATION,B,3000,11.12,0,0.12,N,4
25,30720,MORTGAGE,3,MEDICAL,B,2000,11.12,0,0.07,N,4
25,450000,MORTGAGE,9,DEBTCONSOLIDATION,B,35000,11.11,0,0.08,N,4
25,177160,MORTGAGE,2,VENTURE,B,24000,11.11,0,0.14,N,4
25,38000,RENT,9,MEDICAL,B,20000,11.11,1,0.53,N,4
25,96000,MORTGAGE,9,DEBTCONSOLIDATION,B,18250,11.11,0,0.19,N,4
25,32000,MORTGAGE,3,PERSONAL,B,15000,11.11,0,0.47,N,4
25,33600,RENT,0,PERSONAL,B,15000,11.11,1,0.45,N,4
25,73248,MORTGAGE,5,HOMEIMPROVEMENT,B,12000,11.11,1,0.16,N,4
25,170004,MORTGAGE,3,MEDICAL,B,10000,11.11,0,0.06,N,4
25,89796,MORTGAGE,2,VENTURE,B,9000,11.11,0,0.1,N,4
25,54000,MORTGAGE,4,MEDICAL,B,8400,11.11,0,0.16,N,4
25,34000,RENT,0,HOMEIMPROVEMENT,B,5925,11.11,1,0.17,N,4
25,25920,RENT,0,PERSONAL,B,2300,11.11,0,0.09,N,4
25,33600,RENT,2,MEDICAL,C,10000,11.03,0,0.3,Y,4
25,90000,RENT,9,MEDICAL,B,25000,10.99,0,0.28,N,4
25,57120,MORTGAGE,,MEDICAL,B,25000,10.99,0,0.44,N,4
25,85000,MORTGAGE,9,DEBTCONSOLIDATION,B,24000,10.99,0,0.28,N,4
25,60000,RENT,3,PERSONAL,B,24000,10.99,1,0.4,N,4
25,50000,RENT,2,HOMEIMPROVEMENT,B,19000,10.99,1,0.38,N,4
25,55344,RENT,2,HOMEIMPROVEMENT,B,18000,10.99,1,0.33,N,4
25,54000,RENT,2,PERSONAL,B,14000,10.99,0,0.26,N,4
25,39996,RENT,2,VENTURE,B,10000,10.99,0,0.25,N,4
25,39996,RENT,2,MEDICAL,B,10000,10.99,0,0.25,N,4
25,55000,RENT,9,EDUCATION,B,9000,10.99,0,0.16,N,4
25,41000,RENT,3,VENTURE,B,8000,10.99,0,0.2,N,4
25,57000,RENT,1,HOMEIMPROVEMENT,B,5500,10.99,0,0.1,N,4
25,50000,RENT,5,VENTURE,B,4800,10.99,0,0.1,N,4
25,36499,RENT,1,HOMEIMPROVEMENT,B,4200,10.99,1,0.12,N,4
25,21600,RENT,3,PERSONAL,B,3600,10.99,0,0.17,N,4
25,27600,RENT,,VENTURE,B,3500,10.99,0,0.13,N,4
25,27600,RENT,,HOMEIMPROVEMENT,B,3500,10.99,1,0.13,N,4
25,62400,MORTGAGE,4,HOMEIMPROVEMENT,B,2000,10.99,0,0.03,N,4
25,34942,RENT,7,PERSONAL,B,1500,10.99,0,0.04,N,4
25,31500,RENT,2,VENTURE,B,1500,10.99,0,0.05,N,4
25,58000,MORTGAGE,4,MEDICAL,B,17000,10.95,0,0.29,N,4
25,154008,MORTGAGE,1,DEBTCONSOLIDATION,B,9600,10.95,0,0.06,N,4
25,71604,RENT,0,EDUCATION,B,7200,10.95,0,0.1,N,4
25,33000,RENT,6,PERSONAL,B,3000,10.95,0,0.09,N,4
25,80000,RENT,2,PERSONAL,C,12375,10.91,0,0.15,N,4
25,66000,MORTGAGE,7,MEDICAL,C,5875,10.91,0,0.09,Y,4
25,60000,MORTGAGE,9,HOMEIMPROVEMENT,B,10000,10.83,0,0.17,N,4
25,100000,MORTGAGE,3,EDUCATION,B,25000,10.75,0,0.25,N,4
25,65000,MORTGAGE,2,MEDICAL,B,10000,10.75,0,0.15,N,4
25,53004,OWN,9,EDUCATION,B,2000,10.75,0,0.04,N,4
25,75000,MORTGAGE,5,DEBTCONSOLIDATION,B,10000,10.74,0,0.13,N,4
25,45000,RENT,0,PERSONAL,B,5000,10.74,0,0.11,N,4
25,45000,RENT,0,EDUCATION,B,5000,10.74,0,0.11,N,4
25,48000,MORTGAGE,3,DEBTCONSOLIDATION,B,4800,10.74,0,0.1,N,4
25,48000,MORTGAGE,3,DEBTCONSOLIDATION,B,4800,10.74,0,0.1,N,4
25,168000,MORTGAGE,2,DEBTCONSOLIDATION,B,35000,10.65,0,0.21,N,4
25,94000,MORTGAGE,9,HOMEIMPROVEMENT,B,30000,10.65,0,0.32,N,4
25,52000,MORTGAGE,8,HOMEIMPROVEMENT,B,14500,10.65,0,0.28,N,4
25,50000,MORTGAGE,8,DEBTCONSOLIDATION,B,12500,10.65,0,0.25,N,4
25,44640,RENT,4,PERSONAL,B,9000,10.65,0,0.2,N,4
25,19240,RENT,0,HOMEIMPROVEMENT,B,8875,10.65,1,0.46,N,4
25,30000,MORTGAGE,2,VENTURE,B,8000,10.65,0,0.27,N,4
25,62467,RENT,1,HOMEIMPROVEMENT,B,7250,10.65,0,0.12,N,4
25,42000,RENT,2,MEDICAL,B,6600,10.65,0,0.16,N,4
25,26000,RENT,1,PERSONAL,B,4800,10.65,0,0.18,N,4
25,76400,RENT,3,VENTURE,B,13900,10.62,0,0.18,N,4
25,84000,MORTGAGE,8,VENTURE,B,6000,10.62,0,0.07,N,4
25,140000,MORTGAGE,9,PERSONAL,B,35000,10.59,0,0.25,N,4
25,48000,RENT,2,VENTURE,B,8000,10.59,0,0.17,N,4
25,57000,MORTGAGE,5,VENTURE,C,7250,10.59,0,0.13,N,4
25,53000,RENT,1,PERSONAL,B,6475,10.59,0,0.12,N,4
25,28000,RENT,2,PERSONAL,B,6000,10.59,1,0.21,N,4
25,54000,MORTGAGE,7,EDUCATION,B,5500,10.59,0,0.1,N,4
25,58560,MORTGAGE,9,DEBTCONSOLIDATION,B,5000,10.59,0,0.09,N,4
25,80000,OWN,9,PERSONAL,B,2700,10.59,0,0.03,N,4
25,89000,RENT,4,VENTURE,B,1300,10.59,0,0.01,N,4
25,108000,MORTGAGE,9,MEDICAL,B,15000,10.39,0,0.14,N,4
25,53000,RENT,0,EDUCATION,B,7500,10.39,0,0.14,N,4
25,150000,MORTGAGE,7,HOMEIMPROVEMENT,B,22000,10.38,0,0.15,N,4
25,51492,MORTGAGE,2,EDUCATION,B,13800,10.38,0,0.27,N,4
25,51492,MORTGAGE,2,EDUCATION,B,13800,10.38,0,0.27,N,4
25,43800,MORTGAGE,0,EDUCATION,B,13000,10.38,0,0.3,N,4
25,99996,MORTGAGE,5,HOMEIMPROVEMENT,B,12000,10.38,0,0.12,N,4
25,38599,RENT,3,MEDICAL,B,12000,10.38,1,0.31,N,4
25,31000,MORTGAGE,4,VENTURE,B,10000,10.38,0,0.32,N,4
25,40000,OWN,0,EDUCATION,B,8000,10.38,0,0.2,N,4
25,24000,RENT,9,MEDICAL,B,4750,10.38,0,0.2,N,4
25,24000,RENT,0,PERSONAL,B,2000,10.38,0,0.08,N,4
25,118450,MORTGAGE,,DEBTCONSOLIDATION,B,15000,10.37,0,0.13,N,4
25,70000,MORTGAGE,6,MEDICAL,B,12000,10.37,0,0.17,N,4
25,70000,MORTGAGE,6,HOMEIMPROVEMENT,B,12000,10.37,0,0.17,N,4
25,51669,MORTGAGE,2,HOMEIMPROVEMENT,B,12000,10.37,0,0.23,N,4
25,72000,RENT,2,MEDICAL,B,10000,10.37,0,0.14,N,4
25,47000,RENT,8,DEBTCONSOLIDATION,B,8500,10.37,0,0.18,N,4
25,70000,MORTGAGE,4,VENTURE,B,6300,10.37,0,0.09,N,4
25,48000,RENT,2,PERSONAL,B,6000,10.37,0,0.13,N,4
25,60000,MORTGAGE,3,EDUCATION,B,10000,10.36,0,0.17,N,4
25,36000,RENT,3,EDUCATION,B,9800,10.36,0,0.27,N,4
25,61440,RENT,9,VENTURE,B,8000,10.36,0,0.13,N,4
25,60000,RENT,9,MEDICAL,B,7000,10.36,0,0.12,N,4
25,22800,RENT,1,MEDICAL,B,2400,10.36,0,0.11,N,4
25,18000,RENT,3,EDUCATION,C,8500,10.28,1,0.47,Y,4
25,150000,MORTGAGE,9,DEBTCONSOLIDATION,B,25000,10.25,0,0.17,N,4
25,46000,MORTGAGE,5,EDUCATION,B,23500,10.25,0,0.51,N,4
25,48000,OWN,7,EDUCATION,B,15000,10.25,0,0.31,N,4
25,70000,MORTGAGE,9,DEBTCONSOLIDATION,B,14000,10.25,0,0.2,N,4
25,186000,OWN,9,VENTURE,B,10000,10.25,0,0.05,N,4
25,44000,MORTGAGE,7,EDUCATION,B,7500,10.08,1,0.17,N,4
25,49000,MORTGAGE,2,HOMEIMPROVEMENT,B,18225,10,0,0.37,N,4
25,66000,RENT,6,HOMEIMPROVEMENT,B,16000,10,0,0.24,N,4
25,80000,MORTGAGE,9,HOMEIMPROVEMENT,B,12000,10,0,0.15,N,4
25,40000,RENT,6,MEDICAL,B,10000,10,0,0.25,N,4
25,49200,MORTGAGE,2,EDUCATION,B,6000,10,0,0.12,N,4
25,45000,RENT,4,MEDICAL,B,5100,10,0,0.11,N,4
25,35000,RENT,1,MEDICAL,B,1500,10,0,0.04,N,4
25,145000,RENT,0,EDUCATION,B,25000,9.99,0,0.17,N,4
25,75912,MORTGAGE,9,HOMEIMPROVEMENT,B,22400,9.99,0,0.3,N,4
25,75000,MORTGAGE,7,DEBTCONSOLIDATION,B,15000,9.99,0,0.2,N,4
25,120000,MORTGAGE,2,EDUCATION,B,13000,9.99,0,0.11,N,4
25,96000,RENT,1,HOMEIMPROVEMENT,B,12000,9.99,0,0.13,N,4
25,45000,MORTGAGE,6,HOMEIMPROVEMENT,B,10000,9.99,0,0.22,N,4
25,61995,RENT,2,VENTURE,B,8000,9.99,0,0.13,N,4
25,100000,RENT,9,PERSONAL,B,7750,9.99,1,0.08,N,4
25,35004,RENT,0,PERSONAL,B,7200,9.99,0,0.21,N,4
25,74500,RENT,3,MEDICAL,B,6000,9.99,0,0.08,N,4
25,147750,RENT,3,HOMEIMPROVEMENT,B,5750,9.99,0,0.04,N,4
25,90000,MORTGAGE,9,VENTURE,B,5600,9.99,0,0.06,N,4
25,36276,RENT,0,EDUCATION,B,5600,9.99,0,0.15,N,4
25,110000,RENT,2,VENTURE,B,5000,9.99,0,0.05,N,4
25,67000,RENT,2,VENTURE,B,3600,9.99,0,0.05,N,4
25,45000,MORTGAGE,9,HOMEIMPROVEMENT,B,3000,9.99,0,0.07,N,4
25,75000,MORTGAGE,9,VENTURE,B,1000,9.99,0,0.01,N,4
25,116000,MORTGAGE,9,VENTURE,B,19950,9.96,0,0.17,N,4
25,36400,RENT,2,PERSONAL,B,18200,9.91,1,0.5,N,4
25,46000,RENT,4,EDUCATION,B,15625,9.91,1,0.34,N,4
25,100000,MORTGAGE,6,VENTURE,B,12000,9.91,0,0.12,N,4
25,40000,RENT,6,EDUCATION,B,10400,9.91,0,0.26,N,4
25,120000,MORTGAGE,4,EDUCATION,B,10000,9.91,0,0.08,N,4
25,24000,RENT,4,HOMEIMPROVEMENT,B,10000,9.91,1,0.42,N,4
25,31200,RENT,3,MEDICAL,B,10000,9.91,1,0.32,N,4
25,210000,MORTGAGE,9,HOMEIMPROVEMENT,B,8000,9.91,0,0.04,N,4
25,22776,RENT,,HOMEIMPROVEMENT,B,7000,9.91,1,0.31,N,4
25,50000,RENT,0,HOMEIMPROVEMENT,B,6400,9.91,0,0.13,N,4
25,55000,MORTGAGE,9,VENTURE,B,5000,9.91,0,0.09,N,4
25,42000,MORTGAGE,,DEBTCONSOLIDATION,B,3000,9.91,0,0.07,N,4
25,35000,RENT,5,VENTURE,B,2000,9.91,0,0.06,N,4
25,25000,RENT,,VENTURE,B,2000,9.91,0,0.08,N,4
25,43200,RENT,,VENTURE,B,1200,9.91,0,0.03,N,4
25,55000,RENT,0,VENTURE,B,20000,9.88,1,0.36,N,4
25,39900,RENT,8,EDUCATION,B,12000,9.88,0,0.3,N,4
25,24000,RENT,2,VENTURE,B,8500,9.88,1,0.35,N,4
25,40000,RENT,1,EDUCATION,B,7200,9.88,0,0.18,N,4
25,36000,OWN,10,EDUCATION,B,11200,9.76,0,0.31,N,4
25,27600,RENT,2,MEDICAL,B,7000,9.76,0,0.25,N,4
25,28800,RENT,0,DEBTCONSOLIDATION,B,5500,9.76,0,0.19,N,4
25,39996,RENT,9,VENTURE,B,6000,9.7,0,0.15,N,4
25,78000,MORTGAGE,0,HOMEIMPROVEMENT,B,25000,9.64,0,0.32,N,4
25,78000,MORTGAGE,0,HOMEIMPROVEMENT,B,25000,9.64,0,0.32,N,4
25,5000,RENT,0,VENTURE,B,1000,9.64,1,0.2,N,4
25,5000,RENT,0,EDUCATION,B,1000,9.64,1,0.2,N,4
25,65000,RENT,0,PERSONAL,A,15000,9.63,0,0.23,N,4
25,75600,MORTGAGE,2,PERSONAL,A,14500,9.63,0,0.19,N,4
25,66800,MORTGAGE,3,DEBTCONSOLIDATION,A,12000,9.63,1,0.18,N,4
25,54499,MORTGAGE,2,HOMEIMPROVEMENT,A,12000,9.63,0,0.22,N,4
25,160000,MORTGAGE,1,PERSONAL,B,12000,9.63,0,0.07,N,4
25,40800,MORTGAGE,9,MEDICAL,B,9700,9.63,0,0.24,N,4
25,43500,MORTGAGE,2,HOMEIMPROVEMENT,A,9000,9.63,0,0.21,N,4
25,21221,MORTGAGE,4,VENTURE,B,8500,9.63,0,0.4,N,4
25,49000,RENT,2,MEDICAL,A,7750,9.63,0,0.16,N,4
25,95000,MORTGAGE,8,EDUCATION,B,6800,9.63,0,0.07,N,4
25,40500,MORTGAGE,5,HOMEIMPROVEMENT,B,6500,9.63,0,0.16,N,4
25,98000,MORTGAGE,2,PERSONAL,A,6400,9.63,0,0.07,N,4
25,78000,RENT,1,PERSONAL,A,6000,9.63,0,0.08,N,4
25,75000,MORTGAGE,1,VENTURE,A,6000,9.63,0,0.08,N,4
25,28176,OWN,3,MEDICAL,B,1000,9.63,0,0.04,N,4
25,50400,MORTGAGE,5,HOMEIMPROVEMENT,B,12000,9.62,0,0.24,N,4
25,80004,RENT,5,EDUCATION,B,10000,9.62,0,0.12,N,4
25,80004,RENT,5,HOMEIMPROVEMENT,B,10000,9.62,0,0.12,N,4
25,54000,MORTGAGE,5,DEBTCONSOLIDATION,B,5100,9.62,0,0.09,N,4
25,54000,MORTGAGE,5,HOMEIMPROVEMENT,B,5100,9.62,0,0.09,N,4
25,21000,RENT,0,DEBTCONSOLIDATION,B,4500,9.62,0,0.21,N,4
25,32496,RENT,9,MEDICAL,B,7200,9.51,0,0.22,N,4
25,45000,RENT,2,PERSONAL,B,4800,9.45,0,0.11,N,4
25,45000,RENT,2,EDUCATION,A,11250,9.38,0,0.25,N,4
25,100000,RENT,1,VENTURE,B,25000,9.33,0,0.25,N,4
25,114000,MORTGAGE,4,EDUCATION,A,10000,9.32,0,0.09,N,4
25,53004,RENT,3,MEDICAL,A,10000,9.32,0,0.19,N,4
25,35364,RENT,0,VENTURE,A,10000,9.32,0,0.28,N,4
25,30000,MORTGAGE,9,VENTURE,A,8000,9.32,0,0.27,N,4
25,16000,RENT,0,PERSONAL,A,3200,9.32,1,0.2,N,4
25,48000,RENT,1,EDUCATION,A,3000,9.32,1,0.06,N,4
25,60000,RENT,0,DEBTCONSOLIDATION,B,7000,9.25,0,0.12,N,4
25,70000,RENT,9,EDUCATION,B,6000,9.25,0,0.09,N,4
25,26780,RENT,0,DEBTCONSOLIDATION,B,6000,9.25,0,0.22,N,4
25,84000,MORTGAGE,9,DEBTCONSOLIDATION,B,4200,9.25,0,0.05,N,4
25,62280,RENT,3,EDUCATION,A,15000,8.94,0,0.24,N,4
25,100000,MORTGAGE,9,MEDICAL,A,12000,8.94,0,0.12,N,4
25,100000,MORTGAGE,9,EDUCATION,A,12000,8.94,0,0.12,N,4
25,122000,MORTGAGE,1,MEDICAL,A,10000,8.94,0,0.08,N,4
25,54996,MORTGAGE,0,HOMEIMPROVEMENT,A,10000,8.94,0,0.18,N,4
25,67000,RENT,3,EDUCATION,A,7000,8.94,0,0.1,N,4
25,16400,OWN,1,PERSONAL,A,5000,8.94,1,0.3,N,4
25,63200,MORTGAGE,3,VENTURE,A,27250,8.9,0,0.43,N,4
25,31500,RENT,8,DEBTCONSOLIDATION,A,14850,8.9,1,0.47,N,4
25,150000,OWN,0,VENTURE,A,14400,8.9,0,0.1,N,4
25,42000,MORTGAGE,1,VENTURE,A,13975,8.9,0,0.33,N,4
25,47000,RENT,1,EDUCATION,A,8500,8.9,0,0.18,N,4
25,47000,RENT,1,VENTURE,A,8500,8.9,0,0.18,N,4
25,25000,RENT,3,MEDICAL,A,6325,8.9,0,0.25,N,4
25,36000,MORTGAGE,1,MEDICAL,A,5100,8.9,0,0.14,N,4
25,28800,RENT,0,EDUCATION,A,5000,8.9,0,0.17,N,4
25,34000,RENT,10,HOMEIMPROVEMENT,B,20000,8.88,1,0.59,N,4
25,150000,MORTGAGE,9,PERSONAL,B,20000,8.88,0,0.13,N,4
25,150000,MORTGAGE,9,HOMEIMPROVEMENT,B,20000,8.88,0,0.13,N,4
25,80000,RENT,7,EDUCATION,B,20000,8.88,0,0.25,N,4
25,150000,MORTGAGE,9,MEDICAL,B,12125,8.7,0,0.08,N,4
25,57000,OWN,4,MEDICAL,A,900,8.63,0,0.02,N,4
25,30000,MORTGAGE,2,PERSONAL,A,11500,8.59,0,0.38,N,4
25,24996,RENT,2,EDUCATION,A,9250,8.59,1,0.37,N,4
25,54000,RENT,4,HOMEIMPROVEMENT,A,6000,8.59,0,0.11,N,4
25,63000,MORTGAGE,9,MEDICAL,A,20000,8.49,0,0.32,N,4
25,105000,MORTGAGE,3,VENTURE,A,16000,8.49,0,0.15,N,4
25,86000,MORTGAGE,10,VENTURE,A,13000,8.49,0,0.15,N,4
25,60000,MORTGAGE,5,PERSONAL,A,10425,8.49,0,0.17,N,4
25,30000,RENT,1,EDUCATION,A,9950,8.49,1,0.33,N,4
25,68004,RENT,8,DEBTCONSOLIDATION,A,6800,8.49,0,0.1,N,4
25,30780,MORTGAGE,,MEDICAL,A,5500,8.49,1,0.18,N,4
25,65000,RENT,1,HOMEIMPROVEMENT,A,3000,8.49,0,0.05,N,4
25,60000,MORTGAGE,9,PERSONAL,A,1800,8.49,0,0.03,N,4
25,37676,RENT,6,PERSONAL,A,7500,8.32,0,0.2,N,4
25,50000,MORTGAGE,9,VENTURE,A,6400,8.32,0,0.13,N,4
25,20000,RENT,1,VENTURE,A,12000,8.07,1,0.6,N,4
25,90000,OWN,9,HOMEIMPROVEMENT,A,10000,8,0,0.11,N,4
25,53600,RENT,1,EDUCATION,A,7300,8,0,0.14,N,4
25,80000,RENT,5,VENTURE,A,6000,8,0,0.07,N,4
25,23198,RENT,2,VENTURE,A,6000,8,0,0.26,N,4
25,70000,RENT,1,VENTURE,A,5750,8,0,0.08,N,4
25,30000,RENT,2,EDUCATION,A,5500,8,0,0.18,N,4
25,95000,MORTGAGE,0,VENTURE,A,4000,8,0,0.04,N,4
25,30000,RENT,2,MEDICAL,A,3200,8,0,0.11,N,4
25,50000,RENT,0,EDUCATION,A,2900,8,0,0.06,N,4
25,40000,RENT,5,PERSONAL,A,1200,8,0,0.03,N,4
25,102000,MORTGAGE,3,DEBTCONSOLIDATION,A,11200,7.91,0,0.11,N,4
25,120000,RENT,9,EDUCATION,A,30000,7.9,0,0.25,N,4
25,50000,MORTGAGE,9,VENTURE,A,18650,7.9,0,0.37,N,4
25,96720,MORTGAGE,9,EDUCATION,A,18000,7.9,0,0.19,N,4
25,85000,RENT,2,VENTURE,A,15000,7.9,0,0.18,N,4
25,162000,RENT,5,EDUCATION,A,14500,7.9,0,0.09,N,4
25,32500,MORTGAGE,3,EDUCATION,A,12500,7.9,0,0.38,N,4
25,47700,MORTGAGE,1,HOMEIMPROVEMENT,A,12375,7.9,0,0.26,N,4
25,62300,RENT,9,MEDICAL,A,12000,7.9,0,0.19,N,4
25,77000,MORTGAGE,8,EDUCATION,A,12000,7.9,0,0.16,N,4
25,42000,RENT,2,EDUCATION,A,12000,7.9,0,0.29,N,4
25,65000,MORTGAGE,0,VENTURE,A,12000,7.9,0,0.18,N,4
25,50000,MORTGAGE,2,PERSONAL,A,10000,7.9,0,0.2,N,4
25,78000,MORTGAGE,9,EDUCATION,A,8000,7.9,0,0.1,N,4
25,50000,RENT,6,VENTURE,A,8000,7.9,0,0.16,N,4
25,72000,RENT,2,DEBTCONSOLIDATION,A,8000,7.9,0,0.11,N,4
25,75000,RENT,9,VENTURE,A,6775,7.9,0,0.09,N,4
25,53000,RENT,9,HOMEIMPROVEMENT,A,6000,7.9,0,0.11,N,4
25,70000,RENT,3,MEDICAL,A,5600,7.9,0,0.08,N,4
25,77000,RENT,2,DEBTCONSOLIDATION,A,3500,7.9,0,0.05,N,4
25,36000,RENT,8,PERSONAL,A,3350,7.9,0,0.09,N,4
25,45000,RENT,4,MEDICAL,A,3000,7.9,0,0.07,N,4
25,50000,MORTGAGE,9,DEBTCONSOLIDATION,A,18000,7.88,0,0.36,N,4
25,60000,OWN,9,MEDICAL,A,16000,7.88,0,0.27,N,4
25,118000,MORTGAGE,8,HOMEIMPROVEMENT,A,15000,7.88,0,0.13,N,4
25,90084,MORTGAGE,6,PERSONAL,A,15000,7.88,0,0.17,N,4
25,84000,MORTGAGE,4,DEBTCONSOLIDATION,A,15000,7.88,0,0.18,N,4
25,93000,MORTGAGE,5,MEDICAL,A,12000,7.88,0,0.13,N,4
25,50000,RENT,2,EDUCATION,A,12000,7.88,0,0.24,N,4
25,64800,RENT,5,HOMEIMPROVEMENT,A,10000,7.88,0,0.15,N,4
25,73000,RENT,1,VENTURE,A,10000,7.88,0,0.14,N,4
25,34000,RENT,3,MEDICAL,A,9600,7.88,0,0.28,N,4
25,19200,RENT,1,VENTURE,A,9500,7.88,1,0.49,N,4
25,52500,MORTGAGE,4,DEBTCONSOLIDATION,A,9000,7.88,0,0.17,N,4
25,62500,RENT,3,EDUCATION,A,8500,7.88,0,0.14,N,4
25,70000,MORTGAGE,5,PERSONAL,A,8000,7.88,0,0.11,N,4
25,67500,RENT,2,EDUCATION,A,7200,7.88,0,0.11,N,4
25,51000,MORTGAGE,5,DEBTCONSOLIDATION,A,7000,7.88,0,0.14,N,4
25,22260,MORTGAGE,9,PERSONAL,A,6400,7.88,0,0.29,N,4
25,62000,MORTGAGE,6,DEBTCONSOLIDATION,A,6000,7.88,0,0.1,N,4
25,40000,RENT,5,PERSONAL,A,6000,7.88,0,0.15,N,4
25,36000,MORTGAGE,5,PERSONAL,A,6000,7.88,0,0.17,N,4
25,140000,MORTGAGE,2,EDUCATION,A,4800,7.88,0,0.03,N,4
25,115000,MORTGAGE,4,MEDICAL,A,4000,7.88,0,0.03,N,4
25,39000,RENT,4,MEDICAL,A,4000,7.88,0,0.1,N,4
25,52000,RENT,0,HOMEIMPROVEMENT,A,2400,7.88,0,0.05,N,4
25,15000,RENT,0,MEDICAL,A,2000,7.88,0,0.13,N,4
25,61800,OWN,1,VENTURE,A,4000,7.75,0,0.06,N,4
25,150000,RENT,2,HOMEIMPROVEMENT,A,8750,7.74,0,0.06,N,4
25,90000,MORTGAGE,6,PERSONAL,A,6000,7.74,0,0.07,N,4
25,80000,MORTGAGE,4,MEDICAL,A,6000,7.74,0,0.07,N,4
25,91200,MORTGAGE,9,PERSONAL,A,6000,7.68,0,0.07,N,4
25,110004,MORTGAGE,9,HOMEIMPROVEMENT,A,15000,7.66,0,0.14,N,4
25,201000,MORTGAGE,9,DEBTCONSOLIDATION,A,14000,7.66,0,0.07,N,4
25,45000,RENT,0,MEDICAL,A,12000,7.66,0,0.27,N,4
25,25000,RENT,,DEBTCONSOLIDATION,A,10000,7.66,1,0.4,N,4
25,58000,RENT,5,VENTURE,A,6900,7.66,0,0.12,N,4
25,61200,MORTGAGE,1,PERSONAL,A,5650,7.66,0,0.09,N,4
25,44000,RENT,5,MEDICAL,A,2400,7.66,0,0.05,N,4
25,34000,MORTGAGE,9,DEBTCONSOLIDATION,A,2000,7.66,1,0.06,N,4
25,34000,MORTGAGE,9,MEDICAL,A,2000,7.66,1,0.06,N,4
25,39000,RENT,3,HOMEIMPROVEMENT,A,2000,7.66,1,0.05,N,4
25,72000,MORTGAGE,,HOMEIMPROVEMENT,A,2000,7.66,0,0.03,N,4
25,95004,MORTGAGE,9,EDUCATION,A,18000,7.51,0,0.19,N,4
25,35000,RENT,0,DEBTCONSOLIDATION,A,13750,7.51,1,0.39,N,4
25,55000,RENT,9,HOMEIMPROVEMENT,A,13000,7.51,0,0.24,N,4
25,109000,MORTGAGE,9,VENTURE,A,12000,7.51,0,0.11,N,4
25,70000,MORTGAGE,9,PERSONAL,A,12000,7.51,0,0.17,N,4
25,30000,RENT,10,VENTURE,A,11400,7.51,1,0.38,N,4
25,48000,RENT,8,MEDICAL,A,11000,7.51,0,0.23,N,4
25,33000,RENT,3,VENTURE,A,10000,7.51,0,0.3,N,4
25,100000,MORTGAGE,2,PERSONAL,A,10000,7.51,0,0.1,N,4
25,23387,RENT,2,PERSONAL,A,10000,7.51,1,0.43,N,4
25,49000,RENT,10,EDUCATION,A,9600,7.51,1,0.2,N,4
25,38880,MORTGAGE,1,PERSONAL,A,9500,7.51,0,0.24,N,4
25,30000,MORTGAGE,4,DEBTCONSOLIDATION,A,9000,7.51,0,0.3,N,4
25,30000,RENT,1,EDUCATION,A,8875,7.51,0,0.3,N,4
25,31500,MORTGAGE,,EDUCATION,A,8250,7.51,0,0.26,N,4
25,90000,MORTGAGE,9,EDUCATION,A,7750,7.51,0,0.09,N,4
25,87000,MORTGAGE,10,HOMEIMPROVEMENT,A,7000,7.51,0,0.08,N,4
25,47000,OWN,9,PERSONAL,A,7000,7.51,0,0.15,N,4
25,31000,RENT,9,EDUCATION,A,7000,7.51,0,0.23,N,4
25,75181,MORTGAGE,9,MEDICAL,A,6000,7.51,0,0.08,N,4
25,35000,RENT,4,VENTURE,A,4000,7.51,0,0.11,N,4
25,75000,MORTGAGE,5,HOMEIMPROVEMENT,A,3000,7.51,0,0.04,N,4
25,18000,RENT,4,DEBTCONSOLIDATION,A,2000,7.51,1,0.11,N,4
25,162500,RENT,2,VENTURE,A,35000,7.49,0,0.22,N,4
25,157000,MORTGAGE,8,PERSONAL,A,28000,7.49,0,0.18,N,4
25,62000,RENT,7,DEBTCONSOLIDATION,A,15600,7.49,0,0.25,N,4
25,97440,RENT,9,EDUCATION,A,15000,7.49,0,0.15,N,4
25,66000,OWN,9,PERSONAL,A,15000,7.49,0,0.23,N,4
25,120000,MORTGAGE,7,MEDICAL,A,14500,7.49,0,0.12,N,4
25,50000,MORTGAGE,6,PERSONAL,A,12800,7.49,1,0.26,N,4
25,154000,MORTGAGE,4,PERSONAL,A,12225,7.49,0,0.08,N,4
25,65000,MORTGAGE,1,PERSONAL,A,12000,7.49,0,0.18,N,4
25,80000,MORTGAGE,2,VENTURE,A,10000,7.49,0,0.13,N,4
25,36000,RENT,2,MEDICAL,A,10000,7.49,0,0.28,N,4
25,38000,RENT,1,EDUCATION,A,10000,7.49,0,0.26,N,4
25,44000,MORTGAGE,9,DEBTCONSOLIDATION,A,9800,7.49,1,0.22,N,4
25,27500,MORTGAGE,,EDUCATION,A,9000,7.49,0,0.33,N,4
25,62000,RENT,9,DEBTCONSOLIDATION,A,7000,7.49,0,0.11,N,4
25,36000,MORTGAGE,0,MEDICAL,A,5600,7.49,0,0.16,N,4
25,48000,RENT,3,MEDICAL,A,5500,7.49,0,0.11,N,4
25,39000,RENT,9,MEDICAL,A,5000,7.49,0,0.13,N,4
25,80004,MORTGAGE,0,DEBTCONSOLIDATION,A,3600,7.49,0,0.04,N,4
25,77000,MORTGAGE,9,DEBTCONSOLIDATION,A,3000,7.49,0,0.04,N,4
25,32000,RENT,2,DEBTCONSOLIDATION,A,1500,7.49,0,0.05,N,4
25,63128,RENT,,VENTURE,A,1500,7.49,0,0.02,N,4
25,82560,RENT,6,DEBTCONSOLIDATION,A,4500,7.42,0,0.05,N,4
25,19000,OWN,3,VENTURE,A,4000,7.4,1,0.21,N,4
25,107000,MORTGAGE,1,MEDICAL,A,1000,7.4,0,0.01,N,4
25,107000,MORTGAGE,1,EDUCATION,A,1000,7.4,0,0.01,N,4
25,128000,RENT,9,PERSONAL,A,30000,7.29,0,0.23,N,4
25,60000,RENT,5,EDUCATION,A,21450,7.29,1,0.36,N,4
25,42000,RENT,8,DEBTCONSOLIDATION,A,12375,7.29,0,0.29,N,4
25,115000,RENT,6,MEDICAL,A,10000,7.29,0,0.09,N,4
25,117014,MORTGAGE,5,VENTURE,A,8400,7.29,0,0.07,N,4
25,50000,RENT,5,MEDICAL,A,7200,7.29,0,0.14,N,4
25,70356,RENT,8,HOMEIMPROVEMENT,A,7000,7.29,0,0.1,N,4
25,85000,RENT,9,EDUCATION,A,5750,7.29,0,0.07,N,4
25,65000,MORTGAGE,9,PERSONAL,A,5000,7.29,0,0.08,N,4
25,60000,OWN,9,HOMEIMPROVEMENT,A,5000,7.29,0,0.08,N,4
25,32400,MORTGAGE,2,DEBTCONSOLIDATION,A,4800,7.29,0,0.15,N,4
25,48000,RENT,0,VENTURE,A,4000,7.29,0,0.08,N,4
25,101424,RENT,6,DEBTCONSOLIDATION,A,2000,7.29,0,0.02,N,4
25,33000,RENT,0,DEBTCONSOLIDATION,A,1000,7.29,0,0.03,N,4
25,33000,RENT,0,MEDICAL,A,1000,7.29,0,0.03,N,4
25,49600,RENT,9,EDUCATION,A,12000,7.14,0,0.24,N,4
25,40000,MORTGAGE,8,DEBTCONSOLIDATION,A,10000,7.14,0,0.25,N,4
25,60000,RENT,5,HOMEIMPROVEMENT,A,10000,7.14,0,0.17,N,4
25,36000,MORTGAGE,0,DEBTCONSOLIDATION,A,9000,7.14,0,0.25,N,4
25,110000,MORTGAGE,7,EDUCATION,A,8000,7.14,0,0.07,N,4
25,43000,OWN,5,VENTURE,A,8000,7.14,0,0.19,N,4
25,115731,MORTGAGE,3,HOMEIMPROVEMENT,A,7200,7.14,0,0.06,N,4
25,37200,RENT,6,VENTURE,A,7000,7.14,0,0.19,N,4
25,72000,OWN,9,VENTURE,A,6000,7.14,0,0.08,N,4
25,50400,MORTGAGE,,HOMEIMPROVEMENT,A,6000,7.14,0,0.12,N,4
25,110000,MORTGAGE,9,EDUCATION,A,5000,7.14,0,0.05,N,4
25,63000,RENT,3,DEBTCONSOLIDATION,A,2400,7.14,0,0.04,N,4
25,241875,MORTGAGE,4,EDUCATION,A,16000,7.05,0,0.07,N,4
25,69000,MORTGAGE,9,VENTURE,A,25000,6.99,0,0.36,N,4
25,112000,MORTGAGE,0,HOMEIMPROVEMENT,A,16000,6.99,0,0.14,N,4
25,27800,OWN,,VENTURE,A,14125,6.99,0,0.51,N,4
25,44975,RENT,2,MEDICAL,A,11000,6.99,0,0.24,N,4
25,30000,RENT,9,DEBTCONSOLIDATION,A,10625,6.99,1,0.35,N,4
25,38000,MORTGAGE,9,HOMEIMPROVEMENT,A,9000,6.99,0,0.24,N,4
25,138000,MORTGAGE,9,PERSONAL,A,8000,6.99,0,0.06,N,4
25,70000,MORTGAGE,3,MEDICAL,A,8000,6.99,0,0.11,N,4
25,115000,MORTGAGE,3,EDUCATION,A,7600,6.99,0,0.07,N,4
25,54000,RENT,7,HOMEIMPROVEMENT,A,7575,6.99,0,0.14,N,4
25,38000,RENT,8,PERSONAL,A,6000,6.99,0,0.16,N,4
25,96000,RENT,0,HOMEIMPROVEMENT,A,6000,6.99,0,0.06,N,4
25,70000,MORTGAGE,1,VENTURE,A,4800,6.99,0,0.07,N,4
25,130000,RENT,3,HOMEIMPROVEMENT,A,2000,6.99,0,0.02,N,4
25,54000,MORTGAGE,2,HOMEIMPROVEMENT,A,13000,6.92,0,0.24,N,4
25,69000,RENT,5,HOMEIMPROVEMENT,A,8500,6.92,1,0.12,N,4
25,54000,MORTGAGE,9,VENTURE,A,8000,6.92,0,0.15,N,4
25,54300,MORTGAGE,,PERSONAL,A,8000,6.92,0,0.15,N,4
25,24000,RENT,3,EDUCATION,A,5000,6.92,0,0.21,N,4
25,50000,RENT,6,MEDICAL,A,4000,6.92,0,0.08,N,4
25,115000,MORTGAGE,4,PERSONAL,A,20000,6.91,0,0.17,N,4
25,55000,MORTGAGE,9,DEBTCONSOLIDATION,A,17000,6.91,0,0.31,N,4
25,86004,MORTGAGE,3,PERSONAL,A,15000,6.91,1,0.17,N,4
25,58020,RENT,9,PERSONAL,A,2000,6.91,0,0.03,N,4
25,16200,RENT,2,MEDICAL,A,1500,6.91,0,0.09,N,4
25,42900,RENT,9,MEDICAL,A,9000,6.76,0,0.21,N,4
25,79000,MORTGAGE,0,DEBTCONSOLIDATION,A,9000,6.76,0,0.11,N,4
25,79000,MORTGAGE,0,PERSONAL,A,9000,6.76,0,0.11,N,4
25,90000,MORTGAGE,5,DEBTCONSOLIDATION,A,7500,6.76,0,0.08,N,4
25,83004,MORTGAGE,9,PERSONAL,A,5000,6.76,0,0.06,N,4
25,90000,OWN,,VENTURE,A,5000,6.76,0,0.06,N,4
25,49000,OWN,4,HOMEIMPROVEMENT,A,2500,6.76,0,0.05,N,4
25,66300,MORTGAGE,9,MEDICAL,A,1700,6.76,1,0.02,N,4
25,25000,OWN,2,VENTURE,A,1500,6.76,0,0.06,N,4
25,60000,RENT,3,HOMEIMPROVEMENT,A,10250,6.62,0,0.17,N,4
25,49000,RENT,9,HOMEIMPROVEMENT,A,10000,6.62,1,0.2,N,4
25,34000,RENT,4,PERSONAL,A,10000,6.62,1,0.29,N,4
25,100000,RENT,3,VENTURE,A,10000,6.62,0,0.1,N,4
25,84000,MORTGAGE,4,DEBTCONSOLIDATION,A,8500,6.62,0,0.1,N,4
25,42240,OWN,10,HOMEIMPROVEMENT,A,8000,6.62,0,0.19,N,4
25,33000,MORTGAGE,6,EDUCATION,A,8000,6.62,0,0.24,N,4
25,71000,MORTGAGE,9,DEBTCONSOLIDATION,A,7200,6.62,0,0.1,N,4
25,28800,RENT,5,PERSONAL,A,5575,6.62,0,0.19,N,4
25,47000,OWN,9,VENTURE,A,4000,6.62,0,0.09,N,4
25,45000,MORTGAGE,8,DEBTCONSOLIDATION,A,4000,6.62,0,0.09,N,4
25,29000,RENT,9,EDUCATION,A,3000,6.62,1,0.1,N,4
25,95000,RENT,9,VENTURE,A,24000,6.54,0,0.25,N,4
25,140000,RENT,9,EDUCATION,A,20000,6.54,0,0.14,N,4
25,76000,MORTGAGE,3,PERSONAL,A,20000,6.54,0,0.26,N,4
25,150000,MORTGAGE,5,DEBTCONSOLIDATION,A,10000,6.54,0,0.07,N,4
25,100000,MORTGAGE,0,EDUCATION,A,7500,6.54,0,0.07,N,4
25,39000,MORTGAGE,9,MEDICAL,A,4500,6.54,0,0.12,N,4
25,77500,RENT,3,HOMEIMPROVEMENT,A,3000,6.54,0,0.04,N,4
25,75000,MORTGAGE,5,MEDICAL,A,1500,6.54,0,0.02,N,4
25,60000,OWN,9,MEDICAL,A,4000,6.39,0,0.07,N,4
25,72000,MORTGAGE,9,VENTURE,A,3200,6.39,0,0.04,N,4
25,55000,RENT,0,MEDICAL,A,3000,6.39,0,0.05,N,4
25,37315,RENT,1,DEBTCONSOLIDATION,A,2000,6.39,0,0.05,N,4
25,32004,MORTGAGE,3,PERSONAL,A,22750,6.17,0,0.71,N,4
25,99000,MORTGAGE,9,DEBTCONSOLIDATION,A,15000,6.17,0,0.15,N,4
25,100000,OWN,2,HOMEIMPROVEMENT,A,15000,6.17,0,0.15,N,4
25,42996,MORTGAGE,4,HOMEIMPROVEMENT,A,12000,6.17,0,0.28,N,4
25,57000,RENT,2,EDUCATION,A,9500,6.17,0,0.17,N,4
25,34600,RENT,0,EDUCATION,A,8950,6.17,0,0.26,N,4
25,54000,MORTGAGE,1,EDUCATION,A,6000,6.17,0,0.11,N,4
25,58296,RENT,9,DEBTCONSOLIDATION,A,5000,6.17,0,0.09,N,4
25,170000,MORTGAGE,0,EDUCATION,A,3850,6.17,0,0.02,N,4
25,58000,MORTGAGE,5,EDUCATION,A,3150,6.17,0,0.05,N,4
25,80000,MORTGAGE,9,MEDICAL,A,3000,6.17,0,0.04,N,4
25,45000,OWN,9,MEDICAL,A,3000,6.17,0,0.07,N,4
25,42000,RENT,4,EDUCATION,A,1925,6.17,0,0.05,N,4
25,31200,OWN,9,PERSONAL,A,15000,6.03,0,0.48,N,4
25,27600,MORTGAGE,1,HOMEIMPROVEMENT,A,11500,6.03,1,0.42,N,4
25,30576,MORTGAGE,5,DEBTCONSOLIDATION,A,10000,6.03,0,0.33,N,4
25,38496,MORTGAGE,7,EDUCATION,A,8000,6.03,0,0.21,N,4
25,55000,MORTGAGE,2,DEBTCONSOLIDATION,A,8000,6.03,0,0.15,N,4
25,80000,MORTGAGE,9,VENTURE,A,6000,6.03,0,0.07,N,4
25,115000,MORTGAGE,9,PERSONAL,A,4000,6.03,0,0.03,N,4
25,30000,MORTGAGE,3,HOMEIMPROVEMENT,A,12000,5.99,1,0.4,N,4
25,30000,MORTGAGE,3,HOMEIMPROVEMENT,A,12000,5.99,1,0.4,N,4
25,37200,RENT,6,HOMEIMPROVEMENT,A,9600,5.99,1,0.26,N,4
25,34800,MORTGAGE,,DEBTCONSOLIDATION,A,9450,5.99,0,0.27,N,4
25,96000,RENT,9,HOMEIMPROVEMENT,A,7075,5.99,0,0.07,N,4
25,81600,RENT,2,EDUCATION,A,5600,5.99,0,0.07,N,4
25,35000,MORTGAGE,6,PERSONAL,A,5000,5.99,0,0.14,N,4
25,60000,MORTGAGE,0,DEBTCONSOLIDATION,A,4000,5.99,0,0.07,N,4
25,60000,MORTGAGE,3,DEBTCONSOLIDATION,A,3000,5.99,0,0.05,N,4
25,60000,MORTGAGE,3,DEBTCONSOLIDATION,A,3000,5.99,0,0.05,N,4
25,80000,MORTGAGE,0,MEDICAL,A,10000,5.79,0,0.13,N,4
25,71000,RENT,5,HOMEIMPROVEMENT,A,9600,5.79,0,0.14,N,4
25,45149,MORTGAGE,,EDUCATION,A,9000,5.79,0,0.2,N,4
25,85000,MORTGAGE,9,DEBTCONSOLIDATION,A,7350,5.79,0,0.09,N,4
25,52500,MORTGAGE,9,HOMEIMPROVEMENT,A,7000,5.79,0,0.13,N,4
25,61000,MORTGAGE,4,EDUCATION,A,7000,5.79,0,0.11,N,4
25,60000,MORTGAGE,9,HOMEIMPROVEMENT,A,6500,5.79,0,0.11,N,4
25,76800,MORTGAGE,8,EDUCATION,A,6500,5.79,0,0.08,N,4
25,31200,MORTGAGE,9,DEBTCONSOLIDATION,A,6000,5.79,0,0.19,N,4
25,44000,MORTGAGE,5,VENTURE,A,4000,5.79,0,0.09,N,4
25,20000,MORTGAGE,1,VENTURE,A,4000,5.79,0,0.2,N,4
25,42000,RENT,2,EDUCATION,A,3150,5.79,0,0.07,N,4
25,82000,RENT,9,PERSONAL,A,11200,5.42,0,0.14,N,4
25,80000,MORTGAGE,9,DEBTCONSOLIDATION,A,10250,5.42,0,0.13,N,4
25,44966,RENT,3,MEDICAL,A,10025,5.42,0,0.22,N,4
25,150000,MORTGAGE,9,DEBTCONSOLIDATION,A,10000,5.42,0,0.07,N,4
25,120000,MORTGAGE,9,PERSONAL,A,10000,5.42,0,0.08,N,4
25,90000,MORTGAGE,9,HOMEIMPROVEMENT,A,10000,5.42,0,0.11,N,4
25,70000,MORTGAGE,9,MEDICAL,A,10000,5.42,0,0.14,N,4
25,55000,RENT,0,PERSONAL,A,10000,5.42,0,0.18,N,4
25,75000,MORTGAGE,9,DEBTCONSOLIDATION,A,9600,5.42,0,0.13,N,4
25,50000,MORTGAGE,5,DEBTCONSOLIDATION,A,8000,5.42,0,0.16,N,4
25,32004,MORTGAGE,,MEDICAL,A,7200,5.42,0,0.22,N,4
25,24000,OWN,7,HOMEIMPROVEMENT,A,6000,5.42,0,0.25,N,4
25,100000,RENT,0,PERSONAL,A,6000,5.42,0,0.06,N,4
25,46800,MORTGAGE,0,MEDICAL,A,6000,5.42,1,0.13,N,4
25,61200,MORTGAGE,10,MEDICAL,A,5200,5.42,0,0.08,N,4
25,31000,MORTGAGE,,HOMEIMPROVEMENT,A,5200,5.42,0,0.17,N,4
25,56000,MORTGAGE,,PERSONAL,A,5000,5.42,0,0.09,N,4
25,80208,MORTGAGE,1,HOMEIMPROVEMENT,A,4000,5.42,0,0.05,N,4
25,48000,MORTGAGE,9,MEDICAL,A,3500,5.42,0,0.07,N,4
25,42000,RENT,0,VENTURE,A,3500,5.42,0,0.08,N,4
25,33000,RENT,9,MEDICAL,A,3200,5.42,0,0.1,N,4
25,60000,MORTGAGE,3,DEBTCONSOLIDATION,A,3200,5.42,0,0.05,N,4
25,98000,MORTGAGE,9,EDUCATION,A,2000,5.42,0,0.02,N,4
25,77800,MORTGAGE,9,PERSONAL,B,30000,,0,0.39,N,4
25,138000,OWN,9,MEDICAL,B,21600,,0,0.16,N,4
25,75000,RENT,8,DEBTCONSOLIDATION,B,20000,,0,0.27,N,4
25,55200,RENT,7,VENTURE,B,20000,,1,0.36,N,4
25,94000,MORTGAGE,5,MEDICAL,B,20000,,0,0.21,N,4
25,60000,RENT,2,EDUCATION,B,20000,,1,0.33,N,4
25,108000,RENT,0,HOMEIMPROVEMENT,C,20000,,0,0.19,N,4
25,64000,RENT,0,HOMEIMPROVEMENT,E,20000,,1,0.31,N,4
25,64000,RENT,0,DEBTCONSOLIDATION,E,20000,,1,0.31,Y,4
25,54000,RENT,8,DEBTCONSOLIDATION,C,19000,,1,0.35,Y,4
25,52000,RENT,5,MEDICAL,B,19000,,1,0.37,N,4
25,58000,RENT,6,VENTURE,C,18000,,1,0.31,N,4
25,48000,MORTGAGE,5,EDUCATION,C,16750,,0,0.35,Y,4
25,54000,MORTGAGE,9,PERSONAL,C,16000,,0,0.3,N,4
25,49000,RENT,2,DEBTCONSOLIDATION,C,16000,,1,0.33,N,4
25,67200,MORTGAGE,9,HOMEIMPROVEMENT,C,15000,,0,0.22,N,4
25,54000,OWN,9,EDUCATION,C,15000,,0,0.28,Y,4
25,36000,RENT,6,PERSONAL,B,15000,,1,0.42,N,4
25,78000,RENT,4,DEBTCONSOLIDATION,D,15000,,1,0.19,Y,4
25,125000,MORTGAGE,2,PERSONAL,B,14000,,0,0.11,N,4
25,150000,MORTGAGE,9,DEBTCONSOLIDATION,A,12000,,0,0.08,N,4
25,120000,RENT,1,VENTURE,A,12000,,0,0.1,N,4
25,48600,RENT,0,MEDICAL,A,12000,,0,0.25,N,4
25,63000,MORTGAGE,5,DEBTCONSOLIDATION,A,11600,,0,0.18,N,4
25,53000,MORTGAGE,9,MEDICAL,A,10625,,1,0.2,N,4
25,39204,RENT,3,PERSONAL,F,10500,,0,0.27,Y,4
25,126000,MORTGAGE,9,VENTURE,B,10200,,0,0.08,N,4
25,80000,MORTGAGE,6,VENTURE,B,10000,,0,0.13,N,4
25,79700,MORTGAGE,6,HOMEIMPROVEMENT,A,10000,,0,0.13,N,4
25,84000,RENT,3,DEBTCONSOLIDATION,C,10000,,0,0.12,Y,4
25,60000,RENT,1,PERSONAL,A,10000,,0,0.17,N,4
25,60000,RENT,1,EDUCATION,A,10000,,0,0.17,N,4
25,100500,RENT,5,PERSONAL,B,9000,,0,0.09,N,4
25,34000,RENT,8,PERSONAL,D,8400,,0,0.25,N,4
25,97000,MORTGAGE,9,PERSONAL,C,8000,,0,0.08,N,4
25,40000,MORTGAGE,9,HOMEIMPROVEMENT,B,8000,,0,0.2,N,4
25,99996,MORTGAGE,6,MEDICAL,B,8000,,0,0.08,N,4
25,42000,RENT,3,EDUCATION,A,8000,,0,0.19,N,4
25,42500,RENT,1,PERSONAL,C,8000,,0,0.19,Y,4
25,48659,RENT,4,EDUCATION,B,7500,,0,0.15,N,4
25,75000,MORTGAGE,9,HOMEIMPROVEMENT,A,7200,,0,0.1,N,4
25,115000,MORTGAGE,3,DEBTCONSOLIDATION,C,7000,,0,0.06,Y,4
25,49000,MORTGAGE,1,EDUCATION,C,7000,,1,0.14,N,4
25,42000,RENT,6,VENTURE,B,6850,,0,0.16,N,4
25,57000,RENT,3,MEDICAL,A,6850,,0,0.12,N,4
25,50606,RENT,3,MEDICAL,A,6200,,0,0.12,N,4
25,90000,MORTGAGE,9,MEDICAL,A,6000,,0,0.07,N,4
25,61000,RENT,9,EDUCATION,A,6000,,0,0.1,N,4
25,36000,RENT,9,MEDICAL,B,6000,,0,0.17,N,4
25,78000,MORTGAGE,2,VENTURE,B,6000,,0,0.08,N,4
25,51600,OWN,2,VENTURE,D,6000,,0,0.12,N,4
25,42000,RENT,1,MEDICAL,B,6000,,0,0.14,N,4
25,30000,RENT,9,HOMEIMPROVEMENT,C,5600,,1,0.19,Y,4
25,33280,RENT,1,MEDICAL,B,5500,,0,0.17,N,4
25,60000,MORTGAGE,5,VENTURE,A,5000,,0,0.08,N,4
25,106000,RENT,4,PERSONAL,B,5000,,0,0.05,N,4
25,55000,RENT,3,DEBTCONSOLIDATION,C,5000,,0,0.09,Y,4
25,36000,MORTGAGE,3,VENTURE,B,5000,,0,0.14,N,4
25,35412,OWN,3,PERSONAL,B,5000,,0,0.14,N,4
25,56000,RENT,2,DEBTCONSOLIDATION,B,5000,,0,0.09,N,4
25,48000,MORTGAGE,2,VENTURE,B,5000,,0,0.1,N,4
25,45996,RENT,2,DEBTCONSOLIDATION,G,5000,,1,0.11,Y,4
25,45000,RENT,2,MEDICAL,C,5000,,0,0.11,N,4
25,48000,RENT,9,PERSONAL,B,4800,,0,0.1,N,4
25,50000,MORTGAGE,5,DEBTCONSOLIDATION,A,4000,,0,0.08,N,4
25,60000,MORTGAGE,1,EDUCATION,A,4000,,0,0.07,N,4
25,52000,MORTGAGE,8,EDUCATION,C,3900,,0,0.07,N,4
25,52000,MORTGAGE,8,EDUCATION,C,3900,,0,0.07,Y,4
25,32500,OWN,9,MEDICAL,B,3600,,0,0.11,N,4
25,39996,MORTGAGE,7,VENTURE,B,3200,,0,0.08,N,4
25,48000,RENT,0,EDUCATION,F,3200,,1,0.07,Y,4
25,48000,RENT,0,HOMEIMPROVEMENT,F,3200,,1,0.07,Y,4
25,76209,MORTGAGE,9,DEBTCONSOLIDATION,C,3000,,0,0.04,Y,4
25,30000,MORTGAGE,9,VENTURE,A,3000,,0,0.1,N,4
25,49000,OWN,6,PERSONAL,C,3000,,0,0.06,N,4
25,30000,RENT,4,MEDICAL,B,3000,,0,0.1,N,4
25,48000,RENT,2,DEBTCONSOLIDATION,A,3000,,0,0.06,N,4
25,31000,RENT,1,HOMEIMPROVEMENT,B,3000,,1,0.1,N,4
25,45000,MORTGAGE,4,HOMEIMPROVEMENT,C,2700,,0,0.06,Y,4
25,80000,RENT,9,PERSONAL,A,2100,,0,0.03,N,4
25,124000,OWN,9,MEDICAL,B,2000,,0,0.02,N,4
25,54000,RENT,1,DEBTCONSOLIDATION,F,7000,20.89,1,0.13,N,3
25,69360,MORTGAGE,2,MEDICAL,F,22000,19.79,1,0.27,Y,3
25,80000,MORTGAGE,9,VENTURE,E,4000,19.03,0,0.05,Y,3
25,54000,MORTGAGE,6,VENTURE,E,7000,18.64,0,0.13,N,3
25,37560,RENT,2,DEBTCONSOLIDATION,F,12500,18.62,1,0.33,N,3
25,77000,MORTGAGE,1,DEBTCONSOLIDATION,F,7200,18.53,1,0.09,N,3
25,74000,RENT,3,VENTURE,F,10000,18.43,1,0.14,Y,3
25,50300,MORTGAGE,3,HOMEIMPROVEMENT,E,1000,18.39,0,0.02,Y,3
25,42910,RENT,3,EDUCATION,D,10000,18.25,0,0.23,Y,3
25,36000,MORTGAGE,5,VENTURE,E,4800,17.93,0,0.13,N,3
25,88000,MORTGAGE,9,PERSONAL,D,20000,17.58,1,0.23,N,3
25,62400,OWN,,DEBTCONSOLIDATION,D,15000,17.58,0,0.24,N,3
25,21600,RENT,0,VENTURE,D,5000,17.58,1,0.23,Y,3
25,48000,RENT,9,PERSONAL,D,15000,17.49,1,0.31,Y,3
25,97750,OWN,9,MEDICAL,E,20000,17.39,1,0.17,Y,3
25,72400,MORTGAGE,9,VENTURE,E,8000,17.39,0,0.11,N,3
25,39000,RENT,3,MEDICAL,E,18000,17.19,1,0.46,N,3
25,76000,RENT,2,DEBTCONSOLIDATION,E,5000,17.19,1,0.07,Y,3
25,200000,MORTGAGE,3,VENTURE,E,35000,17.14,0,0.17,Y,3
25,39000,RENT,1,HOMEIMPROVEMENT,E,16050,17.14,1,0.41,Y,3
25,72000,OWN,3,VENTURE,E,16000,17.14,0,0.22,Y,3
25,62000,MORTGAGE,2,HOMEIMPROVEMENT,E,20000,17.04,1,0.32,N,3
25,34500,RENT,1,VENTURE,E,18250,17.04,1,0.53,N,3
25,30600,RENT,0,MEDICAL,E,14500,17.04,1,0.47,N,3
25,71004,MORTGAGE,1,DEBTCONSOLIDATION,E,2400,17.04,1,0.03,N,3
25,60000,MORTGAGE,6,VENTURE,D,8400,16.89,0,0.14,N,3
25,49896,RENT,7,EDUCATION,E,17000,16.82,1,0.34,N,3
25,19200,RENT,1,VENTURE,E,7000,16.82,1,0.36,Y,3
25,30000,RENT,0,EDUCATION,E,1500,16.82,1,0.05,Y,3
25,50000,RENT,3,PERSONAL,D,12000,16.77,0,0.24,N,3
25,60000,MORTGAGE,10,VENTURE,D,10000,16.77,0,0.17,N,3
25,70550,RENT,6,MEDICAL,E,10000,16.77,1,0.12,N,3
25,31000,RENT,5,DEBTCONSOLIDATION,D,9600,16.77,1,0.31,N,3
25,108000,RENT,5,DEBTCONSOLIDATION,E,8000,16.77,1,0.07,N,3
25,40800,RENT,9,PERSONAL,D,5600,16.77,0,0.14,N,3
25,69000,RENT,0,HOMEIMPROVEMENT,E,15000,16.7,1,0.22,Y,3
25,30000,OWN,9,DEBTCONSOLIDATION,E,1200,16.69,1,0.04,Y,3
25,100000,RENT,2,PERSONAL,D,21000,16.49,1,0.21,Y,3
25,100000,RENT,2,HOMEIMPROVEMENT,D,21000,16.49,1,0.21,Y,3
25,39000,RENT,4,PERSONAL,D,14000,16.49,1,0.36,N,3
25,54000,MORTGAGE,7,PERSONAL,D,12000,16.49,0,0.22,Y,3
25,60000,OWN,1,DEBTCONSOLIDATION,D,10000,16.49,0,0.17,N,3
25,30000,RENT,6,EDUCATION,D,4000,16.49,0,0.13,Y,3
25,73163,MORTGAGE,9,VENTURE,E,25000,16.45,0,0.34,N,3
25,300000,MORTGAGE,9,HOMEIMPROVEMENT,E,18000,16.45,0,0.06,N,3
25,70200,RENT,9,PERSONAL,E,18000,16.45,0,0.26,Y,3
25,38000,RENT,9,PERSONAL,E,15000,16.45,1,0.39,Y,3
25,32000,RENT,1,MEDICAL,E,2500,16.45,1,0.08,N,3
25,51000,MORTGAGE,6,EDUCATION,E,16750,16.4,0,0.33,N,3
25,42360,RENT,1,EDUCATION,E,25000,16.35,1,0.59,Y,3
25,87996,RENT,0,HOMEIMPROVEMENT,E,20000,16.35,1,0.23,N,3
25,200000,RENT,5,EDUCATION,D,18000,16.32,0,0.09,N,3
25,22000,RENT,3,PERSONAL,E,5000,16.32,1,0.23,N,3
25,46392,RENT,9,DEBTCONSOLIDATION,D,4000,16.32,1,0.09,Y,3
25,75000,MORTGAGE,4,VENTURE,D,8000,16.29,0,0.11,N,3
25,68000,MORTGAGE,3,HOMEIMPROVEMENT,D,6500,16.29,0,0.1,Y,3
25,59000,MORTGAGE,4,PERSONAL,D,3000,16.29,1,0.05,Y,3
25,37200,RENT,2,HOMEIMPROVEMENT,D,2800,16.29,1,0.08,N,3
25,30000,RENT,8,PERSONAL,D,1600,16.29,0,0.05,N,3
25,216000,MORTGAGE,2,EDUCATION,D,25000,16.07,0,0.12,N,3
25,84000,MORTGAGE,9,DEBTCONSOLIDATION,D,5000,16.02,1,0.06,N,3
25,34800,RENT,2,PERSONAL,D,5000,16.02,1,0.14,Y,3
25,33772,RENT,3,VENTURE,D,3600,16.02,1,0.11,Y,3
25,162000,MORTGAGE,5,DEBTCONSOLIDATION,E,25000,16,1,0.15,Y,3
25,39000,RENT,9,VENTURE,D,15200,16,1,0.39,N,3
25,100000,MORTGAGE,2,EDUCATION,D,15000,15.99,0,0.15,Y,3
25,110000,MORTGAGE,9,DEBTCONSOLIDATION,D,12000,15.99,1,0.11,N,3
25,30000,RENT,3,MEDICAL,D,4200,15.99,0,0.14,N,3
25,25200,OWN,5,HOMEIMPROVEMENT,D,1200,15.99,0,0.05,Y,3
25,37000,OWN,0,VENTURE,C,10000,15.96,0,0.27,N,3
25,33000,RENT,0,VENTURE,C,10000,15.96,1,0.3,Y,3
25,70000,RENT,4,PERSONAL,C,8000,15.96,0,0.11,Y,3
25,29120,RENT,1,VENTURE,C,6250,15.96,0,0.21,Y,3
25,83800,RENT,2,DEBTCONSOLIDATION,D,25000,15.95,1,0.3,Y,3
25,74004,RENT,2,VENTURE,E,20000,15.95,1,0.27,N,3
25,32400,RENT,1,HOMEIMPROVEMENT,D,17500,15.95,1,0.54,Y,3
25,42642,OWN,8,EDUCATION,F,10000,15.76,0,0.23,Y,3
25,62900,MORTGAGE,9,MEDICAL,D,8825,15.7,1,0.12,Y,3
25,34000,MORTGAGE,2,MEDICAL,D,6000,15.7,1,0.18,Y,3
25,29000,RENT,3,DEBTCONSOLIDATION,D,5000,15.7,1,0.17,Y,3
25,54000,RENT,1,PERSONAL,D,20000,15.65,1,0.37,Y,3
25,39000,RENT,6,VENTURE,D,16000,15.65,1,0.41,Y,3
25,13000,RENT,2,PERSONAL,D,4000,15.65,1,0.31,Y,3
25,80000,MORTGAGE,3,EDUCATION,D,20000,15.62,0,0.25,Y,3
25,135000,MORTGAGE,9,HOMEIMPROVEMENT,D,10000,15.62,0,0.07,Y,3
25,43633,MORTGAGE,3,DEBTCONSOLIDATION,D,9000,15.62,1,0.21,N,3
25,37000,MORTGAGE,6,HOMEIMPROVEMENT,D,7000,15.62,0,0.19,Y,3
25,54000,RENT,3,DEBTCONSOLIDATION,D,7000,15.62,1,0.13,N,3
25,78000,MORTGAGE,8,DEBTCONSOLIDATION,D,6000,15.62,1,0.08,N,3
25,59000,RENT,0,MEDICAL,D,5000,15.62,1,0.08,Y,3
25,45000,MORTGAGE,4,VENTURE,D,2000,15.62,0,0.04,Y,3
25,48500,OTHER,1,PERSONAL,E,19500,15.57,1,0.4,N,3
25,43000,RENT,9,MEDICAL,D,15000,15.57,1,0.35,N,3
25,50000,RENT,2,MEDICAL,E,7000,15.57,1,0.14,N,3
25,32000,RENT,1,EDUCATION,D,5000,15.37,1,0.16,Y,3
25,65000,RENT,6,PERSONAL,D,7675,15.33,0,0.12,Y,3
25,28128,RENT,2,EDUCATION,D,7500,15.33,1,0.27,Y,3
25,28128,RENT,2,VENTURE,D,7500,15.33,1,0.27,N,3
25,58750,MORTGAGE,6,HOMEIMPROVEMENT,D,6000,15.33,0,0.1,Y,3
25,50004,RENT,3,PERSONAL,D,12000,15.31,0,0.24,Y,3
25,44004,RENT,3,MEDICAL,D,12000,15.31,1,0.27,Y,3
25,39396,RENT,0,VENTURE,D,6000,15.31,1,0.15,Y,3
25,98400,RENT,4,PERSONAL,D,16525,15.28,0,0.17,Y,3
25,84000,MORTGAGE,9,MEDICAL,C,20000,15.27,0,0.24,N,3
25,55000,MORTGAGE,6,PERSONAL,C,15000,15.27,0,0.27,N,3
25,54990,RENT,4,DEBTCONSOLIDATION,C,7200,15.27,0,0.13,Y,3
25,30000,RENT,1,EDUCATION,C,5300,15.27,0,0.18,N,3
25,75000,MORTGAGE,9,MEDICAL,C,4800,15.27,0,0.06,Y,3
25,92085,MORTGAGE,4,HOMEIMPROVEMENT,C,2500,15.27,1,0.03,Y,3
25,59000,RENT,9,VENTURE,C,6000,15.23,1,0.1,N,3
25,48902,MORTGAGE,9,PERSONAL,C,6000,15.23,1,0.12,Y,3
25,55000,OWN,1,PERSONAL,C,6000,15.23,0,0.11,Y,3
25,69996,RENT,9,EDUCATION,D,25000,15.21,1,0.36,N,3
25,90000,MORTGAGE,6,PERSONAL,D,8500,15.21,0,0.09,Y,3
25,62050,MORTGAGE,4,MEDICAL,D,5400,15.21,1,0.07,Y,3
25,79404,OTHER,0,VENTURE,D,20000,15.05,0,0.25,N,3
25,62393,OTHER,0,MEDICAL,D,20000,15.05,1,0.27,Y,3
25,175000,RENT,4,HOMEIMPROVEMENT,D,10000,15.05,0,0.06,N,3
25,48000,RENT,7,HOMEIMPROVEMENT,D,9000,15.05,1,0.19,Y,3
25,71328,MORTGAGE,3,EDUCATION,D,25000,14.96,0,0.35,Y,3
25,200000,OWN,0,HOMEIMPROVEMENT,D,24000,14.96,0,0.12,Y,3
25,62400,MORTGAGE,9,EDUCATION,D,12500,14.96,0,0.2,N,3
25,32004,RENT,3,MEDICAL,D,12000,14.96,1,0.37,Y,3
25,72000,MORTGAGE,9,HOMEIMPROVEMENT,D,10000,14.96,0,0.14,N,3
25,73000,RENT,2,PERSONAL,D,7200,14.96,1,0.1,N,3
25,35280,RENT,0,HOMEIMPROVEMENT,D,5000,14.96,1,0.14,N,3
25,82000,MORTGAGE,2,HOMEIMPROVEMENT,E,10000,14.93,0,0.12,N,3
25,42000,RENT,2,DEBTCONSOLIDATION,D,10000,14.91,1,0.24,Y,3
25,144996,MORTGAGE,9,DEBTCONSOLIDATION,D,17600,14.84,1,0.12,N,3
25,45600,RENT,3,MEDICAL,D,12250,14.84,1,0.27,N,3
25,49200,RENT,,VENTURE,D,18250,14.83,1,0.37,N,3
25,79200,MORTGAGE,1,PERSONAL,C,11200,14.79,1,0.14,Y,3
25,41508,RENT,,MEDICAL,C,6400,14.79,0,0.15,N,3
25,50000,RENT,1,MEDICAL,C,6000,14.79,0,0.12,Y,3
25,48000,MORTGAGE,3,DEBTCONSOLIDATION,C,1400,14.79,0,0.03,N,3
25,51500,RENT,5,VENTURE,C,1325,14.79,0,0.03,N,3
25,80000,OWN,3,EDUCATION,C,10000,14.72,0,0.13,Y,3
25,65000,MORTGAGE,3,VENTURE,C,7000,14.72,0,0.11,N,3
25,96000,MORTGAGE,6,HOMEIMPROVEMENT,C,21000,14.65,0,0.22,N,3
25,61000,OWN,2,EDUCATION,C,15000,14.65,0,0.25,Y,3
25,99275,RENT,1,PERSONAL,C,10000,14.65,0,0.1,Y,3
25,55000,RENT,0,DEBTCONSOLIDATION,C,8575,14.65,0,0.16,N,3
25,33000,RENT,1,VENTURE,C,7100,14.65,1,0.22,Y,3
25,50400,MORTGAGE,4,VENTURE,C,3000,14.65,0,0.06,N,3
25,30000,OWN,4,EDUCATION,D,10000,14.61,0,0.33,N,3
25,125000,RENT,9,VENTURE,D,6500,14.61,0,0.05,N,3
25,44000,RENT,1,EDUCATION,D,15000,14.59,1,0.34,N,3
25,75000,RENT,7,VENTURE,D,8800,14.59,0,0.12,N,3
25,12996,OWN,1,MEDICAL,D,3600,14.59,1,0.28,N,3
25,78000,RENT,2,HOMEIMPROVEMENT,D,3200,14.59,1,0.04,Y,3
25,60000,MORTGAGE,5,HOMEIMPROVEMENT,D,3000,14.59,0,0.05,Y,3
25,65707,MORTGAGE,1,EDUCATION,D,2000,14.59,0,0.03,N,3
25,102996,MORTGAGE,4,DEBTCONSOLIDATION,D,20000,14.54,1,0.19,Y,3
25,69000,MORTGAGE,10,DEBTCONSOLIDATION,D,15000,14.54,1,0.22,Y,3
25,60000,RENT,9,PERSONAL,D,6000,14.54,0,0.1,Y,3
25,35196,RENT,2,MEDICAL,D,6000,14.54,1,0.17,N,3
25,29000,RENT,1,HOMEIMPROVEMENT,D,4000,14.54,1,0.14,Y,3
25,57000,RENT,5,MEDICAL,D,9600,14.46,1,0.17,N,3
25,64000,RENT,8,DEBTCONSOLIDATION,D,15000,14.42,1,0.23,Y,3
25,221004,MORTGAGE,6,DEBTCONSOLIDATION,D,11900,14.42,1,0.05,Y,3
25,31000,RENT,1,HOMEIMPROVEMENT,D,6450,14.42,1,0.21,Y,3
25,100000,RENT,9,PERSONAL,D,6000,14.42,0,0.06,Y,3
25,200000,MORTGAGE,9,PERSONAL,C,23050,14.35,0,0.12,N,3
25,91229,RENT,2,EDUCATION,C,20000,14.35,0,0.22,N,3
25,39000,OWN,0,MEDICAL,C,8500,14.35,0,0.22,N,3
25,32004,RENT,5,DEBTCONSOLIDATION,C,5000,14.35,0,0.16,N,3
25,67675,MORTGAGE,9,MEDICAL,C,3000,14.35,0,0.04,N,3
25,72000,MORTGAGE,9,DEBTCONSOLIDATION,C,10000,14.27,1,0.14,N,3
25,76248,MORTGAGE,6,DEBTCONSOLIDATION,C,9750,14.27,1,0.13,Y,3
25,174000,MORTGAGE,2,DEBTCONSOLIDATION,C,8800,14.27,0,0.05,N,3
25,60000,MORTGAGE,5,HOMEIMPROVEMENT,C,8000,14.27,1,0.13,N,3
25,30000,MORTGAGE,4,DEBTCONSOLIDATION,C,6500,14.27,0,0.22,N,3
25,46000,RENT,8,DEBTCONSOLIDATION,C,18250,14.26,1,0.4,N,3
25,63000,RENT,1,DEBTCONSOLIDATION,C,12000,14.26,0,0.19,N,3
25,36000,MORTGAGE,0,MEDICAL,C,5400,14.26,0,0.15,N,3
25,49500,RENT,6,PERSONAL,C,24750,14.22,1,0.5,N,3
25,55000,RENT,7,HOMEIMPROVEMENT,C,8500,14.22,0,0.15,Y,3
25,120000,RENT,9,PERSONAL,C,4800,14.22,0,0.04,N,3
25,60000,OWN,9,HOMEIMPROVEMENT,C,1400,14.22,0,0.02,Y,3
25,60000,MORTGAGE,6,MEDICAL,C,13000,14.17,0,0.22,Y,3
25,59000,RENT,0,VENTURE,C,10000,14.17,0,0.17,N,3
25,50000,RENT,9,HOMEIMPROVEMENT,C,6000,14.17,0,0.12,N,3
25,55800,MORTGAGE,9,MEDICAL,C,3500,14.17,0,0.06,Y,3
25,25000,OWN,5,HOMEIMPROVEMENT,C,2000,14.17,0,0.08,N,3
25,19200,RENT,5,EDUCATION,D,5875,14.11,1,0.31,N,3
25,78000,RENT,0,PERSONAL,D,12000,14.09,1,0.15,Y,3
25,65000,RENT,9,HOMEIMPROVEMENT,C,18000,13.99,0,0.28,N,3
25,32400,MORTGAGE,9,PERSONAL,C,10000,13.99,0,0.31,Y,3
25,60000,RENT,9,MEDICAL,C,8400,13.99,0,0.14,Y,3
25,39000,MORTGAGE,9,HOMEIMPROVEMENT,C,3000,13.99,0,0.08,Y,3
25,52000,RENT,9,EDUCATION,C,16000,13.98,1,0.31,N,3
25,100000,MORTGAGE,9,PERSONAL,C,7000,13.98,0,0.07,N,3
25,44400,RENT,6,EDUCATION,C,2350,13.98,0,0.05,Y,3
25,34800,RENT,0,MEDICAL,C,1000,13.98,0,0.03,Y,3
25,85000,MORTGAGE,4,VENTURE,C,20000,13.92,0,0.24,N,3
25,67000,RENT,9,MEDICAL,C,10000,13.92,0,0.15,N,3
25,41579,RENT,9,VENTURE,C,8000,13.92,0,0.19,Y,3
25,44000,RENT,7,MEDICAL,C,7500,13.92,1,0.17,N,3
25,105000,MORTGAGE,6,VENTURE,D,6500,13.87,0,0.06,Y,3
25,306000,RENT,2,DEBTCONSOLIDATION,C,24250,13.85,0,0.08,N,3
25,153000,MORTGAGE,9,EDUCATION,C,14500,13.85,0,0.09,N,3
25,37200,RENT,3,EDUCATION,C,14500,13.85,1,0.39,Y,3
25,50000,RENT,4,DEBTCONSOLIDATION,C,8000,13.85,0,0.16,N,3
25,122000,MORTGAGE,1,PERSONAL,C,35000,13.8,0,0.29,Y,3
25,42000,RENT,3,VENTURE,C,10000,13.8,1,0.24,N,3
25,95000,RENT,3,HOMEIMPROVEMENT,C,8000,13.8,0,0.08,N,3
25,125000,MORTGAGE,,EDUCATION,C,8000,13.8,0,0.06,N,3
25,43200,RENT,3,PERSONAL,C,3000,13.8,0,0.07,Y,3
25,42000,RENT,9,VENTURE,C,11500,13.79,0,0.27,Y,3
25,65000,RENT,2,EDUCATION,C,10000,13.79,0,0.15,Y,3
25,70000,RENT,2,MEDICAL,C,7000,13.79,0,0.1,Y,3
25,120000,RENT,6,PERSONAL,C,5000,13.79,0,0.04,N,3
25,120000,MORTGAGE,9,PERSONAL,C,25000,13.72,0,0.21,N,3
25,55000,RENT,0,EDUCATION,C,8400,13.72,0,0.15,N,3
25,24000,RENT,3,DEBTCONSOLIDATION,C,6250,13.72,0,0.26,Y,3
25,110500,RENT,9,VENTURE,D,6400,13.67,0,0.06,N,3
25,55784,RENT,2,DEBTCONSOLIDATION,C,18500,13.61,1,0.33,N,3
25,90000,MORTGAGE,9,MEDICAL,C,15000,13.61,0,0.17,N,3
25,36000,RENT,2,PERSONAL,C,4000,13.61,0,0.11,Y,3
25,50000,MORTGAGE,9,PERSONAL,C,2500,13.61,0,0.05,N,3
25,12600,OWN,3,PERSONAL,C,1750,13.61,0,0.14,N,3
25,108960,MORTGAGE,0,PERSONAL,C,10000,13.57,0,0.09,N,3
25,85000,MORTGAGE,9,VENTURE,C,7200,13.57,0,0.08,N,3
25,70000,RENT,9,EDUCATION,D,12000,13.55,0,0.17,Y,3
25,115000,MORTGAGE,9,MEDICAL,C,19000,13.49,0,0.17,Y,3
25,88140,MORTGAGE,5,EDUCATION,C,15000,13.49,0,0.17,Y,3
25,65000,RENT,4,HOMEIMPROVEMENT,C,15000,13.49,0,0.23,Y,3
25,53000,MORTGAGE,9,VENTURE,C,12375,13.49,0,0.23,Y,3
25,42000,RENT,2,MEDICAL,C,6500,13.49,0,0.15,Y,3
25,29000,RENT,0,MEDICAL,C,6000,13.49,1,0.21,N,3
25,24000,MORTGAGE,0,DEBTCONSOLIDATION,C,6000,13.49,0,0.25,Y,3
25,85000,MORTGAGE,7,PERSONAL,C,5500,13.49,0,0.06,N,3
25,114996,MORTGAGE,7,DEBTCONSOLIDATION,C,5000,13.49,0,0.04,N,3
25,65004,RENT,1,HOMEIMPROVEMENT,C,4800,13.49,0,0.07,N,3
25,71000,MORTGAGE,,VENTURE,C,4800,13.49,0,0.07,Y,3
25,40000,MORTGAGE,9,DEBTCONSOLIDATION,C,3500,13.49,0,0.09,N,3
25,40000,MORTGAGE,9,MEDICAL,C,3500,13.49,0,0.09,Y,3
25,89100,RENT,9,VENTURE,C,2000,13.49,0,0.02,Y,3
25,45500,RENT,3,MEDICAL,C,2000,13.49,0,0.04,Y,3
25,48000,MORTGAGE,9,DEBTCONSOLIDATION,C,1000,13.49,0,0.02,Y,3
25,37818,RENT,5,DEBTCONSOLIDATION,C,15000,13.48,1,0.4,N,3
25,105000,MORTGAGE,9,DEBTCONSOLIDATION,C,12000,13.48,0,0.11,N,3
25,40000,RENT,6,VENTURE,C,10000,13.48,0,0.25,N,3
25,78600,RENT,0,DEBTCONSOLIDATION,C,8400,13.48,0,0.11,Y,3
25,34000,MORTGAGE,2,HOMEIMPROVEMENT,C,5800,13.48,1,0.17,Y,3
25,62000,RENT,0,DEBTCONSOLIDATION,C,14400,13.47,0,0.23,Y,3
25,51780,RENT,8,MEDICAL,C,12000,13.47,1,0.23,N,3
25,88500,RENT,3,DEBTCONSOLIDATION,C,7200,13.47,0,0.08,N,3
25,40000,OWN,5,EDUCATION,C,6000,13.47,0,0.15,Y,3
25,65004,MORTGAGE,1,MEDICAL,C,5000,13.47,0,0.08,Y,3
25,60000,RENT,3,MEDICAL,C,3000,13.47,1,0.05,Y,3
25,60000,RENT,3,VENTURE,C,3000,13.47,1,0.05,Y,3
25,92000,RENT,5,HOMEIMPROVEMENT,C,12000,13.43,0,0.13,N,3
25,32500,RENT,5,MEDICAL,C,7350,13.43,0,0.23,Y,3
25,138000,RENT,1,EDUCATION,C,4500,13.43,0,0.03,N,3
25,50000,MORTGAGE,5,EDUCATION,C,4000,13.43,0,0.08,Y,3
25,35000,OWN,3,EDUCATION,C,3600,13.43,0,0.1,N,3
25,30600,RENT,,MEDICAL,C,10500,13.35,1,0.34,N,3
25,57000,OWN,5,PERSONAL,C,12000,13.23,0,0.21,N,3
25,69000,MORTGAGE,9,HOMEIMPROVEMENT,C,15900,13.22,0,0.23,Y,3
25,36000,MORTGAGE,2,MEDICAL,C,13750,13.22,1,0.38,Y,3
25,83000,RENT,0,EDUCATION,C,10000,13.22,1,0.12,N,3
25,90900,RENT,9,VENTURE,C,9000,13.22,0,0.1,Y,3
25,50000,RENT,6,MEDICAL,C,8400,13.22,0,0.17,N,3
25,130000,MORTGAGE,9,VENTURE,C,21000,13.16,0,0.16,N,3
25,70000,MORTGAGE,4,PERSONAL,C,15000,13.16,1,0.21,Y,3
25,48000,RENT,8,DEBTCONSOLIDATION,C,3500,13.16,0,0.07,N,3
25,40000,RENT,2,MEDICAL,C,18000,13.11,1,0.45,Y,3
25,104000,MORTGAGE,4,VENTURE,C,11000,13.11,0,0.11,N,3
25,83400,MORTGAGE,2,DEBTCONSOLIDATION,C,10000,13.11,0,0.12,N,3
25,41508,MORTGAGE,9,EDUCATION,C,1600,13.11,0,0.04,Y,3
25,100000,RENT,9,PERSONAL,C,20000,13.06,0,0.2,Y,3
25,155000,MORTGAGE,8,PERSONAL,C,10000,13.06,0,0.06,Y,3
25,65000,RENT,8,EDUCATION,C,6000,13.06,0,0.09,Y,3
25,125000,RENT,9,EDUCATION,C,21000,12.99,0,0.17,Y,3
25,80000,RENT,6,EDUCATION,C,12000,12.99,0,0.15,N,3
25,72972,MORTGAGE,9,PERSONAL,C,10000,12.99,0,0.14,N,3
25,68000,MORTGAGE,2,VENTURE,C,6500,12.99,0,0.1,Y,3
25,50000,RENT,5,HOMEIMPROVEMENT,C,6000,12.99,0,0.12,Y,3
25,48000,RENT,2,MEDICAL,C,6000,12.99,0,0.13,Y,3
25,42500,RENT,0,MEDICAL,C,4000,12.99,0,0.09,N,3
25,45000,RENT,0,DEBTCONSOLIDATION,C,10000,12.98,0,0.22,Y,3
25,24996,RENT,3,EDUCATION,C,7500,12.98,0,0.3,Y,3
25,59000,MORTGAGE,4,HOMEIMPROVEMENT,C,3600,12.98,1,0.06,N,3
25,30000,RENT,3,DEBTCONSOLIDATION,C,3000,12.98,0,0.1,N,3
25,25000,RENT,4,MEDICAL,C,1600,12.98,0,0.06,N,3
25,32000,RENT,1,PERSONAL,D,6000,12.92,1,0.19,Y,3
25,38000,RENT,8,MEDICAL,C,16000,12.87,1,0.42,Y,3
25,45000,RENT,3,MEDICAL,C,10000,12.87,0,0.22,Y,3
25,26000,RENT,4,MEDICAL,C,8000,12.87,1,0.31,Y,3
25,136000,MORTGAGE,1,DEBTCONSOLIDATION,C,8000,12.87,0,0.06,N,3
25,47000,RENT,1,EDUCATION,C,6000,12.87,0,0.13,Y,3
25,9600,MORTGAGE,1,MEDICAL,C,5500,12.87,1,0.57,N,3
25,105000,MORTGAGE,3,VENTURE,C,12000,12.84,0,0.11,N,3
25,132000,RENT,4,HOMEIMPROVEMENT,C,10000,12.84,0,0.08,Y,3
25,39000,RENT,3,MEDICAL,C,7600,12.84,1,0.19,N,3
25,29000,RENT,2,VENTURE,C,2500,12.84,1,0.09,N,3
25,56000,RENT,0,HOMEIMPROVEMENT,D,16500,12.8,1,0.29,Y,3
25,135000,MORTGAGE,4,DEBTCONSOLIDATION,C,20000,12.73,0,0.15,Y,3
25,59400,MORTGAGE,9,EDUCATION,C,18500,12.73,0,0.31,Y,3
25,44400,OWN,1,PERSONAL,C,5000,12.72,0,0.11,Y,3
25,100000,RENT,5,DEBTCONSOLIDATION,B,28000,12.69,0,0.28,N,3
25,92000,RENT,6,HOMEIMPROVEMENT,B,25000,12.69,0,0.27,N,3
25,42500,RENT,1,DEBTCONSOLIDATION,B,12000,12.69,0,0.28,N,3
25,110000,MORTGAGE,1,DEBTCONSOLIDATION,B,10000,12.69,0,0.09,N,3
25,75000,RENT,8,PERSONAL,B,9600,12.69,0,0.13,N,3
25,50000,RENT,5,DEBTCONSOLIDATION,B,9000,12.69,0,0.18,N,3
25,90000,MORTGAGE,0,EDUCATION,B,9000,12.69,0,0.1,N,3
25,29360,MORTGAGE,5,PERSONAL,B,8875,12.69,1,0.3,N,3
25,52000,RENT,3,EDUCATION,B,7200,12.69,0,0.14,N,3
25,56000,RENT,2,PERSONAL,B,3000,12.69,0,0.05,N,3
25,38400,RENT,5,DEBTCONSOLIDATION,B,2200,12.69,0,0.06,N,3
25,38400,RENT,5,MEDICAL,B,2200,12.69,0,0.06,N,3
25,46645,MORTGAGE,9,PERSONAL,B,2000,12.69,1,0.04,N,3
25,75600,MORTGAGE,7,MEDICAL,C,15000,12.68,0,0.2,Y,3
25,72000,RENT,7,DEBTCONSOLIDATION,C,15000,12.68,0,0.21,N,3
25,49000,RENT,2,VENTURE,C,3000,12.68,1,0.06,Y,3
25,58000,RENT,5,MEDICAL,C,14000,12.61,0,0.24,Y,3
25,90000,MORTGAGE,5,VENTURE,C,10000,12.61,0,0.11,Y,3
25,50000,MORTGAGE,7,PERSONAL,C,6600,12.61,0,0.13,Y,3
25,68515,RENT,2,MEDICAL,C,5600,12.61,0,0.08,N,3
25,24000,RENT,2,DEBTCONSOLIDATION,C,5000,12.61,0,0.21,N,3
25,30900,RENT,1,VENTURE,D,4000,12.61,1,0.13,N,3
25,111262,MORTGAGE,2,PERSONAL,B,20000,12.53,0,0.18,N,3
25,128500,MORTGAGE,1,HOMEIMPROVEMENT,C,15000,12.53,0,0.12,Y,3
25,128500,MORTGAGE,1,HOMEIMPROVEMENT,C,15000,12.53,0,0.12,Y,3
25,105000,MORTGAGE,1,PERSONAL,C,15000,12.53,0,0.14,Y,3
25,45996,RENT,3,DEBTCONSOLIDATION,C,11500,12.53,0,0.25,Y,3
25,31800,OTHER,1,HOMEIMPROVEMENT,C,10000,12.53,1,0.31,N,3
25,123000,RENT,1,MEDICAL,B,8000,12.53,0,0.07,N,3
25,48000,RENT,9,DEBTCONSOLIDATION,C,7500,12.53,0,0.16,N,3
25,52000,RENT,1,DEBTCONSOLIDATION,C,7000,12.53,0,0.13,N,3
25,25000,RENT,1,EDUCATION,C,5200,12.53,0,0.21,Y,3
25,76500,RENT,4,DEBTCONSOLIDATION,C,5000,12.53,0,0.07,N,3
25,53000,RENT,3,HOMEIMPROVEMENT,C,5000,12.53,0,0.09,Y,3
25,25000,OWN,1,VENTURE,C,4800,12.53,0,0.19,N,3
25,35000,RENT,3,VENTURE,B,2400,12.53,0,0.07,N,3
25,28000,RENT,0,MEDICAL,B,1800,12.53,0,0.06,N,3
25,60000,MORTGAGE,9,DEBTCONSOLIDATION,B,23275,12.42,0,0.39,N,3
25,63000,RENT,3,MEDICAL,B,20000,12.42,1,0.32,N,3
25,72000,RENT,7,DEBTCONSOLIDATION,B,15000,12.42,0,0.21,N,3
25,34000,MORTGAGE,9,DEBTCONSOLIDATION,B,10000,12.42,0,0.29,N,3
25,25000,RENT,1,HOMEIMPROVEMENT,B,8000,12.42,1,0.32,N,3
25,37200,RENT,0,DEBTCONSOLIDATION,B,7000,12.42,0,0.19,N,3
25,26500,RENT,9,PERSONAL,B,6000,12.42,0,0.23,N,3
25,23400,RENT,3,MEDICAL,B,4000,12.42,0,0.17,N,3
25,36400,MORTGAGE,4,VENTURE,C,11000,12.29,0,0.3,N,3
25,131000,MORTGAGE,1,PERSONAL,C,7500,12.29,0,0.06,N,3
25,53000,RENT,9,EDUCATION,C,8000,12.23,0,0.15,N,3
25,51000,MORTGAGE,7,DEBTCONSOLIDATION,C,7600,12.23,0,0.15,N,3
25,138000,MORTGAGE,3,EDUCATION,C,9000,12.22,0,0.07,N,3
25,60000,RENT,9,EDUCATION,B,12000,12.21,0,0.2,N,3
25,60000,MORTGAGE,2,PERSONAL,B,10000,12.21,0,0.17,N,3
25,60000,MORTGAGE,2,EDUCATION,B,10000,12.21,0,0.17,N,3
25,45996,OWN,9,PERSONAL,B,25000,12.18,0,0.54,N,3
25,79000,RENT,5,EDUCATION,B,15000,12.18,1,0.19,N,3
25,70000,RENT,6,VENTURE,B,12000,12.18,0,0.17,N,3
25,40000,RENT,0,EDUCATION,B,10000,12.18,0,0.25,N,3
25,72000,MORTGAGE,6,PERSONAL,B,5000,12.18,0,0.07,N,3
25,66420,MORTGAGE,1,MEDICAL,B,4000,12.18,0,0.06,N,3
25,40000,RENT,0,MEDICAL,C,4700,12.09,0,0.12,Y,3
25,100505,OWN,9,HOMEIMPROVEMENT,B,35000,11.99,0,0.35,N,3
25,80600,RENT,9,PERSONAL,B,13800,11.99,0,0.17,N,3
25,26000,RENT,5,MEDICAL,B,12000,11.99,1,0.46,N,3
25,96000,RENT,3,VENTURE,B,12000,11.99,0,0.13,N,3
25,96000,RENT,3,DEBTCONSOLIDATION,B,12000,11.99,0,0.13,N,3
25,75996,MORTGAGE,9,DEBTCONSOLIDATION,B,10000,11.99,0,0.13,N,3
25,75996,MORTGAGE,9,DEBTCONSOLIDATION,B,10000,11.99,0,0.13,N,3
25,33000,MORTGAGE,9,VENTURE,B,3000,11.99,0,0.09,N,3
25,35000,RENT,9,VENTURE,B,1000,11.99,0,0.03,N,3
25,45000,RENT,1,DEBTCONSOLIDATION,B,10000,11.89,0,0.22,N,3
25,45000,RENT,1,MEDICAL,B,10000,11.89,0,0.22,N,3
25,40000,RENT,1,VENTURE,B,6500,11.89,0,0.16,N,3
25,45000,RENT,0,DEBTCONSOLIDATION,B,5000,11.89,0,0.11,N,3
25,50500,RENT,0,MEDICAL,B,1500,11.89,0,0.03,N,3
25,27996,RENT,0,MEDICAL,B,1500,11.89,0,0.05,N,3
25,65000,MORTGAGE,6,MEDICAL,B,15000,11.86,0,0.23,N,3
25,48000,RENT,2,EDUCATION,B,10000,11.86,0,0.21,N,3
25,129996,MORTGAGE,9,VENTURE,B,7500,11.86,0,0.06,N,3
25,27000,RENT,9,VENTURE,B,6000,11.86,0,0.22,N,3
25,72000,RENT,1,VENTURE,B,6000,11.86,0,0.08,N,3
25,21600,RENT,0,MEDICAL,B,5200,11.86,1,0.24,N,3
25,23000,RENT,4,MEDICAL,B,4300,11.86,0,0.19,N,3
25,84000,MORTGAGE,8,PERSONAL,B,8500,11.83,0,0.1,N,3
25,54000,OWN,5,HOMEIMPROVEMENT,B,8000,11.83,0,0.15,N,3
25,121000,MORTGAGE,1,EDUCATION,B,3600,11.83,0,0.03,N,3
25,78000,MORTGAGE,7,DEBTCONSOLIDATION,C,9000,11.78,1,0.12,Y,3
25,41000,MORTGAGE,9,EDUCATION,C,5000,11.78,1,0.12,Y,3
25,95950,RENT,2,PERSONAL,B,17500,11.71,0,0.18,N,3
25,101000,MORTGAGE,9,EDUCATION,B,17000,11.71,0,0.17,N,3
25,70000,MORTGAGE,9,DEBTCONSOLIDATION,B,15600,11.71,0,0.22,N,3
25,100000,RENT,1,MEDICAL,B,14400,11.71,0,0.14,N,3
25,83195,RENT,9,PERSONAL,B,13000,11.71,0,0.16,N,3
25,41000,RENT,6,DEBTCONSOLIDATION,B,12000,11.71,0,0.29,N,3
25,73000,RENT,4,MEDICAL,B,10000,11.71,0,0.14,N,3
25,24000,RENT,9,PERSONAL,B,9600,11.71,1,0.4,N,3
25,105000,MORTGAGE,2,DEBTCONSOLIDATION,B,9600,11.71,0,0.09,N,3
25,56004,MORTGAGE,5,DEBTCONSOLIDATION,B,8000,11.71,1,0.14,N,3
25,153000,MORTGAGE,9,EDUCATION,B,7500,11.71,0,0.05,N,3
25,58000,MORTGAGE,7,DEBTCONSOLIDATION,B,7200,11.71,0,0.12,N,3
25,70000,RENT,0,EDUCATION,B,5000,11.71,0,0.07,N,3
25,38000,RENT,9,EDUCATION,B,4800,11.71,0,0.13,N,3
25,24000,RENT,,PERSONAL,B,4000,11.71,0,0.17,N,3
25,30000,RENT,9,PERSONAL,B,3000,11.71,0,0.1,N,3
25,62400,RENT,7,MEDICAL,B,2300,11.71,0,0.04,N,3
25,65000,OWN,9,HOMEIMPROVEMENT,C,7000,11.66,0,0.11,Y,3
25,35000,RENT,6,PERSONAL,B,3500,11.58,0,0.1,N,3
25,125000,MORTGAGE,9,DEBTCONSOLIDATION,B,25000,11.49,0,0.2,N,3
25,118189,MORTGAGE,9,VENTURE,B,25000,11.49,0,0.21,N,3
25,95000,MORTGAGE,0,DEBTCONSOLIDATION,B,15000,11.49,0,0.16,N,3
25,75000,MORTGAGE,8,DEBTCONSOLIDATION,B,12000,11.49,0,0.16,N,3
25,55000,MORTGAGE,9,EDUCATION,B,6300,11.49,0,0.11,N,3
25,32000,MORTGAGE,3,DEBTCONSOLIDATION,B,6250,11.49,0,0.2,N,3
25,37000,RENT,2,VENTURE,B,3325,11.49,0,0.09,N,3
25,28000,RENT,8,EDUCATION,B,2400,11.49,0,0.09,N,3
25,60000,RENT,6,VENTURE,B,2400,11.49,0,0.04,N,3
25,49963,MORTGAGE,9,EDUCATION,B,2100,11.49,1,0.04,N,3
25,49963,MORTGAGE,9,MEDICAL,B,2100,11.49,1,0.04,N,3
25,80000,RENT,9,VENTURE,B,2000,11.49,0,0.03,N,3
25,56000,MORTGAGE,7,HOMEIMPROVEMENT,B,2000,11.49,1,0.04,N,3
25,100000,MORTGAGE,9,HOMEIMPROVEMENT,B,25000,11.48,0,0.25,N,3
25,77650,RENT,8,PERSONAL,B,22000,11.48,1,0.28,N,3
25,80000,MORTGAGE,2,EDUCATION,B,22000,11.48,0,0.28,N,3
25,50950,RENT,5,HOMEIMPROVEMENT,B,20000,11.48,1,0.39,N,3
25,79000,OWN,9,VENTURE,B,14500,11.48,0,0.18,N,3
25,78000,MORTGAGE,9,HOMEIMPROVEMENT,B,14200,11.48,0,0.18,N,3
25,78000,MORTGAGE,9,EDUCATION,B,14200,11.48,0,0.18,N,3
25,90000,RENT,2,HOMEIMPROVEMENT,B,12000,11.48,0,0.13,N,3
25,200000,MORTGAGE,0,EDUCATION,B,12000,11.48,0,0.06,N,3
25,78000,MORTGAGE,4,DEBTCONSOLIDATION,B,3000,11.48,1,0.04,N,3
25,19200,RENT,3,DEBTCONSOLIDATION,B,6150,11.46,1,0.32,N,3
25,105897,MORTGAGE,9,MEDICAL,B,25000,11.36,0,0.24,N,3
25,145000,MORTGAGE,3,DEBTCONSOLIDATION,B,25000,11.36,0,0.17,N,3
25,130000,MORTGAGE,3,HOMEIMPROVEMENT,B,25000,11.36,0,0.19,N,3
25,31000,MORTGAGE,2,PERSONAL,B,12250,11.36,1,0.4,N,3
25,48000,RENT,6,DEBTCONSOLIDATION,B,7200,11.36,0,0.15,N,3
25,21500,RENT,2,MEDICAL,C,7500,11.34,1,0.35,Y,3
25,57500,RENT,4,EDUCATION,C,6000,11.28,1,0.1,N,3
25,87000,MORTGAGE,4,MEDICAL,B,13000,11.26,0,0.15,N,3
25,42504,RENT,0,MEDICAL,B,12600,11.26,0,0.3,N,3
25,34000,MORTGAGE,1,EDUCATION,B,10000,11.26,0,0.29,N,3
25,34000,MORTGAGE,1,DEBTCONSOLIDATION,B,10000,11.26,0,0.29,N,3
25,30000,RENT,5,DEBTCONSOLIDATION,C,4800,11.22,0,0.16,Y,3
25,112500,MORTGAGE,6,PERSONAL,B,18000,11.14,0,0.16,N,3
25,130000,MORTGAGE,9,EDUCATION,B,15000,11.14,0,0.12,N,3
25,28500,RENT,0,MEDICAL,B,8500,11.14,0,0.3,N,3
25,26729,RENT,5,MEDICAL,B,7300,11.14,0,0.27,N,3
25,60000,OTHER,3,DEBTCONSOLIDATION,B,5000,11.14,0,0.08,N,3
25,80000,RENT,3,VENTURE,B,10000,11.12,0,0.13,N,3
25,70000,MORTGAGE,0,DEBTCONSOLIDATION,B,8000,11.12,0,0.11,N,3
25,41412,RENT,,MEDICAL,B,7600,11.12,0,0.18,N,3
25,28800,RENT,2,VENTURE,B,3000,11.12,0,0.1,N,3
25,129600,MORTGAGE,0,PERSONAL,B,3000,11.12,0,0.02,N,3
25,225000,MORTGAGE,9,HOMEIMPROVEMENT,B,21000,11.11,0,0.09,N,3
25,125000,MORTGAGE,9,PERSONAL,B,12000,11.11,0,0.1,N,3
25,36000,RENT,0,MEDICAL,B,10000,11.11,0,0.28,N,3
25,40000,RENT,0,VENTURE,B,5925,11.11,0,0.15,N,3
25,36996,RENT,4,MEDICAL,B,4200,11.11,0,0.11,N,3
25,54000,MORTGAGE,2,PERSONAL,B,4000,11.11,0,0.07,N,3
25,46116,MORTGAGE,9,DEBTCONSOLIDATION,C,10000,11.03,0,0.22,N,3
25,85000,MORTGAGE,5,DEBTCONSOLIDATION,C,7500,11.03,0,0.09,Y,3
25,146990,MORTGAGE,0,VENTURE,B,28000,10.99,0,0.19,N,3
25,60000,OWN,8,MEDICAL,B,25000,10.99,0,0.42,N,3
25,51996,RENT,9,VENTURE,B,20000,10.99,1,0.38,N,3
25,95000,MORTGAGE,5,VENTURE,B,18000,10.99,0,0.19,N,3
25,95000,MORTGAGE,5,DEBTCONSOLIDATION,B,18000,10.99,0,0.19,N,3
25,104000,MORTGAGE,9,HOMEIMPROVEMENT,B,14000,10.99,0,0.13,N,3
25,40000,RENT,9,PERSONAL,B,13000,10.99,1,0.33,N,3
25,154000,MORTGAGE,9,DEBTCONSOLIDATION,B,12000,10.99,0,0.08,N,3
25,82560,RENT,1,EDUCATION,B,12000,10.99,0,0.15,N,3
25,95000,RENT,8,PERSONAL,B,8000,10.99,0,0.08,N,3
25,89000,RENT,4,EDUCATION,B,7000,10.99,0,0.08,N,3
25,84000,MORTGAGE,7,MEDICAL,B,6500,10.99,0,0.08,N,3
25,46000,MORTGAGE,5,MEDICAL,B,6000,10.99,1,0.13,N,3
25,37560,OWN,4,HOMEIMPROVEMENT,B,5000,10.99,0,0.13,N,3
25,19200,RENT,3,VENTURE,B,5000,10.99,1,0.26,N,3
25,40000,MORTGAGE,2,PERSONAL,B,4500,10.99,0,0.11,N,3
25,35500,RENT,5,MEDICAL,B,4000,10.99,0,0.11,N,3
25,25000,OWN,4,VENTURE,B,2000,10.99,0,0.08,N,3
25,50000,RENT,2,DEBTCONSOLIDATION,B,10000,10.95,0,0.2,N,3
25,70000,RENT,0,MEDICAL,B,10000,10.95,0,0.14,N,3
25,24000,OWN,4,MEDICAL,B,5000,10.95,0,0.21,N,3
25,67000,MORTGAGE,9,PERSONAL,C,25000,10.91,1,0.37,N,3
25,56950,MORTGAGE,9,MEDICAL,C,25000,10.91,1,0.37,Y,3
25,41496,RENT,7,EDUCATION,B,5000,10.83,1,0.12,N,3
25,69500,RENT,7,MEDICAL,C,7000,10.78,0,0.1,Y,3
25,134748,MORTGAGE,4,HOMEIMPROVEMENT,B,25000,10.75,0,0.19,N,3
25,50000,RENT,2,VENTURE,B,10800,10.75,0,0.22,N,3
25,25000,RENT,8,VENTURE,B,9250,10.75,1,0.37,N,3
25,15600,RENT,6,MEDICAL,B,5000,10.75,1,0.32,N,3
25,120000,MORTGAGE,9,HOMEIMPROVEMENT,B,28000,10.74,0,0.23,N,3
25,94976,MORTGAGE,5,DEBTCONSOLIDATION,B,20000,10.74,0,0.21,N,3
25,38400,RENT,0,DEBTCONSOLIDATION,B,13000,10.74,1,0.34,N,3
25,52000,MORTGAGE,9,DEBTCONSOLIDATION,B,8500,10.74,0,0.16,N,3
25,30000,RENT,6,DEBTCONSOLIDATION,B,8000,10.74,0,0.27,N,3
25,38000,RENT,5,DEBTCONSOLIDATION,B,5200,10.74,0,0.14,N,3
25,63000,RENT,9,HOMEIMPROVEMENT,B,5000,10.74,0,0.08,N,3
25,26400,MORTGAGE,1,HOMEIMPROVEMENT,B,4000,10.74,0,0.15,N,3
25,48000,RENT,3,DEBTCONSOLIDATION,B,2000,10.74,0,0.04,N,3
25,55000,RENT,0,EDUCATION,B,6400,10.71,0,0.12,N,3
25,55000,RENT,9,EDUCATION,B,12000,10.65,0,0.22,N,3
25,40000,RENT,2,MEDICAL,B,6000,10.65,0,0.15,N,3
25,100000,MORTGAGE,9,HOMEIMPROVEMENT,B,4800,10.65,0,0.05,N,3
25,72000,MORTGAGE,9,DEBTCONSOLIDATION,B,4800,10.65,0,0.07,N,3
25,45000,MORTGAGE,5,EDUCATION,B,3800,10.65,0,0.08,N,3
25,59000,MORTGAGE,7,EDUCATION,B,25000,10.62,0,0.42,N,3
25,69996,MORTGAGE,3,PERSONAL,B,25000,10.62,0,0.36,N,3
25,93600,MORTGAGE,9,DEBTCONSOLIDATION,B,20000,10.62,0,0.21,N,3
25,75000,MORTGAGE,9,VENTURE,B,20000,10.62,0,0.27,N,3
25,62050,MORTGAGE,7,MEDICAL,B,18300,10.62,1,0.25,N,3
25,32000,RENT,2,DEBTCONSOLIDATION,B,8000,10.62,0,0.25,N,3
25,30000,RENT,1,MEDICAL,B,7000,10.62,0,0.23,N,3
25,26500,RENT,1,MEDICAL,B,3000,10.62,0,0.11,N,3
25,38000,MORTGAGE,3,MEDICAL,B,1500,10.62,0,0.04,N,3
25,140000,MORTGAGE,9,DEBTCONSOLIDATION,B,35000,10.59,0,0.25,N,3
25,100000,MORTGAGE,9,PERSONAL,B,17600,10.59,0,0.18,N,3
25,57000,OWN,9,MEDICAL,B,12000,10.59,0,0.21,N,3
25,174708,RENT,9,VENTURE,B,9000,10.59,0,0.05,N,3
25,80000,RENT,2,DEBTCONSOLIDATION,B,4000,10.59,0,0.05,N,3
25,34000,MORTGAGE,8,HOMEIMPROVEMENT,B,3000,10.51,1,0.09,N,3
25,90000,MORTGAGE,3,VENTURE,B,25000,10.39,0,0.28,N,3
25,45000,MORTGAGE,0,VENTURE,B,7500,10.39,0,0.17,N,3
25,75000,RENT,0,PERSONAL,B,20000,10.38,0,0.27,N,3
25,38400,MORTGAGE,9,VENTURE,B,12000,10.38,0,0.31,N,3
25,38400,MORTGAGE,9,EDUCATION,B,12000,10.38,0,0.31,N,3
25,45000,RENT,4,PERSONAL,B,8000,10.38,0,0.18,N,3
25,30000,RENT,2,MEDICAL,B,2000,10.38,0,0.07,N,3
25,154000,MORTGAGE,1,EDUCATION,B,21600,10.37,0,0.14,N,3
25,114000,RENT,3,EDUCATION,B,17000,10.37,0,0.15,N,3
25,121680,MORTGAGE,3,HOMEIMPROVEMENT,B,15000,10.37,0,0.12,N,3
25,45000,RENT,1,MEDICAL,B,12500,10.37,0,0.28,N,3
25,70000,RENT,4,MEDICAL,B,12000,10.37,0,0.17,N,3
25,120000,MORTGAGE,9,PERSONAL,B,10000,10.37,0,0.08,N,3
25,30720,RENT,6,MEDICAL,B,10000,10.37,1,0.33,N,3
25,72000,RENT,2,VENTURE,B,10000,10.37,0,0.14,N,3
25,110000,MORTGAGE,1,EDUCATION,B,6500,10.37,0,0.06,N,3
25,62500,RENT,6,DEBTCONSOLIDATION,B,4000,10.37,0,0.06,N,3
25,62500,RENT,6,HOMEIMPROVEMENT,B,4000,10.37,0,0.06,N,3
25,80000,MORTGAGE,5,EDUCATION,B,25000,10.36,0,0.31,N,3
25,80004,RENT,4,HOMEIMPROVEMENT,B,12000,10.36,0,0.15,N,3
25,95000,RENT,0,DEBTCONSOLIDATION,B,8000,10.36,0,0.08,N,3
25,60000,RENT,9,MEDICAL,B,7000,10.36,0,0.12,N,3
25,31417,MORTGAGE,4,EDUCATION,B,7000,10.36,1,0.22,N,3
25,35000,RENT,3,MEDICAL,B,5000,10.36,0,0.14,N,3
25,48000,RENT,2,MEDICAL,B,1500,10.36,0,0.03,N,3
25,20000,RENT,0,MEDICAL,C,3500,10.28,0,0.17,Y,3
25,48000,MORTGAGE,6,EDUCATION,B,24250,10.25,0,0.51,N,3
25,85000,RENT,3,DEBTCONSOLIDATION,B,20000,10.25,0,0.24,N,3
25,66000,RENT,9,EDUCATION,B,18000,10.25,0,0.27,N,3
25,109000,MORTGAGE,5,DEBTCONSOLIDATION,B,15000,10.25,0,0.14,N,3
25,45000,OWN,5,VENTURE,B,10400,10.25,0,0.23,N,3
25,33500,RENT,2,VENTURE,B,10000,10.25,0,0.3,N,3
25,33500,RENT,2,MEDICAL,B,10000,10.25,0,0.3,N,3
25,37000,OWN,6,MEDICAL,B,9000,10.25,0,0.24,N,3
25,100000,MORTGAGE,9,EDUCATION,B,8000,10.25,0,0.08,N,3
25,46000,RENT,5,EDUCATION,B,7000,10.25,0,0.15,N,3
25,66000,RENT,7,DEBTCONSOLIDATION,B,6500,10.25,0,0.1,N,3
25,112000,RENT,7,DEBTCONSOLIDATION,B,5000,10.25,0,0.04,N,3
25,40000,RENT,2,PERSONAL,B,3000,10.25,0,0.07,N,3
25,120000,OWN,3,EDUCATION,B,3000,10.14,0,0.03,N,3
25,79000,MORTGAGE,9,PERSONAL,B,7500,10.01,0,0.09,N,3
25,68000,RENT,2,DEBTCONSOLIDATION,B,13600,10,0,0.2,N,3
25,41000,RENT,,PERSONAL,B,12000,10,1,0.29,N,3
25,46350,MORTGAGE,0,VENTURE,B,9750,10,0,0.21,N,3
25,28500,RENT,0,DEBTCONSOLIDATION,B,7000,10,0,0.25,N,3
25,85000,RENT,4,MEDICAL,B,6000,10,0,0.07,N,3
25,33000,RENT,4,MEDICAL,B,3600,10,1,0.11,N,3
25,42000,MORTGAGE,9,HOMEIMPROVEMENT,B,3250,10,0,0.08,N,3
25,59000,RENT,4,MEDICAL,B,15000,9.99,1,0.25,N,3
25,33600,MORTGAGE,1,VENTURE,B,12000,9.99,0,0.36,N,3
25,60000,MORTGAGE,2,PERSONAL,B,6900,9.99,0,0.12,N,3
25,65000,RENT,0,PERSONAL,B,5200,9.99,0,0.08,N,3
25,50988,OWN,9,HOMEIMPROVEMENT,B,4200,9.99,0,0.08,N,3
25,47000,RENT,6,MEDICAL,B,3500,9.99,0,0.07,N,3
25,40000,RENT,3,MEDICAL,B,2500,9.99,0,0.06,N,3
25,25000,RENT,1,DEBTCONSOLIDATION,B,1600,9.99,0,0.06,N,3
25,63208,RENT,9,EDUCATION,B,23000,9.91,1,0.36,N,3
25,33000,RENT,1,MEDICAL,B,14125,9.91,1,0.43,N,3
25,125000,MORTGAGE,9,PERSONAL,B,12000,9.91,0,0.1,N,3
25,125000,MORTGAGE,9,EDUCATION,B,12000,9.91,0,0.1,N,3
25,100000,RENT,3,VENTURE,B,12000,9.91,0,0.12,N,3
25,36000,RENT,0,MEDICAL,B,12000,9.91,1,0.33,N,3
25,60000,RENT,9,VENTURE,B,10000,9.91,0,0.17,N,3
25,37200,MORTGAGE,,EDUCATION,B,10000,9.91,0,0.27,N,3
25,60000,OWN,0,VENTURE,B,9000,9.91,0,0.15,N,3
25,135000,RENT,6,HOMEIMPROVEMENT,B,7200,9.91,0,0.05,N,3
25,53000,OWN,4,HOMEIMPROVEMENT,B,7200,9.91,0,0.14,N,3
25,102000,MORTGAGE,5,EDUCATION,B,6975,9.91,0,0.07,N,3
25,95004,OWN,9,EDUCATION,B,2800,9.91,0,0.03,N,3
25,85000,MORTGAGE,5,VENTURE,B,18000,9.88,0,0.21,N,3
25,84000,RENT,5,HOMEIMPROVEMENT,B,18000,9.88,0,0.21,N,3
25,80000,RENT,0,DEBTCONSOLIDATION,B,16000,9.88,0,0.2,N,3
25,96000,OWN,0,EDUCATION,B,4000,9.88,0,0.04,N,3
25,50450,RENT,3,EDUCATION,B,2000,9.88,0,0.04,N,3
25,30252,MORTGAGE,9,PERSONAL,B,10000,9.76,1,0.33,N,3
25,25200,RENT,0,DEBTCONSOLIDATION,B,6000,9.76,0,0.24,N,3
25,30000,RENT,6,EDUCATION,B,4000,9.76,0,0.13,N,3
25,30000,RENT,6,MEDICAL,B,4000,9.76,0,0.13,N,3
25,100000,MORTGAGE,4,EDUCATION,B,9000,9.64,1,0.09,N,3
25,75000,MORTGAGE,8,DEBTCONSOLIDATION,A,15000,9.63,0,0.2,N,3
25,108820,RENT,4,EDUCATION,B,15000,9.63,0,0.14,N,3
25,36000,RENT,4,VENTURE,B,15000,9.63,1,0.42,N,3
25,75600,MORTGAGE,2,DEBTCONSOLIDATION,A,14500,9.63,0,0.19,N,3
25,109000,MORTGAGE,9,EDUCATION,A,14000,9.63,0,0.13,N,3
25,39896,MORTGAGE,0,MEDICAL,A,9250,9.63,1,0.23,N,3
25,60000,RENT,6,PERSONAL,B,8000,9.63,0,0.13,N,3
25,24000,OWN,0,MEDICAL,A,7000,9.63,0,0.29,N,3
25,28800,RENT,8,EDUCATION,B,6800,9.63,0,0.24,N,3
25,66500,MORTGAGE,9,DEBTCONSOLIDATION,B,5000,9.63,0,0.08,N,3
25,48000,RENT,3,PERSONAL,A,5000,9.63,0,0.1,N,3
25,76344,RENT,2,EDUCATION,A,5000,9.63,0,0.07,N,3
25,13296,RENT,,HOMEIMPROVEMENT,B,4950,9.63,1,0.37,N,3
25,36500,MORTGAGE,7,DEBTCONSOLIDATION,A,3200,9.63,0,0.09,N,3
25,45000,RENT,9,DEBTCONSOLIDATION,B,12000,9.62,0,0.27,N,3
25,33996,RENT,0,VENTURE,A,5000,9.38,0,0.15,N,3
25,57504,RENT,2,HOMEIMPROVEMENT,A,16500,9.32,1,0.29,N,3
25,90000,MORTGAGE,7,VENTURE,A,11000,9.32,0,0.12,N,3
25,35364,RENT,0,EDUCATION,A,10000,9.32,0,0.28,N,3
25,110000,OTHER,8,VENTURE,A,8000,9.32,0,0.07,N,3
25,54000,RENT,1,VENTURE,A,3000,9.32,0,0.06,N,3
25,66300,RENT,3,MEDICAL,B,7000,9.25,1,0.09,N,3
25,33600,RENT,6,MEDICAL,B,5600,9.25,0,0.17,N,3
25,45000,MORTGAGE,9,DEBTCONSOLIDATION,B,4000,9.25,0,0.09,N,3
25,42000,RENT,2,MEDICAL,B,2000,9.25,0,0.05,N,3
25,42000,RENT,2,VENTURE,B,2000,9.25,0,0.05,N,3
25,46000,RENT,3,DEBTCONSOLIDATION,A,7000,9.07,0,0.15,N,3
25,39996,OWN,2,VENTURE,A,12000,8.94,0,0.3,N,3
25,52704,MORTGAGE,6,DEBTCONSOLIDATION,A,11000,8.94,0,0.21,N,3
25,55000,MORTGAGE,9,PERSONAL,A,10200,8.94,0,0.19,N,3
25,44000,RENT,0,MEDICAL,A,9000,8.94,0,0.2,N,3
25,40000,RENT,2,DEBTCONSOLIDATION,A,7000,8.94,0,0.17,N,3
25,35000,RENT,2,PERSONAL,A,7000,8.94,0,0.2,N,3
25,32000,RENT,3,DEBTCONSOLIDATION,A,3000,8.94,0,0.09,N,3
25,31500,RENT,8,DEBTCONSOLIDATION,A,14850,8.9,1,0.47,N,3
25,42900,RENT,5,PERSONAL,A,12000,8.9,0,0.28,N,3
25,30000,RENT,0,HOMEIMPROVEMENT,A,8300,8.9,1,0.28,N,3
25,24000,RENT,6,PERSONAL,A,7700,8.9,1,0.32,N,3
25,150000,MORTGAGE,9,PERSONAL,A,7500,8.9,0,0.05,N,3
25,26400,MORTGAGE,1,HOMEIMPROVEMENT,A,7500,8.9,0,0.28,N,3
25,35000,RENT,9,MEDICAL,A,7200,8.9,0,0.21,N,3
25,34000,RENT,0,VENTURE,A,6650,8.9,0,0.2,N,3
25,100000,MORTGAGE,9,PERSONAL,A,6000,8.9,0,0.06,N,3
25,28675,RENT,1,DEBTCONSOLIDATION,A,6000,8.9,0,0.21,N,3
25,31200,RENT,4,MEDICAL,A,4200,8.9,0,0.13,N,3
25,62500,RENT,9,EDUCATION,A,4000,8.9,0,0.06,N,3
25,55000,RENT,9,DEBTCONSOLIDATION,A,3600,8.9,0,0.07,N,3
25,140000,MORTGAGE,10,MEDICAL,B,22000,8.88,0,0.16,N,3
25,54000,RENT,6,PERSONAL,B,20000,8.88,1,0.37,N,3
25,39600,MORTGAGE,9,PERSONAL,B,5000,8.88,0,0.13,N,3
25,67000,MORTGAGE,0,EDUCATION,A,7000,8.63,0,0.1,N,3
25,46800,RENT,0,DEBTCONSOLIDATION,A,7000,8.63,0,0.15,N,3
25,13200,RENT,0,DEBTCONSOLIDATION,A,6625,8.63,1,0.5,N,3
25,19404,RENT,0,DEBTCONSOLIDATION,A,4000,8.63,1,0.21,N,3
25,60000,RENT,9,PERSONAL,A,2500,8.63,0,0.04,N,3
25,42000,MORTGAGE,5,DEBTCONSOLIDATION,A,7000,8.59,0,0.17,N,3
25,47412,MORTGAGE,0,EDUCATION,A,6500,8.59,0,0.14,N,3
25,70000,OWN,9,HOMEIMPROVEMENT,A,5000,8.59,0,0.07,N,3
25,45000,MORTGAGE,3,DEBTCONSOLIDATION,A,4000,8.59,0,0.09,N,3
25,55000,MORTGAGE,3,DEBTCONSOLIDATION,A,24200,8.49,0,0.44,N,3
25,74000,OWN,1,VENTURE,A,16000,8.49,0,0.22,N,3
25,74000,OWN,1,MEDICAL,A,16000,8.49,0,0.22,N,3
25,60000,MORTGAGE,9,VENTURE,A,15000,8.49,0,0.25,N,3
25,75000,OWN,6,MEDICAL,A,11000,8.49,0,0.15,N,3
25,38014,MORTGAGE,4,HOMEIMPROVEMENT,A,10000,8.49,0,0.26,N,3
25,145000,MORTGAGE,9,HOMEIMPROVEMENT,A,8000,8.49,0,0.06,N,3
25,46000,RENT,9,MEDICAL,A,7000,8.49,0,0.15,N,3
25,52000,MORTGAGE,3,PERSONAL,A,6000,8.49,0,0.12,N,3
25,26400,RENT,5,EDUCATION,A,5300,8.49,0,0.2,N,3
25,120000,MORTGAGE,9,MEDICAL,A,5000,8.49,0,0.04,N,3
25,33000,MORTGAGE,9,VENTURE,A,5000,8.49,0,0.15,N,3
25,109000,MORTGAGE,5,VENTURE,A,5000,8.49,0,0.05,N,3
25,48000,MORTGAGE,8,PERSONAL,A,2250,8.49,1,0.05,N,3
25,107000,RENT,0,VENTURE,A,10000,8.38,0,0.09,N,3
25,32000,RENT,4,VENTURE,A,5100,8.38,0,0.16,N,3
25,50000,MORTGAGE,9,EDUCATION,A,6400,8.32,0,0.13,N,3
25,59000,MORTGAGE,6,MEDICAL,A,5100,8.32,0,0.09,N,3
25,49244,RENT,3,EDUCATION,A,8000,8,0,0.16,N,3
25,45000,MORTGAGE,7,EDUCATION,A,7500,8,0,0.17,N,3
25,57000,RENT,5,PERSONAL,A,6000,8,0,0.11,N,3
25,68496,RENT,1,VENTURE,A,6000,8,0,0.09,N,3
25,33000,MORTGAGE,4,EDUCATION,A,4400,8,0,0.13,N,3
25,128600,MORTGAGE,9,PERSONAL,A,28000,7.9,0,0.22,N,3
25,126000,MORTGAGE,9,EDUCATION,A,15000,7.9,0,0.12,N,3
25,125000,OWN,9,PERSONAL,A,15000,7.9,0,0.12,N,3
25,28000,RENT,10,PERSONAL,A,13000,7.9,1,0.46,N,3
25,60000,MORTGAGE,9,EDUCATION,A,12000,7.9,0,0.2,N,3
25,48226,RENT,9,MEDICAL,A,7000,7.9,0,0.15,N,3
25,80000,MORTGAGE,7,HOMEIMPROVEMENT,A,6000,7.9,0,0.07,N,3
25,32000,MORTGAGE,8,DEBTCONSOLIDATION,A,5600,7.9,0,0.17,N,3
25,70000,RENT,3,MEDICAL,A,5600,7.9,0,0.08,N,3
25,27096,RENT,7,EDUCATION,A,5000,7.9,1,0.18,N,3
25,76000,RENT,1,DEBTCONSOLIDATION,A,5000,7.9,0,0.07,N,3
25,76000,RENT,1,EDUCATION,A,5000,7.9,0,0.07,N,3
25,30000,RENT,,EDUCATION,A,5000,7.9,0,0.17,N,3
25,55200,RENT,2,MEDICAL,A,4800,7.9,0,0.09,N,3
25,67000,MORTGAGE,3,PERSONAL,A,3000,7.9,0,0.04,N,3
25,100000,RENT,3,DEBTCONSOLIDATION,A,2600,7.9,0,0.03,N,3
25,30720,RENT,4,MEDICAL,A,2400,7.9,0,0.08,N,3
25,72000,RENT,,MEDICAL,A,17000,7.88,0,0.24,N,3
25,72000,RENT,,DEBTCONSOLIDATION,A,17000,7.88,0,0.24,N,3
25,72000,MORTGAGE,9,DEBTCONSOLIDATION,A,15000,7.88,0,0.21,N,3
25,125004,MORTGAGE,0,HOMEIMPROVEMENT,A,15000,7.88,0,0.12,N,3
25,80000,MORTGAGE,9,VENTURE,A,12000,7.88,0,0.15,N,3
25,80000,MORTGAGE,9,VENTURE,A,12000,7.88,0,0.15,N,3
25,52000,MORTGAGE,5,HOMEIMPROVEMENT,A,12000,7.88,0,0.23,N,3
25,125000,OWN,4,VENTURE,A,12000,7.88,0,0.1,N,3
25,74000,RENT,2,VENTURE,A,12000,7.88,0,0.16,N,3
25,108000,MORTGAGE,5,VENTURE,A,10000,7.88,0,0.09,N,3
25,62000,MORTGAGE,5,DEBTCONSOLIDATION,A,10000,7.88,0,0.16,N,3
25,43000,MORTGAGE,5,DEBTCONSOLIDATION,A,10000,7.88,0,0.23,N,3
25,43000,MORTGAGE,5,DEBTCONSOLIDATION,A,10000,7.88,0,0.23,N,3
25,65000,OWN,3,VENTURE,A,8700,7.88,0,0.13,N,3
25,63000,RENT,9,EDUCATION,A,7200,7.88,0,0.11,N,3
25,57600,MORTGAGE,4,PERSONAL,A,7000,7.88,0,0.12,N,3
25,38000,RENT,3,VENTURE,A,6400,7.88,0,0.17,N,3
25,84000,RENT,5,VENTURE,A,6300,7.88,0,0.07,N,3
25,90000,RENT,4,HOMEIMPROVEMENT,A,6000,7.88,0,0.07,N,3
25,54000,RENT,9,EDUCATION,A,5400,7.88,0,0.1,N,3
25,45000,MORTGAGE,4,MEDICAL,A,5000,7.88,0,0.11,N,3
25,85000,MORTGAGE,9,MEDICAL,A,4000,7.88,0,0.05,N,3
25,24000,RENT,2,VENTURE,A,4000,7.75,0,0.17,N,3
25,29328,MORTGAGE,9,DEBTCONSOLIDATION,A,10000,7.74,0,0.34,N,3
25,75996,MORTGAGE,9,MEDICAL,A,9000,7.74,0,0.12,N,3
25,45000,MORTGAGE,9,DEBTCONSOLIDATION,A,3200,7.74,0,0.07,N,3
25,32000,MORTGAGE,1,HOMEIMPROVEMENT,A,2500,7.68,1,0.08,N,3
25,72000,OWN,8,EDUCATION,A,18000,7.66,0,0.25,N,3
25,76000,MORTGAGE,4,HOMEIMPROVEMENT,A,14000,7.66,0,0.18,N,3
25,32000,RENT,7,DEBTCONSOLIDATION,A,11000,7.66,1,0.34,N,3
25,43000,RENT,4,EDUCATION,A,10000,7.66,0,0.23,N,3
25,48360,MORTGAGE,9,EDUCATION,A,6000,7.66,0,0.12,N,3
25,150000,MORTGAGE,4,EDUCATION,A,6000,7.66,0,0.04,N,3
25,40000,RENT,0,EDUCATION,A,6000,7.66,0,0.15,N,3
25,78000,RENT,3,DEBTCONSOLIDATION,A,5000,7.66,0,0.06,N,3
25,72000,MORTGAGE,1,HOMEIMPROVEMENT,A,2100,7.66,0,0.03,N,3
25,44000,RENT,2,VENTURE,A,2000,7.66,0,0.05,N,3
25,60000,RENT,0,MEDICAL,A,1200,7.66,0,0.02,N,3
25,60000,RENT,0,DEBTCONSOLIDATION,A,1200,7.66,0,0.02,N,3
25,49000,RENT,3,EDUCATION,A,1000,7.66,0,0.02,N,3
25,56900,MORTGAGE,9,PERSONAL,A,25000,7.51,0,0.44,N,3
25,141996,MORTGAGE,0,PERSONAL,A,14000,7.51,0,0.1,N,3
25,78000,MORTGAGE,0,VENTURE,A,14000,7.51,0,0.18,N,3
25,63720,MORTGAGE,8,HOMEIMPROVEMENT,A,12500,7.51,0,0.2,N,3
25,30000,RENT,4,MEDICAL,A,10000,7.51,1,0.33,N,3
25,115000,RENT,2,HOMEIMPROVEMENT,A,9000,7.51,0,0.08,N,3
25,47000,RENT,1,DEBTCONSOLIDATION,A,9000,7.51,0,0.19,N,3
25,75000,MORTGAGE,1,MEDICAL,A,8000,7.51,0,0.11,N,3
25,90000,MORTGAGE,9,VENTURE,A,7750,7.51,0,0.09,N,3
25,33600,MORTGAGE,9,MEDICAL,A,7125,7.51,0,0.21,N,3
25,43000,RENT,6,PERSONAL,A,5000,7.51,0,0.12,N,3
25,42000,RENT,3,MEDICAL,A,5000,7.51,0,0.12,N,3
25,80000,MORTGAGE,2,MEDICAL,A,5000,7.51,0,0.06,N,3
25,45000,RENT,9,EDUCATION,A,4800,7.51,0,0.11,N,3
25,15600,RENT,3,PERSONAL,A,4500,7.51,1,0.29,N,3
25,44196,MORTGAGE,8,HOMEIMPROVEMENT,A,4000,7.51,0,0.09,N,3
25,35000,RENT,4,EDUCATION,A,4000,7.51,0,0.11,N,3
25,31800,RENT,2,PERSONAL,A,3600,7.51,0,0.11,N,3
25,28000,RENT,6,DEBTCONSOLIDATION,A,1000,7.51,0,0.04,N,3
25,96000,MORTGAGE,5,DEBTCONSOLIDATION,A,35000,7.49,0,0.36,N,3
25,94400,MORTGAGE,4,PERSONAL,A,35000,7.49,0,0.37,N,3
25,190000,MORTGAGE,6,HOMEIMPROVEMENT,A,24000,7.49,0,0.13,N,3
25,50000,RENT,10,DEBTCONSOLIDATION,A,20000,7.49,1,0.4,N,3
25,75000,RENT,0,EDUCATION,A,18500,7.49,0,0.25,N,3
25,35000,RENT,1,VENTURE,A,15000,7.49,1,0.43,N,3
25,28800,RENT,6,MEDICAL,A,14800,7.49,1,0.51,N,3
25,154000,MORTGAGE,4,MEDICAL,A,12225,7.49,0,0.08,N,3
25,73000,RENT,1,EDUCATION,A,12000,7.49,0,0.16,N,3
25,155004,MORTGAGE,9,DEBTCONSOLIDATION,A,10500,7.49,0,0.07,N,3
25,75000,RENT,9,PERSONAL,A,10000,7.49,0,0.13,N,3
25,50000,RENT,6,EDUCATION,A,10000,7.49,0,0.2,N,3
25,69000,MORTGAGE,7,HOMEIMPROVEMENT,A,9600,7.49,0,0.14,N,3
25,55000,MORTGAGE,9,VENTURE,A,6500,7.49,0,0.12,N,3
25,13440,RENT,3,MEDICAL,A,6000,7.49,1,0.45,N,3
25,49200,MORTGAGE,6,MEDICAL,A,5600,7.49,0,0.11,N,3
25,36000,MORTGAGE,3,MEDICAL,A,5300,7.49,0,0.15,N,3
25,36000,MORTGAGE,3,PERSONAL,A,5300,7.49,0,0.15,N,3
25,62000,RENT,0,EDUCATION,A,5000,7.49,0,0.08,N,3
25,51300,RENT,9,DEBTCONSOLIDATION,A,3600,7.49,0,0.07,N,3
25,40000,MORTGAGE,0,MEDICAL,A,3600,7.49,0,0.09,N,3
25,77000,MORTGAGE,9,DEBTCONSOLIDATION,A,3000,7.49,0,0.04,N,3
25,85000,MORTGAGE,0,EDUCATION,A,2800,7.49,0,0.03,N,3
25,10008,RENT,,VENTURE,A,1750,7.49,1,0.17,N,3
25,42769,RENT,3,EDUCATION,A,1500,7.49,0,0.04,N,3
25,82560,RENT,6,DEBTCONSOLIDATION,A,4500,7.42,0,0.05,N,3
25,35392,RENT,9,EDUCATION,A,6000,7.4,0,0.17,N,3
25,44000,MORTGAGE,7,HOMEIMPROVEMENT,A,5000,7.4,0,0.11,N,3
25,19000,OWN,3,DEBTCONSOLIDATION,A,4000,7.4,1,0.21,N,3
25,98000,OWN,0,HOMEIMPROVEMENT,A,2000,7.37,0,0.02,N,3
25,81000,RENT,5,DEBTCONSOLIDATION,A,25000,7.29,1,0.31,N,3
25,75000,MORTGAGE,7,HOMEIMPROVEMENT,A,12000,7.29,0,0.16,N,3
25,61000,RENT,2,DEBTCONSOLIDATION,A,12000,7.29,0,0.2,N,3
25,35220,RENT,2,DEBTCONSOLIDATION,A,10500,7.29,0,0.3,N,3
25,50004,OWN,1,VENTURE,A,10000,7.29,0,0.2,N,3
25,44000,RENT,9,MEDICAL,A,9000,7.29,0,0.2,N,3
25,63000,RENT,3,MEDICAL,A,8900,7.29,0,0.14,N,3
25,117014,MORTGAGE,5,EDUCATION,A,8400,7.29,0,0.07,N,3
25,74000,RENT,9,HOMEIMPROVEMENT,A,8000,7.29,1,0.11,N,3
25,78000,RENT,3,HOMEIMPROVEMENT,A,5950,7.29,0,0.08,N,3
25,85000,RENT,9,HOMEIMPROVEMENT,A,5750,7.29,0,0.07,N,3
25,60000,MORTGAGE,1,VENTURE,A,5000,7.29,0,0.08,N,3
25,20000,RENT,2,VENTURE,A,4000,7.29,0,0.2,N,3
25,38748,RENT,2,PERSONAL,A,3000,7.29,0,0.08,N,3
25,101424,RENT,6,PERSONAL,A,2000,7.29,0,0.02,N,3
25,32000,RENT,1,DEBTCONSOLIDATION,A,1500,7.29,0,0.05,N,3
25,49600,RENT,9,MEDICAL,A,12000,7.14,0,0.24,N,3
25,68000,RENT,2,DEBTCONSOLIDATION,A,9500,7.14,0,0.14,N,3
25,58000,MORTGAGE,9,MEDICAL,A,8500,7.14,0,0.15,N,3
25,43000,RENT,2,VENTURE,A,7800,7.14,0,0.18,N,3
25,95000,MORTGAGE,4,EDUCATION,A,6500,7.14,0,0.07,N,3
25,90000,MORTGAGE,7,PERSONAL,A,6000,7.14,0,0.07,N,3
25,90000,MORTGAGE,7,DEBTCONSOLIDATION,A,6000,7.14,0,0.07,N,3
25,19200,RENT,3,MEDICAL,A,6000,7.14,1,0.31,N,3
25,100000,MORTGAGE,9,PERSONAL,A,4800,7.14,0,0.05,N,3
25,32000,RENT,0,EDUCATION,A,4800,7.14,0,0.15,N,3
25,48000,MORTGAGE,3,DEBTCONSOLIDATION,A,4000,7.14,0,0.08,N,3
25,48000,OWN,0,VENTURE,A,7500,7.05,0,0.16,N,3
25,66143,RENT,9,EDUCATION,A,24000,6.99,1,0.36,N,3
25,96000,MORTGAGE,10,VENTURE,A,20000,6.99,0,0.21,N,3
25,53000,RENT,10,DEBTCONSOLIDATION,A,13500,6.99,0,0.25,N,3
25,49000,MORTGAGE,9,DEBTCONSOLIDATION,A,7000,6.99,0,0.14,N,3
25,49000,MORTGAGE,9,PERSONAL,A,7000,6.99,0,0.14,N,3
25,90000,MORTGAGE,9,MEDICAL,A,6000,6.99,0,0.07,N,3
25,59000,MORTGAGE,5,HOMEIMPROVEMENT,A,6000,6.99,0,0.1,N,3
25,110000,MORTGAGE,5,EDUCATION,A,10800,6.92,0,0.1,N,3
25,30000,MORTGAGE,,HOMEIMPROVEMENT,A,8000,6.92,0,0.27,N,3
25,26004,RENT,8,DEBTCONSOLIDATION,A,7000,6.92,0,0.27,N,3
25,126000,MORTGAGE,,DEBTCONSOLIDATION,A,6000,6.92,0,0.05,N,3
25,39996,RENT,3,MEDICAL,A,5000,6.92,0,0.13,N,3
25,30996,RENT,9,VENTURE,A,4500,6.92,0,0.15,N,3
25,31200,RENT,7,MEDICAL,A,3500,6.92,0,0.11,N,3
25,45000,MORTGAGE,2,MEDICAL,A,3000,6.92,0,0.07,N,3
25,44000,RENT,1,EDUCATION,A,2800,6.92,0,0.06,N,3
25,60626,MORTGAGE,4,DEBTCONSOLIDATION,A,2500,6.92,0,0.04,N,3
25,79000,MORTGAGE,3,HOMEIMPROVEMENT,A,20000,6.91,0,0.25,N,3
25,55000,RENT,3,DEBTCONSOLIDATION,A,20000,6.91,1,0.36,N,3
25,45000,MORTGAGE,0,DEBTCONSOLIDATION,A,4325,6.91,0,0.1,N,3
25,60900,RENT,2,PERSONAL,A,3600,6.91,0,0.06,N,3
25,15000,OWN,9,VENTURE,A,2000,6.91,0,0.13,N,3
25,46500,RENT,5,EDUCATION,A,9500,6.76,0,0.2,N,3
25,59436,MORTGAGE,1,DEBTCONSOLIDATION,A,7500,6.76,0,0.13,N,3
25,120000,MORTGAGE,4,HOMEIMPROVEMENT,A,6000,6.76,0,0.05,N,3
25,50000,MORTGAGE,4,PERSONAL,A,6000,6.76,0,0.12,N,3
25,83004,MORTGAGE,9,DEBTCONSOLIDATION,A,5000,6.76,0,0.06,N,3
25,46800,RENT,9,MEDICAL,A,5000,6.76,0,0.11,N,3
25,41004,OWN,9,VENTURE,A,4000,6.76,0,0.1,N,3
25,49000,OWN,4,VENTURE,A,2500,6.76,0,0.05,N,3
25,165000,RENT,3,EDUCATION,A,14950,6.62,0,0.09,N,3
25,115200,MORTGAGE,1,VENTURE,A,14000,6.62,0,0.12,N,3
25,100000,MORTGAGE,9,HOMEIMPROVEMENT,A,11650,6.62,0,0.12,N,3
25,80000,MORTGAGE,4,PERSONAL,A,11000,6.62,0,0.14,N,3
25,120000,MORTGAGE,5,MEDICAL,A,10000,6.62,0,0.08,N,3
25,45000,MORTGAGE,3,EDUCATION,A,9000,6.62,0,0.2,N,3
25,33000,MORTGAGE,6,VENTURE,A,8000,6.62,0,0.24,N,3
25,53000,MORTGAGE,4,HOMEIMPROVEMENT,A,6000,6.62,0,0.11,N,3
25,36000,RENT,3,VENTURE,A,3500,6.62,0,0.1,N,3
25,90000,MORTGAGE,9,EDUCATION,A,20000,6.54,0,0.22,N,3
25,90000,MORTGAGE,9,VENTURE,A,20000,6.54,0,0.22,N,3
25,62000,RENT,3,MEDICAL,A,20000,6.54,1,0.32,N,3
25,80000,MORTGAGE,9,DEBTCONSOLIDATION,A,13000,6.54,0,0.16,N,3
25,123996,OWN,9,HOMEIMPROVEMENT,A,10000,6.54,0,0.08,N,3
25,25716,RENT,1,MEDICAL,A,9250,6.54,1,0.36,N,3
25,103500,MORTGAGE,0,PERSONAL,A,7500,6.54,0,0.07,N,3
25,130000,MORTGAGE,0,HOMEIMPROVEMENT,A,6325,6.54,0,0.05,N,3
25,78200,MORTGAGE,9,MEDICAL,A,6000,6.54,0,0.08,N,3
25,85000,MORTGAGE,6,HOMEIMPROVEMENT,A,4000,6.54,0,0.05,N,3
25,45600,RENT,2,MEDICAL,A,4000,6.54,0,0.09,N,3
25,52000,RENT,0,HOMEIMPROVEMENT,A,3625,6.54,0,0.07,N,3
25,85100,MORTGAGE,9,PERSONAL,A,4500,6.39,0,0.05,N,3
25,28000,RENT,6,VENTURE,A,4000,6.39,0,0.14,N,3
25,72000,MORTGAGE,9,EDUCATION,A,3200,6.39,0,0.04,N,3
25,52000,MORTGAGE,9,HOMEIMPROVEMENT,A,24500,6.17,0,0.47,N,3
25,57000,RENT,2,PERSONAL,A,9500,6.17,0,0.17,N,3
25,60000,OWN,4,HOMEIMPROVEMENT,A,6500,6.17,0,0.11,N,3
25,82729,OWN,8,VENTURE,A,4800,6.17,0,0.06,N,3
25,182952,MORTGAGE,9,PERSONAL,A,15000,6.03,0,0.08,N,3
25,53481,OWN,4,EDUCATION,A,15000,6.03,0,0.28,N,3
25,100000,MORTGAGE,0,EDUCATION,A,15000,6.03,0,0.15,N,3
25,96000,MORTGAGE,9,MEDICAL,A,14000,6.03,0,0.15,N,3
25,74000,MORTGAGE,9,VENTURE,A,12000,6.03,0,0.16,N,3
25,60000,MORTGAGE,9,DEBTCONSOLIDATION,A,9600,6.03,0,0.16,N,3
25,28000,MORTGAGE,,MEDICAL,A,9600,6.03,0,0.34,N,3
25,82000,RENT,2,MEDICAL,A,9200,6.03,0,0.11,N,3
25,82000,RENT,2,PERSONAL,A,9200,6.03,0,0.11,N,3
25,77000,MORTGAGE,8,HOMEIMPROVEMENT,A,9000,6.03,0,0.12,N,3
25,38496,MORTGAGE,7,HOMEIMPROVEMENT,A,8000,6.03,0,0.21,N,3
25,76460,RENT,1,MEDICAL,A,8000,6.03,0,0.1,N,3
25,44000,MORTGAGE,6,HOMEIMPROVEMENT,A,7000,6.03,0,0.16,N,3
25,73000,MORTGAGE,0,VENTURE,A,6500,6.03,0,0.09,N,3
25,55000,MORTGAGE,1,EDUCATION,A,6400,6.03,0,0.12,N,3
25,59000,MORTGAGE,9,DEBTCONSOLIDATION,A,5000,6.03,1,0.08,N,3
25,30000,MORTGAGE,9,VENTURE,A,5000,6.03,0,0.17,N,3
25,72000,MORTGAGE,2,MEDICAL,A,5000,6.03,0,0.07,N,3
25,37980,MORTGAGE,7,PERSONAL,A,3500,6.03,0,0.09,N,3
25,50000,RENT,5,HOMEIMPROVEMENT,A,3000,6.03,0,0.06,N,3
25,50000,MORTGAGE,0,DEBTCONSOLIDATION,A,2600,6.03,0,0.05,N,3
25,50000,MORTGAGE,0,VENTURE,A,2600,6.03,0,0.05,N,3
25,62500,MORTGAGE,5,DEBTCONSOLIDATION,C,15000,6,0,0.24,N,3
25,62000,RENT,3,VENTURE,A,17000,5.99,0,0.27,N,3
25,51300,MORTGAGE,7,VENTURE,A,11000,5.99,0,0.21,N,3
25,125000,MORTGAGE,3,VENTURE,A,10000,5.99,0,0.08,N,3
25,36000,OWN,2,MEDICAL,A,8400,5.99,0,0.23,N,3
25,24000,MORTGAGE,,DEBTCONSOLIDATION,A,5800,5.99,0,0.24,N,3
25,43738,RENT,0,DEBTCONSOLIDATION,A,4500,5.99,0,0.1,N,3
25,60000,MORTGAGE,10,PERSONAL,A,3600,5.99,0,0.06,N,3
25,21600,RENT,4,EDUCATION,A,2500,5.99,0,0.12,N,3
25,80000,MORTGAGE,5,PERSONAL,A,18000,5.79,0,0.23,N,3
25,185000,MORTGAGE,3,EDUCATION,A,12000,5.79,0,0.06,N,3
25,36000,RENT,,EDUCATION,A,12000,5.79,1,0.33,N,3
25,79000,MORTGAGE,9,MEDICAL,A,10000,5.79,0,0.13,N,3
25,52000,RENT,1,VENTURE,A,10000,5.79,0,0.19,N,3
25,26000,OWN,,EDUCATION,A,10000,5.79,0,0.38,N,3
25,33000,RENT,3,PERSONAL,A,9000,5.79,0,0.27,N,3
25,150000,MORTGAGE,9,EDUCATION,A,8200,5.79,0,0.05,N,3
25,100000,MORTGAGE,0,EDUCATION,A,7000,5.79,0,0.07,N,3
25,84000,RENT,9,DEBTCONSOLIDATION,A,3000,5.79,0,0.04,N,3
25,70000,MORTGAGE,6,VENTURE,A,14000,5.42,0,0.2,N,3
25,46000,RENT,9,PERSONAL,A,12000,5.42,0,0.26,N,3
25,60000,RENT,3,VENTURE,A,12000,5.42,0,0.2,N,3
25,24000,OWN,7,HOMEIMPROVEMENT,A,6000,5.42,0,0.25,N,3
25,69900,MORTGAGE,9,DEBTCONSOLIDATION,A,5050,5.42,0,0.07,N,3
25,56000,MORTGAGE,,EDUCATION,A,5000,5.42,0,0.09,N,3
25,120000,MORTGAGE,7,MEDICAL,A,4000,5.42,0,0.03,N,3
25,80208,MORTGAGE,1,MEDICAL,A,4000,5.42,0,0.05,N,3
25,49920,MORTGAGE,9,DEBTCONSOLIDATION,A,3325,5.42,0,0.07,N,3
25,30000,RENT,0,DEBTCONSOLIDATION,A,3250,5.42,0,0.11,N,3
25,40000,RENT,9,EDUCATION,A,2400,5.42,0,0.06,N,3
25,42500,MORTGAGE,9,EDUCATION,A,2000,5.42,0,0.05,N,3
25,80400,MORTGAGE,9,DEBTCONSOLIDATION,A,1000,5.42,0,0.01,N,3
25,28800,MORTGAGE,,EDUCATION,A,1000,5.42,0,0.03,N,3
25,130000,MORTGAGE,9,HOMEIMPROVEMENT,B,35000,,0,0.27,N,3
25,133119,MORTGAGE,10,DEBTCONSOLIDATION,B,25000,,0,0.19,N,3
25,111996,RENT,9,PERSONAL,D,24250,,0,0.22,N,3
25,60000,RENT,9,EDUCATION,B,20000,,1,0.33,N,3
25,96901,RENT,3,PERSONAL,C,20000,,1,0.21,N,3
25,90000,MORTGAGE,2,PERSONAL,C,20000,,0,0.22,Y,3
25,77000,RENT,9,VENTURE,B,19200,,0,0.25,N,3
25,38000,MORTGAGE,1,VENTURE,B,18800,,0,0.49,N,3
25,65000,RENT,8,VENTURE,A,18000,,0,0.28,N,3
25,65000,RENT,8,HOMEIMPROVEMENT,C,18000,,0,0.28,N,3
25,68250,MORTGAGE,3,EDUCATION,A,17000,,0,0.25,N,3
25,135000,MORTGAGE,0,VENTURE,D,16000,,0,0.12,Y,3
25,80000,MORTGAGE,0,MEDICAL,B,15500,,0,0.19,N,3
25,55000,MORTGAGE,10,EDUCATION,C,15000,,0,0.27,Y,3
25,60000,RENT,7,DEBTCONSOLIDATION,B,15000,,0,0.25,N,3
25,36000,RENT,6,PERSONAL,B,15000,,1,0.42,N,3
25,100000,MORTGAGE,5,MEDICAL,B,15000,,0,0.15,N,3
25,45000,RENT,4,DEBTCONSOLIDATION,C,15000,,1,0.33,N,3
25,125000,RENT,0,VENTURE,A,15000,,0,0.12,N,3
25,40000,RENT,9,PERSONAL,D,13250,,1,0.33,N,3
25,80000,OWN,9,VENTURE,C,12800,,0,0.16,N,3
25,57500,MORTGAGE,5,MEDICAL,C,12275,,0,0.21,Y,3
25,57500,MORTGAGE,5,HOMEIMPROVEMENT,C,12275,,0,0.21,N,3
25,31000,OWN,8,PERSONAL,A,12000,,0,0.39,N,3
25,50400,RENT,7,DEBTCONSOLIDATION,B,12000,,0,0.24,N,3
25,125000,MORTGAGE,5,HOMEIMPROVEMENT,C,12000,,0,0.1,Y,3
25,93000,RENT,3,EDUCATION,B,12000,,0,0.13,N,3
25,93000,RENT,3,HOMEIMPROVEMENT,B,12000,,0,0.13,N,3
25,75000,MORTGAGE,2,DEBTCONSOLIDATION,C,12000,,0,0.16,Y,3
25,120000,RENT,1,HOMEIMPROVEMENT,A,12000,,0,0.1,N,3
25,75000,RENT,1,HOMEIMPROVEMENT,C,11250,,0,0.15,N,3
25,80000,RENT,0,HOMEIMPROVEMENT,B,11200,,0,0.14,N,3
25,63000,MORTGAGE,6,VENTURE,F,11000,,0,0.17,Y,3
25,50000,OWN,3,MEDICAL,A,10000,,0,0.2,N,3
25,74000,MORTGAGE,1,EDUCATION,A,10000,,0,0.14,N,3
25,60000,RENT,4,PERSONAL,A,9800,,0,0.16,N,3
25,33600,OWN,9,VENTURE,A,9750,,0,0.29,N,3
25,46000,RENT,1,MEDICAL,B,9500,,0,0.21,N,3
25,42000,MORTGAGE,9,EDUCATION,A,9100,,0,0.22,N,3
25,42000,MORTGAGE,9,MEDICAL,A,9100,,0,0.22,N,3
25,57700,MORTGAGE,9,HOMEIMPROVEMENT,A,9000,,0,0.16,N,3
25,46500,RENT,9,MEDICAL,C,9000,,0,0.19,N,3
25,24864,OWN,9,VENTURE,B,9000,,0,0.36,N,3
25,160000,MORTGAGE,2,EDUCATION,A,9000,,0,0.06,N,3
25,62604,RENT,2,PERSONAL,A,9000,,0,0.14,N,3
25,43200,RENT,10,VENTURE,B,8000,,0,0.19,N,3
25,135000,RENT,9,VENTURE,B,8000,,0,0.06,N,3
25,110000,MORTGAGE,9,EDUCATION,C,8000,,0,0.07,N,3
25,68000,MORTGAGE,9,DEBTCONSOLIDATION,B,8000,,0,0.12,N,3
25,60000,MORTGAGE,8,EDUCATION,C,8000,,0,0.13,N,3
25,110000,OWN,7,VENTURE,B,8000,,0,0.07,N,3
25,31008,RENT,7,MEDICAL,D,8000,,1,0.26,N,3
25,120000,RENT,1,EDUCATION,B,8000,,0,0.07,N,3
25,63000,MORTGAGE,9,DEBTCONSOLIDATION,B,7775,,0,0.12,N,3
25,22000,OWN,0,VENTURE,E,7500,,0,0.34,Y,3
25,22000,OWN,0,PERSONAL,E,7500,,0,0.34,N,3
25,46000,RENT,5,DEBTCONSOLIDATION,C,7200,,0,0.16,Y,3
25,30000,OWN,9,VENTURE,D,7000,,0,0.23,N,3
25,51996,MORTGAGE,6,VENTURE,C,7000,,0,0.13,N,3
25,60000,MORTGAGE,3,VENTURE,A,7000,,0,0.12,N,3
25,22880,RENT,2,VENTURE,C,7000,,1,0.31,N,3
25,18000,RENT,2,MEDICAL,A,6500,,1,0.36,N,3
25,61000,RENT,9,MEDICAL,A,6000,,0,0.1,N,3
25,82000,RENT,5,MEDICAL,C,6000,,0,0.07,N,3
25,82000,RENT,5,HOMEIMPROVEMENT,C,6000,,0,0.07,N,3
25,55000,RENT,3,HOMEIMPROVEMENT,B,6000,,0,0.11,N,3
25,28800,OWN,3,VENTURE,C,6000,,0,0.21,Y,3
25,62000,RENT,2,VENTURE,A,6000,,0,0.1,N,3
25,22800,RENT,,MEDICAL,B,6000,,0,0.26,N,3
25,40000,RENT,2,DEBTCONSOLIDATION,B,5600,,0,0.14,N,3
25,40000,RENT,6,VENTURE,B,5500,,0,0.14,N,3
25,45000,MORTGAGE,9,EDUCATION,A,5000,,0,0.11,N,3
25,30000,OWN,1,VENTURE,C,5000,,0,0.17,Y,3
25,71711,MORTGAGE,9,EDUCATION,B,4800,,0,0.07,N,3
25,48000,RENT,9,MEDICAL,B,4800,,0,0.1,N,3
25,40000,MORTGAGE,2,DEBTCONSOLIDATION,B,4750,,0,0.12,N,3
25,89016,MORTGAGE,9,MEDICAL,A,4500,,0,0.05,N,3
25,19200,RENT,5,DEBTCONSOLIDATION,B,4000,,1,0.21,N,3
25,19200,RENT,5,HOMEIMPROVEMENT,B,4000,,1,0.21,N,3
25,18000,MORTGAGE,1,MEDICAL,B,4000,,1,0.22,N,3
25,54000,RENT,1,PERSONAL,A,3600,,1,0.07,N,3
25,66660,RENT,0,EDUCATION,B,3500,,0,0.05,N,3
25,49000,OWN,6,VENTURE,C,3000,,0,0.06,N,3
25,41000,RENT,3,VENTURE,B,3000,,0,0.07,N,3
25,46250,RENT,2,MEDICAL,A,3000,,0,0.06,N,3
25,12000,OWN,0,MEDICAL,C,3000,,1,0.25,N,3
25,57000,RENT,9,HOMEIMPROVEMENT,C,1500,,0,0.03,N,3
25,39996,MORTGAGE,9,DEBTCONSOLIDATION,D,1500,,1,0.04,Y,3
25,35138,MORTGAGE,3,DEBTCONSOLIDATION,B,1000,,0,0.03,N,3
25,19200,OWN,2,VENTURE,B,1000,,0,0.05,N,3
25,29000,RENT,0,HOMEIMPROVEMENT,F,3000,20.25,1,0.1,Y,2
25,225000,MORTGAGE,0,HOMEIMPROVEMENT,E,30000,19.91,0,0.13,Y,2
25,58313,MORTGAGE,9,MEDICAL,E,5300,19.91,1,0.08,Y,2
25,136112,MORTGAGE,9,HOMEIMPROVEMENT,E,15600,19.42,1,0.11,N,2
25,50000,MORTGAGE,0,VENTURE,E,8000,19.42,0,0.16,N,2
25,96050,MORTGAGE,3,MEDICAL,E,35000,19.29,1,0.31,N,2
25,115000,OWN,5,VENTURE,F,8000,19.13,0,0.07,Y,2
25,45000,RENT,3,MEDICAL,E,13650,18.79,1,0.3,N,2
25,225000,MORTGAGE,0,VENTURE,F,25000,18.67,0,0.11,N,2
25,77000,MORTGAGE,1,DEBTCONSOLIDATION,F,7200,18.53,1,0.09,N,2
25,62400,OWN,7,PERSONAL,E,4000,18.39,1,0.06,Y,2
25,96000,MORTGAGE,9,PERSONAL,D,35000,18.25,0,0.36,Y,2
25,58000,RENT,5,DEBTCONSOLIDATION,D,15000,18.25,1,0.26,N,2
25,15600,OWN,0,VENTURE,F,3200,18.09,1,0.21,N,2
25,133000,MORTGAGE,8,DEBTCONSOLIDATION,F,3000,17.9,1,0.02,Y,2
25,39000,RENT,0,HOMEIMPROVEMENT,E,4000,17.74,1,0.1,N,2
25,30000,RENT,9,VENTURE,D,9000,17.58,0,0.3,N,2
25,60000,RENT,5,EDUCATION,D,3000,17.58,0,0.05,Y,2
25,55044,RENT,4,VENTURE,E,18250,17.56,1,0.33,N,2
25,82000,RENT,1,EDUCATION,E,22000,17.51,1,0.27,N,2
25,69000,RENT,9,PERSONAL,D,25000,17.49,1,0.36,N,2
25,29004,RENT,0,HOMEIMPROVEMENT,D,3200,17.49,1,0.11,Y,2
25,85000,RENT,7,MEDICAL,E,20000,17.39,1,0.2,N,2
25,42000,RENT,2,MEDICAL,D,6750,17.27,1,0.16,N,2
25,85584,MORTGAGE,10,DEBTCONSOLIDATION,E,24000,17.19,1,0.28,Y,2
25,30000,RENT,2,VENTURE,E,5200,17.19,1,0.17,Y,2
25,66000,RENT,9,PERSONAL,D,12000,16.89,1,0.18,N,2
25,54000,MORTGAGE,,DEBTCONSOLIDATION,D,10000,16.89,1,0.19,Y,2
25,72000,OWN,,HOMEIMPROVEMENT,E,18000,16.82,0,0.25,Y,2
25,50000,RENT,4,EDUCATION,E,10000,16.82,0,0.2,Y,2
25,137000,RENT,9,PERSONAL,E,34800,16.77,0,0.25,Y,2
25,62500,RENT,2,VENTURE,D,12000,16.77,1,0.19,N,2
25,54000,RENT,,HOMEIMPROVEMENT,D,12000,16.77,1,0.22,N,2
25,77954,RENT,9,DEBTCONSOLIDATION,D,11550,16.77,1,0.15,N,2
25,55000,MORTGAGE,4,MEDICAL,D,9000,16.77,1,0.16,Y,2
25,51000,MORTGAGE,9,DEBTCONSOLIDATION,D,5500,16.77,1,0.11,Y,2
25,27024,RENT,7,EDUCATION,E,2500,16.69,0,0.09,N,2
25,24000,RENT,4,MEDICAL,D,2000,16.59,0,0.08,N,2
25,225000,RENT,9,EDUCATION,D,12000,16.49,0,0.05,N,2
25,134300,RENT,3,MEDICAL,D,5000,16.49,1,0.03,N,2
25,70200,RENT,9,EDUCATION,E,18000,16.45,0,0.26,N,2
25,32000,RENT,9,MEDICAL,E,15000,16.45,1,0.47,Y,2
25,84000,RENT,1,VENTURE,E,8000,16.45,1,0.1,N,2
25,24000,RENT,0,VENTURE,E,7000,16.45,1,0.29,Y,2
25,32000,RENT,1,MEDICAL,E,2500,16.45,1,0.08,Y,2
25,25000,RENT,1,DEBTCONSOLIDATION,E,6000,16.4,1,0.24,N,2
25,144996,MORTGAGE,2,EDUCATION,E,25000,16.35,0,0.17,Y,2
25,65000,RENT,9,EDUCATION,E,15000,16.32,0,0.23,N,2
25,36996,RENT,2,EDUCATION,E,12450,16.32,1,0.34,N,2
25,86000,RENT,9,EDUCATION,D,16000,16.29,0,0.19,Y,2
25,30000,RENT,3,VENTURE,D,10500,16.29,1,0.35,N,2
25,29120,RENT,0,HOMEIMPROVEMENT,D,6400,16.29,1,0.22,N,2
25,35000,RENT,4,VENTURE,D,4000,16.29,0,0.11,Y,2
25,19800,RENT,9,MEDICAL,D,3625,16.29,1,0.18,N,2
25,216000,MORTGAGE,2,HOMEIMPROVEMENT,D,25000,16.07,0,0.12,N,2
25,51500,OTHER,1,MEDICAL,D,13000,16.07,1,0.25,N,2
25,33772,RENT,3,HOMEIMPROVEMENT,D,3600,16.02,1,0.11,Y,2
25,54400,RENT,10,MEDICAL,E,18000,16,1,0.28,Y,2
25,78000,MORTGAGE,9,DEBTCONSOLIDATION,D,8000,16,1,0.1,N,2
25,42000,RENT,7,EDUCATION,D,8675,15.99,0,0.21,Y,2
25,75000,RENT,5,PERSONAL,D,6400,15.99,0,0.09,Y,2
25,20000,OWN,0,PERSONAL,D,5650,15.99,0,0.28,Y,2
25,9600,RENT,4,MEDICAL,D,2100,15.99,1,0.22,N,2
25,47000,RENT,2,MEDICAL,C,12000,15.96,0,0.26,Y,2
25,50000,RENT,8,EDUCATION,C,4800,15.96,0,0.1,N,2
25,46200,RENT,1,DEBTCONSOLIDATION,F,2700,15.96,1,0.06,N,2
25,77000,MORTGAGE,9,HOMEIMPROVEMENT,D,14500,15.95,1,0.19,Y,2
25,30000,RENT,0,HOMEIMPROVEMENT,E,4800,15.95,1,0.16,Y,2
25,221850,MORTGAGE,9,MEDICAL,D,25000,15.7,1,0.1,N,2
25,42000,RENT,3,MEDICAL,D,3200,15.7,1,0.08,Y,2
25,20000,RENT,2,PERSONAL,D,2500,15.7,1,0.13,N,2
25,178364,MORTGAGE,9,PERSONAL,E,8000,15.68,0,0.04,Y,2
25,115000,MORTGAGE,1,EDUCATION,D,20000,15.65,0,0.17,Y,2
25,39000,RENT,6,EDUCATION,D,16000,15.65,1,0.41,N,2
25,44000,RENT,2,PERSONAL,D,10000,15.65,1,0.23,N,2
25,59000,RENT,3,MEDICAL,D,3500,15.65,1,0.06,N,2
25,54000,RENT,5,HOMEIMPROVEMENT,D,9600,15.62,1,0.18,N,2
25,32000,RENT,2,DEBTCONSOLIDATION,D,8575,15.62,1,0.27,Y,2
25,32000,RENT,2,MEDICAL,D,8575,15.62,1,0.27,N,2
25,39000,RENT,9,MEDICAL,D,7500,15.62,1,0.19,Y,2
25,59004,RENT,1,VENTURE,D,15000,15.58,1,0.25,N,2
25,33600,RENT,9,DEBTCONSOLIDATION,D,6000,15.58,1,0.18,Y,2
25,24000,MORTGAGE,2,PERSONAL,D,3500,15.58,1,0.15,Y,2
25,33600,RENT,0,EDUCATION,D,1000,15.57,1,0.03,Y,2
25,40800,RENT,,DEBTCONSOLIDATION,D,1000,15.57,1,0.02,N,2
25,66000,RENT,9,VENTURE,D,25000,15.33,1,0.38,Y,2
25,66000,RENT,9,EDUCATION,D,25000,15.33,1,0.38,N,2
25,77000,MORTGAGE,6,EDUCATION,D,8000,15.33,0,0.1,N,2
25,80000,MORTGAGE,10,EDUCATION,D,25000,15.31,0,0.31,N,2
25,52000,RENT,3,PERSONAL,D,13000,15.31,0,0.25,Y,2
25,19200,RENT,4,EDUCATION,D,6250,15.31,1,0.33,Y,2
25,90000,MORTGAGE,2,VENTURE,D,10000,15.28,0,0.11,Y,2
25,130000,RENT,0,PERSONAL,C,20000,15.27,0,0.15,N,2
25,185000,RENT,6,VENTURE,C,15000,15.27,0,0.08,N,2
25,60000,MORTGAGE,1,HOMEIMPROVEMENT,C,5000,15.27,0,0.08,Y,2
25,12732,RENT,,HOMEIMPROVEMENT,C,1550,15.27,1,0.12,N,2
25,105000,MORTGAGE,9,VENTURE,C,4800,15.23,0,0.05,Y,2
25,105000,MORTGAGE,9,HOMEIMPROVEMENT,C,4800,15.23,0,0.05,Y,2
25,9600,RENT,,MEDICAL,C,1200,15.23,0,0.13,N,2
25,36000,RENT,1,MEDICAL,D,15000,15.05,1,0.42,Y,2
25,36000,RENT,1,DEBTCONSOLIDATION,D,15000,15.05,1,0.42,Y,2
25,27048,OTHER,9,MEDICAL,D,8000,15.05,1,0.3,Y,2
25,170850,MORTGAGE,9,MEDICAL,F,6500,15.01,1,0.03,N,2
25,76800,MORTGAGE,9,DEBTCONSOLIDATION,D,15000,14.96,1,0.2,N,2
25,52000,RENT,4,VENTURE,D,6000,14.96,0,0.12,Y,2
25,49000,RENT,3,MEDICAL,D,4800,14.96,1,0.1,Y,2
25,42000,RENT,2,VENTURE,D,10000,14.91,1,0.24,N,2
25,59004,RENT,1,PERSONAL,D,20000,14.84,1,0.34,Y,2
25,72700,RENT,4,HOMEIMPROVEMENT,D,7000,14.84,0,0.1,Y,2
25,58800,RENT,4,EDUCATION,D,5000,14.84,0,0.09,N,2
25,39000,OWN,2,HOMEIMPROVEMENT,D,4400,14.84,0,0.11,N,2
25,30004,RENT,3,DEBTCONSOLIDATION,D,3800,14.84,1,0.13,N,2
25,84000,MORTGAGE,9,PERSONAL,D,3500,14.84,1,0.04,N,2
25,100000,MORTGAGE,2,VENTURE,C,16000,14.79,0,0.16,Y,2
25,42000,MORTGAGE,2,EDUCATION,C,7200,14.79,0,0.17,Y,2
25,43200,MORTGAGE,6,EDUCATION,C,3600,14.79,0,0.08,Y,2
25,23040,RENT,0,DEBTCONSOLIDATION,C,3200,14.79,0,0.14,N,2
25,61200,MORTGAGE,9,MEDICAL,D,20000,14.74,1,0.28,Y,2
25,50100,RENT,1,PERSONAL,D,12000,14.74,1,0.24,Y,2
25,175000,RENT,3,DEBTCONSOLIDATION,C,20000,14.72,0,0.11,Y,2
25,36000,RENT,9,DEBTCONSOLIDATION,C,6000,14.72,0,0.17,N,2
25,21812,RENT,7,EDUCATION,C,6000,14.72,0,0.28,Y,2
25,58000,RENT,0,MEDICAL,C,22000,14.65,1,0.38,N,2
25,61000,OWN,2,PERSONAL,C,15000,14.65,0,0.25,N,2
25,85000,MORTGAGE,7,DEBTCONSOLIDATION,C,12000,14.65,0,0.14,N,2
25,70000,MORTGAGE,1,DEBTCONSOLIDATION,C,11300,14.65,0,0.16,Y,2
25,69000,MORTGAGE,4,EDUCATION,C,4500,14.65,1,0.07,Y,2
25,92700,MORTGAGE,5,VENTURE,C,1500,14.65,0,0.02,Y,2
25,30000,OWN,4,DEBTCONSOLIDATION,D,10000,14.61,0,0.33,Y,2
25,96050,RENT,9,MEDICAL,D,6500,14.61,1,0.06,N,2
25,40000,RENT,9,EDUCATION,D,5600,14.61,0,0.14,N,2
25,87000,OWN,5,EDUCATION,D,5500,14.61,0,0.06,N,2
25,50000,RENT,3,EDUCATION,D,4000,14.61,0,0.08,N,2
25,13380,RENT,0,PERSONAL,D,2800,14.61,1,0.21,Y,2
25,97000,MORTGAGE,9,HOMEIMPROVEMENT,D,25000,14.59,0,0.26,N,2
25,70000,OWN,4,HOMEIMPROVEMENT,D,12000,14.59,0,0.17,N,2
25,54000,MORTGAGE,7,DEBTCONSOLIDATION,D,8400,14.59,1,0.16,N,2
25,50400,OWN,0,HOMEIMPROVEMENT,D,6000,14.59,0,0.12,N,2
25,23920,MORTGAGE,0,MEDICAL,D,6000,14.59,1,0.25,Y,2
25,36000,RENT,0,VENTURE,D,14500,14.54,1,0.4,Y,2
25,44000,MORTGAGE,2,VENTURE,D,12000,14.54,0,0.27,N,2
25,48996,RENT,9,MEDICAL,D,10000,14.54,1,0.2,Y,2
25,34000,RENT,7,PERSONAL,D,9600,14.54,1,0.28,N,2
25,113000,MORTGAGE,4,DEBTCONSOLIDATION,D,5000,14.54,1,0.04,Y,2
25,22812,RENT,5,EDUCATION,D,4125,14.54,0,0.18,Y,2
25,23000,RENT,,HOMEIMPROVEMENT,D,8000,14.46,1,0.35,Y,2
25,259000,MORTGAGE,9,HOMEIMPROVEMENT,D,20000,14.42,0,0.08,Y,2
25,70000,RENT,8,VENTURE,D,15000,14.42,0,0.21,Y,2
25,63996,RENT,9,DEBTCONSOLIDATION,D,14000,14.42,1,0.22,Y,2
25,50160,RENT,0,DEBTCONSOLIDATION,D,3000,14.42,1,0.06,N,2
25,48000,RENT,4,EDUCATION,C,8000,14.35,0,0.17,N,2
25,30000,MORTGAGE,0,HOMEIMPROVEMENT,C,6000,14.35,0,0.2,Y,2
25,23920,RENT,0,MEDICAL,C,4000,14.35,0,0.17,N,2
25,32400,RENT,1,EDUCATION,C,2000,14.35,1,0.06,N,2
25,53000,RENT,5,EDUCATION,C,15000,14.27,0,0.28,Y,2
25,45000,MORTGAGE,4,VENTURE,C,10400,14.27,0,0.23,Y,2
25,42000,RENT,9,MEDICAL,C,10000,14.27,0,0.24,N,2
25,60000,RENT,6,MEDICAL,C,7500,14.27,0,0.13,Y,2
25,158000,MORTGAGE,10,VENTURE,C,20000,14.26,0,0.13,Y,2
25,80004,RENT,9,VENTURE,C,20000,14.26,0,0.25,N,2
25,68000,RENT,1,EDUCATION,C,10000,14.26,0,0.15,Y,2
25,24996,RENT,1,PERSONAL,C,4200,14.26,0,0.17,Y,2
25,25000,OWN,4,MEDICAL,C,17500,14.22,0,0.7,N,2
25,55000,RENT,7,MEDICAL,C,8500,14.22,0,0.15,N,2
25,30000,RENT,4,EDUCATION,C,2000,14.22,0,0.07,N,2
25,39000,RENT,9,MEDICAL,D,16000,14.11,1,0.41,Y,2
25,62204,RENT,3,VENTURE,D,12000,14.11,0,0.19,Y,2
25,56204,RENT,3,MEDICAL,D,12000,14.11,1,0.21,Y,2
25,74000,RENT,0,VENTURE,D,12000,14.11,1,0.16,Y,2
25,25000,RENT,3,PERSONAL,D,10000,14.11,1,0.4,Y,2
25,71400,MORTGAGE,9,MEDICAL,D,25000,14.09,1,0.3,N,2
25,71004,RENT,9,PERSONAL,D,20000,14.09,0,0.28,N,2
25,69000,RENT,3,HOMEIMPROVEMENT,D,10000,14.09,1,0.14,Y,2
25,69000,RENT,3,DEBTCONSOLIDATION,D,10000,14.09,1,0.14,Y,2
25,69000,RENT,1,HOMEIMPROVEMENT,D,8000,13.99,1,0.12,Y,2
25,69000,RENT,1,PERSONAL,D,8000,13.99,1,0.12,N,2
25,17600,RENT,,PERSONAL,C,4500,13.99,1,0.26,N,2
25,51850,RENT,2,MEDICAL,C,3600,13.99,1,0.06,N,2
25,30000,RENT,0,MEDICAL,C,3200,13.99,0,0.11,N,2
25,39000,MORTGAGE,9,DEBTCONSOLIDATION,C,3000,13.99,0,0.08,N,2
25,53000,RENT,6,MEDICAL,C,3000,13.99,0,0.06,Y,2
25,51000,MORTGAGE,6,EDUCATION,C,3000,13.99,0,0.06,N,2
25,50000,OWN,9,VENTURE,C,12000,13.98,0,0.24,N,2
25,21996,RENT,3,HOMEIMPROVEMENT,C,8000,13.98,1,0.36,Y,2
25,54000,RENT,4,PERSONAL,C,2500,13.98,0,0.05,N,2
25,84000,RENT,9,EDUCATION,C,20000,13.92,0,0.24,N,2
25,77004,MORTGAGE,2,DEBTCONSOLIDATION,C,16000,13.92,0,0.21,N,2
25,63000,MORTGAGE,0,EDUCATION,D,25000,13.87,0,0.4,N,2
25,57000,RENT,0,PERSONAL,C,15000,13.85,0,0.26,Y,2
25,50500,RENT,3,DEBTCONSOLIDATION,C,10000,13.85,0,0.2,N,2
25,85000,MORTGAGE,5,EDUCATION,C,9600,13.85,0,0.11,N,2
25,60000,OWN,5,VENTURE,C,1200,13.85,0,0.02,N,2
25,42000,RENT,3,EDUCATION,C,10000,13.8,1,0.24,N,2
25,67200,MORTGAGE,9,MEDICAL,C,5000,13.8,0,0.07,Y,2
25,43200,RENT,3,VENTURE,C,3000,13.8,0,0.07,N,2
25,79000,MORTGAGE,2,MEDICAL,C,15000,13.79,0,0.19,N,2
25,34000,RENT,0,EDUCATION,C,10000,13.79,1,0.29,Y,2
25,49500,MORTGAGE,3,DEBTCONSOLIDATION,C,9250,13.79,0,0.19,Y,2
25,48000,RENT,3,PERSONAL,C,9000,13.79,0,0.19,Y,2
25,48000,RENT,3,MEDICAL,C,9000,13.79,0,0.19,Y,2
25,70000,RENT,2,HOMEIMPROVEMENT,C,7000,13.79,0,0.1,Y,2
25,85000,OWN,1,HOMEIMPROVEMENT,C,5000,13.79,0,0.06,Y,2
25,60000,OWN,9,HOMEIMPROVEMENT,C,3000,13.79,0,0.05,Y,2
25,30720,RENT,2,HOMEIMPROVEMENT,C,11000,13.72,1,0.36,N,2
25,39996,RENT,2,DEBTCONSOLIDATION,C,5000,13.72,0,0.13,N,2
25,21600,RENT,0,EDUCATION,C,4900,13.72,0,0.23,Y,2
25,56655,MORTGAGE,9,VENTURE,C,20000,13.61,0,0.35,N,2
25,59650,MORTGAGE,9,PERSONAL,C,10000,13.61,0,0.17,Y,2
25,50000,MORTGAGE,3,HOMEIMPROVEMENT,C,4800,13.61,0,0.1,Y,2
25,18204,RENT,0,EDUCATION,C,4500,13.61,1,0.25,N,2
25,30000,RENT,3,PERSONAL,C,3000,13.61,0,0.1,N,2
25,55000,RENT,2,VENTURE,C,10800,13.57,0,0.2,N,2
25,55000,OWN,9,EDUCATION,C,10000,13.57,0,0.18,Y,2
25,75000,RENT,2,EDUCATION,C,6500,13.57,0,0.09,Y,2
25,80000,MORTGAGE,4,MEDICAL,C,25000,13.49,0,0.31,N,2
25,65000,RENT,4,PERSONAL,C,15000,13.49,0,0.23,N,2
25,75000,MORTGAGE,4,VENTURE,C,12000,13.49,0,0.16,N,2
25,49000,RENT,1,DEBTCONSOLIDATION,D,12000,13.49,1,0.24,N,2
25,48000,RENT,0,MEDICAL,C,12000,13.49,0,0.25,Y,2
25,84000,RENT,5,HOMEIMPROVEMENT,C,10000,13.49,0,0.12,N,2
25,93080,MORTGAGE,3,DEBTCONSOLIDATION,C,8450,13.49,0,0.09,Y,2
25,133900,MORTGAGE,9,VENTURE,D,7500,13.49,1,0.06,Y,2
25,39000,RENT,0,VENTURE,C,6000,13.49,1,0.15,Y,2
25,20868,OWN,0,VENTURE,C,5375,13.49,0,0.26,Y,2
25,24000,RENT,0,EDUCATION,C,1325,13.49,1,0.06,Y,2
25,155796,MORTGAGE,4,PERSONAL,C,25000,13.48,0,0.16,N,2
25,130000,MORTGAGE,5,VENTURE,C,20000,13.48,0,0.15,N,2
25,45000,RENT,0,MEDICAL,C,15000,13.48,1,0.33,N,2
25,150000,RENT,3,HOMEIMPROVEMENT,C,6000,13.48,0,0.04,N,2
25,160000,MORTGAGE,3,VENTURE,C,20000,13.47,0,0.13,Y,2
25,25568,MORTGAGE,7,EDUCATION,C,12000,13.47,1,0.47,Y,2
25,88500,RENT,3,VENTURE,C,7200,13.47,0,0.08,Y,2
25,63000,MORTGAGE,3,EDUCATION,C,3000,13.47,0,0.05,N,2
25,63000,MORTGAGE,3,PERSONAL,C,3000,13.47,0,0.05,Y,2
25,50000,RENT,9,EDUCATION,C,20000,13.43,1,0.4,N,2
25,61500,RENT,1,EDUCATION,C,18000,13.23,0,0.29,Y,2
25,73000,MORTGAGE,8,DEBTCONSOLIDATION,C,3500,13.23,0,0.05,N,2
25,72893,MORTGAGE,9,PERSONAL,C,20000,13.22,0,0.27,N,2
25,35000,RENT,5,MEDICAL,C,13000,13.22,1,0.37,N,2
25,156000,MORTGAGE,9,DEBTCONSOLIDATION,C,10000,13.22,0,0.06,Y,2
25,55000,MORTGAGE,1,DEBTCONSOLIDATION,C,2000,13.22,0,0.04,N,2
25,45000,RENT,0,PERSONAL,C,14500,13.16,1,0.32,N,2
25,68500,RENT,4,EDUCATION,C,12000,13.16,1,0.18,Y,2
25,43000,RENT,1,VENTURE,C,12000,13.16,0,0.28,Y,2
25,55016,RENT,0,VENTURE,C,10000,13.16,0,0.18,Y,2
25,32000,MORTGAGE,1,DEBTCONSOLIDATION,C,8000,13.16,0,0.25,N,2
25,90000,RENT,3,PERSONAL,C,7000,13.16,0,0.08,N,2
25,93000,RENT,0,DEBTCONSOLIDATION,D,12000,13.12,1,0.13,N,2
25,72612,RENT,9,MEDICAL,C,25000,13.11,1,0.34,N,2
25,43000,RENT,9,HOMEIMPROVEMENT,C,22000,13.11,1,0.51,N,2
25,38004,RENT,6,MEDICAL,C,20000,13.11,1,0.53,N,2
25,45000,RENT,2,DEBTCONSOLIDATION,C,11100,13.11,0,0.25,N,2
25,45000,RENT,2,PERSONAL,C,11100,13.11,0,0.25,N,2
25,19200,RENT,2,HOMEIMPROVEMENT,C,6000,13.11,1,0.31,Y,2
25,35000,OWN,9,PERSONAL,C,4000,13.11,0,0.11,N,2
25,30000,RENT,4,MEDICAL,C,1400,13.11,0,0.05,N,2
25,100000,RENT,9,HOMEIMPROVEMENT,C,20000,13.06,0,0.2,N,2
25,100000,RENT,9,HOMEIMPROVEMENT,C,20000,13.06,0,0.2,Y,2
25,38400,OWN,4,VENTURE,C,12500,13.06,0,0.33,Y,2
25,80000,RENT,8,VENTURE,C,4500,13.06,0,0.06,N,2
25,137400,RENT,4,EDUCATION,C,3000,13.06,1,0.02,N,2
25,85000,MORTGAGE,6,DEBTCONSOLIDATION,C,1500,13.06,0,0.02,N,2
25,59256,RENT,,MEDICAL,C,17600,12.99,0,0.3,N,2
25,370000,MORTGAGE,5,DEBTCONSOLIDATION,C,15000,12.99,0,0.04,Y,2
25,44400,MORTGAGE,6,VENTURE,C,14125,12.99,0,0.32,N,2
25,45600,MORTGAGE,7,EDUCATION,C,13000,12.99,0,0.29,N,2
25,42000,RENT,5,EDUCATION,C,10000,12.99,0,0.24,Y,2
25,65000,MORTGAGE,3,EDUCATION,C,10000,12.99,0,0.15,N,2
25,32000,RENT,3,VENTURE,C,10000,12.99,1,0.31,Y,2
25,32000,RENT,9,DEBTCONSOLIDATION,C,6000,12.99,1,0.19,Y,2
25,27993,RENT,2,MEDICAL,C,4000,12.99,0,0.14,N,2
25,33000,RENT,,HOMEIMPROVEMENT,C,3200,12.99,1,0.1,Y,2
25,62000,MORTGAGE,9,HOMEIMPROVEMENT,C,3000,12.99,0,0.05,N,2
25,46000,MORTGAGE,4,EDUCATION,C,2125,12.99,0,0.05,Y,2
25,14400,RENT,0,VENTURE,C,1500,12.99,1,0.1,Y,2
25,52000,RENT,9,MEDICAL,C,17000,12.98,1,0.33,Y,2
25,45000,RENT,0,VENTURE,C,10000,12.98,0,0.22,Y,2
25,24996,RENT,3,DEBTCONSOLIDATION,C,7500,12.98,0,0.3,N,2
25,76000,MORTGAGE,9,PERSONAL,C,6000,12.98,0,0.08,Y,2
25,39000,RENT,4,HOMEIMPROVEMENT,D,15000,12.92,1,0.38,N,2
25,44000,RENT,1,MEDICAL,D,8000,12.92,1,0.18,N,2
25,32000,RENT,1,MEDICAL,D,6000,12.92,1,0.19,N,2
25,180488,MORTGAGE,9,HOMEIMPROVEMENT,C,24000,12.87,0,0.13,N,2
25,45000,OWN,1,PERSONAL,C,10000,12.87,0,0.22,Y,2
25,44000,MORTGAGE,1,VENTURE,C,10000,12.87,0,0.23,Y,2
25,107000,MORTGAGE,0,MEDICAL,C,7000,12.87,0,0.07,N,2
25,39996,RENT,0,VENTURE,C,5000,12.87,0,0.13,Y,2
25,30035,RENT,9,MEDICAL,C,1000,12.87,0,0.03,Y,2
25,55000,RENT,2,EDUCATION,C,18000,12.84,1,0.33,N,2
25,105000,MORTGAGE,3,VENTURE,C,12000,12.84,0,0.11,Y,2
25,61959,RENT,9,MEDICAL,C,25000,12.73,1,0.4,N,2
25,59400,MORTGAGE,9,EDUCATION,C,18500,12.73,0,0.31,N,2
25,36000,RENT,9,PERSONAL,C,8000,12.73,1,0.22,Y,2
25,36000,MORTGAGE,3,DEBTCONSOLIDATION,C,7000,12.73,0,0.19,Y,2
25,64800,RENT,1,PERSONAL,C,7000,12.73,0,0.11,N,2
25,126996,MORTGAGE,8,DEBTCONSOLIDATION,C,5000,12.73,1,0.04,Y,2
25,45000,RENT,4,MEDICAL,B,10000,12.69,0,0.22,N,2
25,60000,MORTGAGE,6,HOMEIMPROVEMENT,B,4000,12.69,0,0.07,N,2
25,70000,MORTGAGE,9,PERSONAL,B,1000,12.69,0,0.01,N,2
25,75600,MORTGAGE,7,MEDICAL,C,15000,12.68,0,0.2,N,2
25,45996,MORTGAGE,9,HOMEIMPROVEMENT,C,11000,12.68,1,0.24,N,2
25,35000,RENT,,MEDICAL,C,6500,12.68,0,0.19,Y,2
25,19200,RENT,0,PERSONAL,C,1825,12.68,0,0.1,Y,2
25,80000,MORTGAGE,4,HOMEIMPROVEMENT,C,15000,12.61,0,0.19,N,2
25,53000,MORTGAGE,10,MEDICAL,B,16000,12.53,0,0.3,N,2
25,61000,RENT,1,PERSONAL,B,14400,12.53,0,0.24,N,2
25,78000,RENT,6,HOMEIMPROVEMENT,B,12000,12.53,0,0.15,N,2
25,50000,RENT,0,EDUCATION,B,11000,12.53,0,0.22,N,2
25,33996,RENT,4,HOMEIMPROVEMENT,C,10000,12.53,1,0.29,N,2
25,57000,RENT,1,PERSONAL,B,9500,12.53,0,0.17,N,2
25,40000,RENT,1,PERSONAL,C,9000,12.53,0,0.23,N,2
25,25000,RENT,0,MEDICAL,C,8500,12.53,1,0.34,Y,2
25,21000,RENT,0,DEBTCONSOLIDATION,B,5175,12.53,1,0.25,N,2
25,38060,RENT,9,DEBTCONSOLIDATION,B,2500,12.53,0,0.07,N,2
25,35000,RENT,3,VENTURE,B,2400,12.53,0,0.07,N,2
25,60500,OWN,6,PERSONAL,B,17000,12.42,0,0.28,N,2
25,95000,RENT,4,VENTURE,B,15000,12.42,0,0.16,N,2
25,90000,MORTGAGE,2,MEDICAL,B,15000,12.42,0,0.17,N,2
25,72000,MORTGAGE,9,EDUCATION,B,14000,12.42,0,0.19,N,2
25,63000,MORTGAGE,9,PERSONAL,B,14000,12.42,0,0.22,N,2
25,90000,RENT,9,DEBTCONSOLIDATION,B,10000,12.42,0,0.11,N,2
25,40000,RENT,9,DEBTCONSOLIDATION,B,8000,12.42,0,0.2,N,2
25,42000,RENT,5,MEDICAL,B,6000,12.42,0,0.14,N,2
25,36852,RENT,1,EDUCATION,B,6000,12.42,0,0.16,N,2
25,55200,MORTGAGE,5,EDUCATION,B,4225,12.42,0,0.08,N,2
25,28800,RENT,2,DEBTCONSOLIDATION,B,3000,12.42,0,0.1,N,2
25,30000,RENT,0,MEDICAL,B,2000,12.42,0,0.07,N,2
25,90996,RENT,5,MEDICAL,C,14000,12.23,0,0.15,N,2
25,110000,RENT,8,HOMEIMPROVEMENT,C,12000,12.23,0,0.11,Y,2
25,66000,MORTGAGE,0,HOMEIMPROVEMENT,B,18500,12.21,0,0.28,N,2
25,52526,RENT,9,VENTURE,B,18000,12.21,1,0.34,N,2
25,59000,RENT,2,VENTURE,B,7800,12.21,0,0.13,N,2
25,27600,RENT,2,VENTURE,B,3200,12.21,0,0.12,N,2
25,36000,OWN,0,VENTURE,B,2400,12.21,0,0.07,N,2
25,60000,MORTGAGE,2,PERSONAL,B,1800,12.21,0,0.03,N,2
25,200000,OWN,0,VENTURE,B,24000,12.18,0,0.12,N,2
25,81600,MORTGAGE,10,HOMEIMPROVEMENT,B,20000,12.18,0,0.25,N,2
25,90000,MORTGAGE,9,DEBTCONSOLIDATION,B,15000,12.18,0,0.17,N,2
25,58000,MORTGAGE,9,MEDICAL,B,10400,12.18,0,0.18,N,2
25,84000,RENT,0,HOMEIMPROVEMENT,B,4500,12.18,0,0.05,N,2
25,84000,RENT,0,PERSONAL,B,4500,12.18,0,0.05,N,2
25,66420,MORTGAGE,1,EDUCATION,B,4000,12.18,0,0.06,N,2
25,77078,MORTGAGE,1,DEBTCONSOLIDATION,B,3425,12.18,0,0.04,N,2
25,60000,RENT,2,HOMEIMPROVEMENT,C,10000,12.09,0,0.17,N,2
25,48000,MORTGAGE,9,EDUCATION,C,7000,12.09,0,0.15,Y,2
25,48000,MORTGAGE,9,EDUCATION,C,7000,12.09,0,0.15,Y,2
25,57000,RENT,4,PERSONAL,B,21700,11.99,1,0.38,N,2
25,47000,RENT,4,MEDICAL,B,19000,11.99,1,0.4,N,2
25,200000,MORTGAGE,2,DEBTCONSOLIDATION,B,15500,11.99,0,0.08,N,2
25,121000,MORTGAGE,9,MEDICAL,B,13600,11.99,0,0.11,N,2
25,73000,RENT,9,PERSONAL,B,13600,11.99,0,0.19,N,2
25,70000,RENT,0,EDUCATION,B,12000,11.99,0,0.17,N,2
25,68000,RENT,4,PERSONAL,B,11200,11.99,0,0.16,N,2
25,65454,MORTGAGE,9,DEBTCONSOLIDATION,B,8400,11.99,0,0.13,N,2
25,33000,MORTGAGE,9,MEDICAL,B,3000,11.99,0,0.09,N,2
25,49029,RENT,8,MEDICAL,B,2000,11.99,0,0.04,N,2
25,29000,RENT,9,MEDICAL,B,1000,11.99,1,0.03,N,2
25,72000,MORTGAGE,7,EDUCATION,B,25000,11.89,0,0.35,N,2
25,72000,MORTGAGE,7,MEDICAL,B,25000,11.89,0,0.35,N,2
25,45000,MORTGAGE,0,VENTURE,B,17000,11.89,0,0.38,N,2
25,130000,MORTGAGE,9,PERSONAL,B,15000,11.89,0,0.12,N,2
25,70000,RENT,6,PERSONAL,B,15000,11.89,0,0.21,N,2
25,60000,RENT,4,EDUCATION,B,12500,11.89,0,0.21,N,2
25,38004,RENT,0,DEBTCONSOLIDATION,B,6000,11.89,0,0.16,N,2
25,54000,RENT,2,EDUCATION,B,4000,11.89,0,0.07,N,2
25,52160,MORTGAGE,5,HOMEIMPROVEMENT,B,1750,11.89,0,0.03,N,2
25,49713,MORTGAGE,7,DEBTCONSOLIDATION,B,12000,11.86,0,0.24,N,2
25,80266,RENT,5,MEDICAL,B,6875,11.86,0,0.09,N,2
25,30000,RENT,4,EDUCATION,B,5000,11.86,0,0.17,N,2
25,39000,OWN,3,MEDICAL,B,3600,11.86,0,0.09,N,2
25,76300,MORTGAGE,9,HOMEIMPROVEMENT,B,3000,11.86,0,0.04,N,2
25,62000,MORTGAGE,9,EDUCATION,B,2100,11.86,0,0.03,N,2
25,33600,RENT,5,DEBTCONSOLIDATION,B,1000,11.86,0,0.03,N,2
25,45000,MORTGAGE,3,EDUCATION,B,6000,11.83,0,0.13,N,2
25,46000,RENT,9,DEBTCONSOLIDATION,C,20000,11.78,1,0.43,Y,2
25,65600,MORTGAGE,1,MEDICAL,C,10000,11.78,0,0.15,Y,2
25,78000,MORTGAGE,7,VENTURE,C,9000,11.78,1,0.12,Y,2
25,95950,RENT,2,HOMEIMPROVEMENT,B,17500,11.71,0,0.18,N,2
25,38340,RENT,9,MEDICAL,B,12000,11.71,1,0.31,N,2
25,140000,MORTGAGE,3,MEDICAL,B,8000,11.71,0,0.06,N,2
25,47000,RENT,6,VENTURE,B,6000,11.71,0,0.13,N,2
25,18000,RENT,1,PERSONAL,B,5500,11.71,1,0.31,N,2
25,41000,RENT,9,MEDICAL,B,5000,11.71,0,0.12,N,2
25,35000,RENT,0,MEDICAL,B,5000,11.71,0,0.14,N,2
25,26000,MORTGAGE,3,EDUCATION,B,3825,11.71,0,0.15,N,2
25,49152,MORTGAGE,7,MEDICAL,B,3000,11.71,0,0.06,N,2
25,37000,RENT,2,MEDICAL,B,3000,11.71,0,0.08,N,2
25,102211,MORTGAGE,3,DEBTCONSOLIDATION,B,15000,11.58,0,0.15,N,2
25,128000,MORTGAGE,4,HOMEIMPROVEMENT,B,10000,11.58,1,0.08,N,2
25,37700,MORTGAGE,7,EDUCATION,B,9000,11.58,1,0.24,N,2
25,99473,MORTGAGE,9,PERSONAL,B,8500,11.58,0,0.09,N,2
25,63000,MORTGAGE,9,EDUCATION,B,25000,11.49,0,0.4,N,2
25,43000,RENT,3,VENTURE,B,16000,11.49,1,0.37,N,2
25,60000,MORTGAGE,2,MEDICAL,B,12500,11.49,0,0.21,N,2
25,47000,MORTGAGE,5,EDUCATION,B,10400,11.49,0,0.22,N,2
25,60000,MORTGAGE,10,DEBTCONSOLIDATION,B,10000,11.49,0,0.17,N,2
25,25000,RENT,5,MEDICAL,B,9000,11.49,1,0.36,N,2
25,69600,MORTGAGE,9,VENTURE,B,7000,11.49,0,0.1,N,2
25,66000,RENT,1,HOMEIMPROVEMENT,B,5050,11.49,0,0.08,N,2
25,32400,RENT,2,MEDICAL,B,4900,11.49,1,0.15,N,2
25,75000,RENT,4,PERSONAL,B,4000,11.49,0,0.05,N,2
25,67200,MORTGAGE,6,HOMEIMPROVEMENT,B,3250,11.49,0,0.05,N,2
25,17436,RENT,,VENTURE,B,3025,11.49,1,0.17,N,2
25,23712,RENT,9,MEDICAL,B,1000,11.49,0,0.04,N,2
25,62400,RENT,7,VENTURE,B,20000,11.48,1,0.32,N,2
25,43200,OWN,9,VENTURE,B,13800,11.48,0,0.32,N,2
25,43200,OWN,9,VENTURE,B,13800,11.48,0,0.32,N,2
25,34980,MORTGAGE,1,VENTURE,B,6000,11.48,0,0.17,N,2
25,105000,MORTGAGE,0,EDUCATION,B,5000,11.48,0,0.05,N,2
25,115200,RENT,0,HOMEIMPROVEMENT,B,24250,11.36,0,0.21,N,2
25,59000,MORTGAGE,9,EDUCATION,B,20000,11.36,1,0.34,N,2
25,40000,MORTGAGE,5,HOMEIMPROVEMENT,B,15000,11.36,1,0.38,N,2
25,84000,RENT,5,DEBTCONSOLIDATION,B,9000,11.36,0,0.11,N,2
25,75500,MORTGAGE,9,EDUCATION,B,7000,11.36,0,0.09,N,2
25,50000,MORTGAGE,9,DEBTCONSOLIDATION,B,5000,11.36,0,0.1,N,2
25,57000,RENT,8,MEDICAL,B,2000,11.36,0,0.04,N,2
25,75000,MORTGAGE,9,PERSONAL,C,10000,11.34,0,0.13,Y,2
25,39000,RENT,4,PERSONAL,C,8000,11.34,1,0.21,Y,2
25,21500,RENT,2,MEDICAL,C,7500,11.34,1,0.35,N,2
25,37000,RENT,0,DEBTCONSOLIDATION,C,7200,11.34,0,0.19,Y,2
25,34000,MORTGAGE,1,EDUCATION,C,7000,11.28,0,0.21,N,2
25,57500,RENT,4,VENTURE,C,6000,11.28,1,0.1,N,2
25,92000,MORTGAGE,9,MEDICAL,B,13000,11.26,0,0.14,N,2
25,180000,MORTGAGE,3,VENTURE,B,9950,11.26,0,0.06,N,2
25,25000,RENT,4,DEBTCONSOLIDATION,B,8500,11.26,1,0.34,N,2
25,88000,MORTGAGE,7,PERSONAL,B,11000,11.14,0,0.13,N,2
25,53000,MORTGAGE,2,VENTURE,B,10750,11.14,0,0.2,N,2
25,35000,RENT,9,VENTURE,B,4800,11.14,0,0.14,N,2
25,118000,MORTGAGE,8,HOMEIMPROVEMENT,B,25000,11.12,0,0.21,N,2
25,60000,OWN,8,EDUCATION,B,14000,11.12,0,0.23,N,2
25,60000,OWN,8,VENTURE,B,14000,11.12,0,0.23,N,2
25,48000,MORTGAGE,4,PERSONAL,B,7350,11.12,0,0.15,N,2
25,180000,RENT,2,VENTURE,B,3000,11.12,0,0.02,N,2
25,30720,MORTGAGE,3,VENTURE,B,2000,11.12,0,0.07,N,2
25,31200,RENT,9,VENTURE,B,1500,11.12,0,0.05,N,2
25,36000,RENT,0,PERSONAL,B,10000,11.11,0,0.28,N,2
25,55000,RENT,5,HOMEIMPROVEMENT,B,9000,11.11,0,0.16,N,2
25,59366,RENT,4,MEDICAL,B,6000,11.11,0,0.1,N,2
25,25920,RENT,0,VENTURE,B,2300,11.11,0,0.09,N,2
25,162000,RENT,9,PERSONAL,C,25000,11.03,0,0.15,N,2
25,45000,OWN,1,HOMEIMPROVEMENT,C,9000,11.03,0,0.2,N,2
25,120000,MORTGAGE,4,HOMEIMPROVEMENT,B,25000,10.99,1,0.21,N,2
25,102000,MORTGAGE,4,MEDICAL,B,25000,10.99,1,0.21,N,2
25,74800,RENT,2,MEDICAL,B,25000,10.99,1,0.28,N,2
25,135000,RENT,8,PERSONAL,B,24000,10.99,0,0.18,N,2
25,47052,RENT,5,VENTURE,B,21250,10.99,1,0.45,N,2
25,47052,RENT,5,EDUCATION,B,21250,10.99,1,0.45,N,2
25,85000,MORTGAGE,10,VENTURE,B,16000,10.99,0,0.19,N,2
25,83000,RENT,2,DEBTCONSOLIDATION,B,16000,10.99,0,0.19,N,2
25,77700,RENT,2,HOMEIMPROVEMENT,B,14000,10.99,0,0.18,N,2
25,77700,RENT,2,EDUCATION,B,14000,10.99,0,0.18,N,2
25,83000,MORTGAGE,9,HOMEIMPROVEMENT,B,13000,10.99,0,0.16,N,2
25,60000,MORTGAGE,9,VENTURE,B,12000,10.99,0,0.2,N,2
25,78500,RENT,2,MEDICAL,B,12000,10.99,0,0.15,N,2
25,39600,RENT,2,MEDICAL,B,12000,10.99,0,0.3,N,2
25,42000,RENT,1,VENTURE,B,10000,10.99,0,0.24,N,2
25,83000,RENT,3,EDUCATION,B,9600,10.99,0,0.12,N,2
25,62000,MORTGAGE,9,VENTURE,B,8500,10.99,0,0.14,N,2
25,38400,RENT,9,VENTURE,B,8500,10.99,0,0.22,N,2
25,41000,RENT,3,PERSONAL,B,8000,10.99,0,0.2,N,2
25,50000,RENT,3,PERSONAL,B,7500,10.99,0,0.15,N,2
25,35000,RENT,2,DEBTCONSOLIDATION,B,7500,10.99,0,0.21,N,2
25,45000,RENT,9,EDUCATION,B,7000,10.99,0,0.16,N,2
25,101877,RENT,9,VENTURE,B,6600,10.99,0,0.06,N,2
25,55000,MORTGAGE,6,HOMEIMPROVEMENT,B,6500,10.99,0,0.12,N,2
25,60000,OWN,10,EDUCATION,B,5500,10.99,0,0.09,N,2
25,84000,MORTGAGE,9,VENTURE,B,5000,10.99,0,0.06,N,2
25,84000,MORTGAGE,9,MEDICAL,B,5000,10.99,0,0.06,N,2
25,19200,RENT,3,MEDICAL,B,5000,10.99,1,0.26,N,2
25,42288,RENT,2,EDUCATION,B,5000,10.99,0,0.12,N,2
25,60000,RENT,9,HOMEIMPROVEMENT,B,4500,10.99,1,0.07,N,2
25,44500,RENT,0,VENTURE,B,3900,10.99,0,0.09,N,2
25,54900,MORTGAGE,2,HOMEIMPROVEMENT,B,3000,10.99,0,0.05,N,2
25,65000,MORTGAGE,3,HOMEIMPROVEMENT,B,1200,10.99,0,0.02,N,2
25,65000,RENT,0,EDUCATION,B,10000,10.95,0,0.15,N,2
25,81000,MORTGAGE,2,MEDICAL,B,5200,10.95,0,0.06,N,2
25,25000,OWN,7,MEDICAL,B,1525,10.95,0,0.06,N,2
25,170000,MORTGAGE,9,MEDICAL,B,25000,10.75,0,0.15,N,2
25,220000,MORTGAGE,5,VENTURE,B,25000,10.75,0,0.11,N,2
25,108000,MORTGAGE,10,HOMEIMPROVEMENT,B,24250,10.75,0,0.22,N,2
25,69000,MORTGAGE,5,PERSONAL,B,20000,10.75,0,0.29,N,2
25,123144,RENT,2,MEDICAL,B,12000,10.75,0,0.1,N,2
25,123144,RENT,2,VENTURE,B,12000,10.75,0,0.1,N,2
25,55800,MORTGAGE,1,PERSONAL,B,4000,10.75,0,0.07,N,2
25,120000,RENT,6,MEDICAL,B,25000,10.74,0,0.21,N,2
25,52000,RENT,,PERSONAL,B,24000,10.74,1,0.46,N,2
25,52000,RENT,4,PERSONAL,B,22000,10.74,1,0.42,N,2
25,55315,RENT,3,EDUCATION,B,15000,10.74,0,0.27,N,2
25,68000,RENT,9,VENTURE,B,10800,10.74,0,0.16,N,2
25,56000,RENT,1,HOMEIMPROVEMENT,B,6000,10.74,0,0.11,N,2
25,56000,RENT,1,PERSONAL,B,6000,10.74,0,0.11,N,2
25,60000,MORTGAGE,9,HOMEIMPROVEMENT,B,5500,10.74,0,0.09,N,2
25,32000,MORTGAGE,7,PERSONAL,B,3250,10.74,1,0.1,N,2
25,48000,RENT,3,DEBTCONSOLIDATION,B,2000,10.74,0,0.04,N,2
25,42264,RENT,3,DEBTCONSOLIDATION,B,3000,10.71,0,0.07,N,2
25,365000,MORTGAGE,7,VENTURE,B,35000,10.65,0,0.1,N,2
25,168000,MORTGAGE,2,PERSONAL,B,35000,10.65,0,0.21,N,2
25,38400,RENT,3,DEBTCONSOLIDATION,B,15000,10.65,1,0.39,N,2
25,50000,RENT,6,PERSONAL,B,11875,10.65,0,0.24,N,2
25,55000,RENT,0,DEBTCONSOLIDATION,B,6000,10.65,0,0.11,N,2
25,55000,RENT,0,DEBTCONSOLIDATION,B,6000,10.65,0,0.11,N,2
25,48000,OWN,0,PERSONAL,B,6000,10.65,0,0.13,N,2
25,64800,MORTGAGE,9,EDUCATION,B,4500,10.65,0,0.07,N,2
25,45000,MORTGAGE,5,PERSONAL,B,3800,10.65,0,0.08,N,2
25,62903,MORTGAGE,9,MEDICAL,B,3000,10.65,1,0.04,N,2
25,12000,RENT,0,EDUCATION,B,1000,10.65,0,0.08,N,2
25,134000,RENT,7,MEDICAL,B,25000,10.62,0,0.19,N,2
25,32000,RENT,2,MEDICAL,B,6000,10.62,1,0.19,N,2
25,75000,OWN,9,EDUCATION,B,5600,10.62,0,0.07,N,2
25,74678,MORTGAGE,9,DEBTCONSOLIDATION,B,4000,10.62,0,0.05,N,2
25,26400,RENT,,EDUCATION,B,2500,10.62,0,0.09,N,2
25,125000,OWN,9,PERSONAL,B,25000,10.59,0,0.2,N,2
25,113135,MORTGAGE,9,PERSONAL,B,25000,10.59,0,0.22,N,2
25,70000,MORTGAGE,9,VENTURE,B,20000,10.59,0,0.29,N,2
25,100000,MORTGAGE,9,HOMEIMPROVEMENT,B,17600,10.59,0,0.18,N,2
25,195054,MORTGAGE,9,HOMEIMPROVEMENT,B,10000,10.59,0,0.05,N,2
25,72500,RENT,2,HOMEIMPROVEMENT,B,9000,10.59,0,0.12,N,2
25,52000,RENT,2,HOMEIMPROVEMENT,B,7000,10.59,0,0.13,N,2
25,32760,MORTGAGE,6,VENTURE,B,6000,10.59,0,0.18,N,2
25,30000,RENT,1,EDUCATION,B,3075,10.59,0,0.1,N,2
25,33000,RENT,6,DEBTCONSOLIDATION,B,2500,10.59,0,0.08,N,2
25,75000,RENT,0,DEBTCONSOLIDATION,B,20000,10.38,0,0.27,N,2
25,200000,MORTGAGE,2,VENTURE,B,12000,10.38,0,0.06,N,2
25,33000,OWN,7,VENTURE,B,8000,10.38,0,0.24,N,2
25,45000,RENT,4,VENTURE,B,8000,10.38,0,0.18,N,2
25,49700,RENT,2,PERSONAL,B,7200,10.38,1,0.14,N,2
25,42996,RENT,6,DEBTCONSOLIDATION,B,5000,10.38,0,0.12,N,2
25,30000,RENT,2,MEDICAL,B,2000,10.38,0,0.07,N,2
25,16800,RENT,4,MEDICAL,B,1200,10.38,0,0.07,N,2
25,150000,MORTGAGE,9,MEDICAL,B,25000,10.37,0,0.17,N,2
25,150000,MORTGAGE,9,HOMEIMPROVEMENT,B,25000,10.37,0,0.17,N,2
25,82000,MORTGAGE,3,HOMEIMPROVEMENT,B,15000,10.37,0,0.18,N,2
25,24000,RENT,3,VENTURE,B,13250,10.37,1,0.55,N,2
25,54996,RENT,3,HOMEIMPROVEMENT,B,12000,10.37,0,0.22,N,2
25,47000,RENT,3,MEDICAL,B,12000,10.37,0,0.26,N,2
25,80140,MORTGAGE,4,DEBTCONSOLIDATION,B,11300,10.37,0,0.14,N,2
25,30720,RENT,6,EDUCATION,B,10000,10.37,1,0.33,N,2
25,115000,RENT,3,MEDICAL,B,10000,10.37,0,0.09,N,2
25,80000,RENT,0,MEDICAL,B,10000,10.37,0,0.13,N,2
25,51996,RENT,6,MEDICAL,B,8000,10.37,0,0.15,N,2
25,87000,RENT,3,MEDICAL,B,8000,10.37,0,0.09,N,2
25,50000,RENT,2,DEBTCONSOLIDATION,B,4000,10.37,0,0.08,N,2
25,75000,RENT,9,DEBTCONSOLIDATION,B,25000,10.36,1,0.33,N,2
25,72000,RENT,8,PERSONAL,B,11200,10.36,0,0.16,N,2
25,32000,MORTGAGE,4,DEBTCONSOLIDATION,B,8000,10.36,1,0.25,N,2
25,57996,RENT,5,EDUCATION,B,7400,10.36,0,0.13,N,2
25,86000,MORTGAGE,9,HOMEIMPROVEMENT,B,5000,10.36,1,0.06,N,2
25,42000,MORTGAGE,,VENTURE,B,3500,10.36,0,0.08,N,2
25,18000,RENT,3,VENTURE,C,8500,10.28,1,0.47,N,2
25,45000,OWN,0,EDUCATION,C,6500,10.28,0,0.14,Y,2
25,35000,RENT,1,MEDICAL,C,4800,10.28,0,0.14,N,2
25,20000,RENT,0,VENTURE,C,3500,10.28,0,0.17,Y,2
25,150000,MORTGAGE,9,DEBTCONSOLIDATION,B,25000,10.25,0,0.17,N,2
25,109000,MORTGAGE,5,PERSONAL,B,15000,10.25,0,0.14,N,2
25,100000,MORTGAGE,9,MEDICAL,B,14000,10.25,0,0.14,N,2
25,28800,MORTGAGE,9,HOMEIMPROVEMENT,B,6250,10.25,0,0.22,N,2
25,25200,RENT,,EDUCATION,B,4000,10.25,0,0.16,N,2
25,40000,RENT,2,MEDICAL,B,3000,10.25,0,0.07,N,2
25,30200,MORTGAGE,9,HOMEIMPROVEMENT,B,15000,10.2,0,0.5,N,2
25,44000,MORTGAGE,7,PERSONAL,B,7500,10.08,1,0.17,N,2
25,145000,MORTGAGE,3,PERSONAL,B,7500,10.08,0,0.05,N,2
25,32400,RENT,6,MEDICAL,B,4000,10.08,0,0.12,N,2
25,65004,RENT,10,MEDICAL,B,2500,10.08,0,0.04,N,2
25,94500,MORTGAGE,5,HOMEIMPROVEMENT,B,13500,10,0,0.14,N,2
25,90000,MORTGAGE,4,VENTURE,B,10000,10,0,0.11,N,2
25,50000,MORTGAGE,9,HOMEIMPROVEMENT,B,8000,10,0,0.16,N,2
25,50000,RENT,9,HOMEIMPROVEMENT,B,6075,10,0,0.12,N,2
25,49200,MORTGAGE,2,EDUCATION,B,6000,10,0,0.12,N,2
25,30300,MORTGAGE,4,MEDICAL,B,5000,10,1,0.17,N,2
25,28008,RENT,5,MEDICAL,B,4000,10,0,0.14,N,2
25,70000,RENT,5,HOMEIMPROVEMENT,B,20000,9.99,0,0.29,N,2
25,63000,MORTGAGE,2,HOMEIMPROVEMENT,B,20000,9.99,0,0.32,N,2
25,75000,MORTGAGE,7,PERSONAL,B,15000,9.99,0,0.2,N,2
25,199000,MORTGAGE,4,PERSONAL,B,15000,9.99,0,0.08,N,2
25,70000,RENT,2,HOMEIMPROVEMENT,B,14000,9.99,0,0.2,N,2
25,57840,RENT,5,MEDICAL,B,13600,9.99,0,0.24,N,2
25,38400,RENT,0,DEBTCONSOLIDATION,B,7000,9.99,0,0.18,N,2
25,60000,MORTGAGE,2,PERSONAL,B,6900,9.99,0,0.12,N,2
25,82000,RENT,2,VENTURE,B,4050,9.99,0,0.05,N,2
25,110000,OWN,6,PERSONAL,B,28000,9.91,0,0.25,N,2
25,75000,MORTGAGE,4,VENTURE,B,24000,9.91,0,0.32,N,2
25,90000,MORTGAGE,9,HOMEIMPROVEMENT,B,18000,9.91,0,0.2,N,2
25,42000,MORTGAGE,9,HOMEIMPROVEMENT,B,12000,9.91,0,0.29,N,2
25,100000,RENT,3,EDUCATION,B,12000,9.91,0,0.12,N,2
25,26004,MORTGAGE,3,EDUCATION,B,10000,9.91,0,0.38,N,2
25,35000,RENT,5,VENTURE,B,9600,9.91,0,0.27,N,2
25,54000,RENT,,HOMEIMPROVEMENT,B,8000,9.91,1,0.15,N,2
25,127000,MORTGAGE,9,PERSONAL,B,6000,9.91,0,0.05,N,2
25,82000,RENT,0,PERSONAL,B,6000,9.91,0,0.07,N,2
25,18840,MORTGAGE,5,EDUCATION,B,3000,9.91,1,0.16,N,2
25,80000,RENT,0,VENTURE,B,16000,9.88,0,0.2,N,2
25,61000,MORTGAGE,9,HOMEIMPROVEMENT,B,15000,9.88,0,0.25,N,2
25,110000,MORTGAGE,,VENTURE,B,7000,9.88,0,0.06,N,2
25,48996,MORTGAGE,8,PERSONAL,B,5000,9.88,1,0.1,N,2
25,48996,MORTGAGE,8,MEDICAL,B,5000,9.88,1,0.1,N,2
25,36000,OWN,10,MEDICAL,B,11200,9.76,0,0.31,N,2
25,51000,RENT,1,DEBTCONSOLIDATION,B,2700,9.7,0,0.05,N,2
25,77004,MORTGAGE,9,PERSONAL,B,15000,9.63,0,0.19,N,2
25,109000,MORTGAGE,9,DEBTCONSOLIDATION,A,14000,9.63,0,0.13,N,2
25,123000,RENT,0,EDUCATION,A,12000,9.63,0,0.1,N,2
25,50280,MORTGAGE,0,HOMEIMPROVEMENT,A,10000,9.63,0,0.2,N,2
25,42000,OWN,9,HOMEIMPROVEMENT,A,8000,9.63,0,0.19,N,2
25,125000,MORTGAGE,6,MEDICAL,A,8000,9.63,0,0.06,N,2
25,49000,RENT,2,EDUCATION,A,7750,9.63,0,0.16,N,2
25,59796,MORTGAGE,4,HOMEIMPROVEMENT,B,7000,9.63,0,0.12,N,2
25,76344,RENT,2,HOMEIMPROVEMENT,A,5000,9.63,0,0.07,N,2
25,40000,RENT,2,EDUCATION,B,4200,9.63,0,0.1,N,2
25,30000,OWN,1,PERSONAL,A,3000,9.63,0,0.1,N,2
25,64000,RENT,9,MEDICAL,B,14400,9.62,0,0.23,N,2
25,78720,MORTGAGE,6,MEDICAL,B,10000,9.62,0,0.13,N,2
25,19200,RENT,0,HOMEIMPROVEMENT,B,5000,9.62,1,0.26,N,2
25,12000,RENT,,DEBTCONSOLIDATION,B,3600,9.62,1,0.3,N,2
25,80400,RENT,2,VENTURE,A,12500,9.38,0,0.16,N,2
25,45000,RENT,2,DEBTCONSOLIDATION,A,11250,9.38,0,0.25,N,2
25,120000,RENT,3,DEBTCONSOLIDATION,A,10000,9.32,0,0.08,N,2
25,49716,MORTGAGE,6,MEDICAL,A,8000,9.32,0,0.16,N,2
25,52000,MORTGAGE,3,MEDICAL,A,6000,9.32,0,0.12,N,2
25,44000,MORTGAGE,3,VENTURE,A,3600,9.32,0,0.08,N,2
25,16000,RENT,0,DEBTCONSOLIDATION,A,3200,9.32,1,0.2,N,2
25,32004,RENT,0,DEBTCONSOLIDATION,A,3000,9.32,0,0.09,N,2
25,85000,MORTGAGE,9,PERSONAL,A,1000,9.32,0,0.01,N,2
25,92407,RENT,9,MEDICAL,B,20000,9.25,0,0.22,N,2
25,45000,RENT,2,DEBTCONSOLIDATION,B,11000,9.25,0,0.24,N,2
25,60000,RENT,0,MEDICAL,B,7000,9.25,0,0.12,N,2
25,54084,RENT,5,HOMEIMPROVEMENT,B,3500,9.25,0,0.06,N,2
25,95000,RENT,,DEBTCONSOLIDATION,B,2400,9.25,0,0.03,N,2
25,120000,RENT,3,PERSONAL,B,12000,9.01,0,0.1,N,2
25,99800,MORTGAGE,1,MEDICAL,A,12000,8.94,0,0.12,N,2
25,35360,MORTGAGE,9,MEDICAL,A,10000,8.94,0,0.28,N,2
25,62366,RENT,8,EDUCATION,A,10000,8.94,0,0.16,N,2
25,54996,MORTGAGE,0,VENTURE,A,10000,8.94,0,0.18,N,2
25,48000,MORTGAGE,5,HOMEIMPROVEMENT,A,7800,8.94,0,0.16,N,2
25,67000,RENT,3,MEDICAL,A,7000,8.94,0,0.1,N,2
25,84000,RENT,2,VENTURE,A,6000,8.94,0,0.07,N,2
25,42000,MORTGAGE,2,PERSONAL,A,6000,8.94,0,0.14,N,2
25,35004,RENT,3,PERSONAL,A,5000,8.94,0,0.14,N,2
25,31000,RENT,0,PERSONAL,A,5000,8.94,0,0.16,N,2
25,175000,RENT,2,PERSONAL,A,25000,8.9,0,0.14,N,2
25,95000,RENT,4,EDUCATION,A,24000,8.9,0,0.25,N,2
25,57000,MORTGAGE,5,PERSONAL,A,13000,8.9,0,0.23,N,2
25,70000,RENT,9,VENTURE,A,12000,8.9,0,0.17,N,2
25,42900,RENT,5,EDUCATION,A,12000,8.9,0,0.28,N,2
25,65000,MORTGAGE,4,PERSONAL,A,6000,8.9,1,0.09,N,2
25,38000,MORTGAGE,9,HOMEIMPROVEMENT,A,5400,8.9,0,0.14,N,2
25,76000,RENT,0,DEBTCONSOLIDATION,A,5000,8.9,0,0.07,N,2
25,28800,RENT,0,EDUCATION,A,5000,8.9,0,0.17,N,2
25,31200,RENT,0,DEBTCONSOLIDATION,A,3600,8.9,0,0.12,N,2
25,34000,RENT,10,DEBTCONSOLIDATION,B,20000,8.88,1,0.59,N,2
25,96000,RENT,2,EDUCATION,B,15000,8.88,0,0.16,N,2
25,181408,MORTGAGE,2,MEDICAL,B,14500,8.88,0,0.08,N,2
25,46500,RENT,1,EDUCATION,B,6000,8.88,0,0.13,N,2
25,78996,RENT,9,EDUCATION,A,4500,8.63,0,0.06,N,2
25,95000,RENT,0,HOMEIMPROVEMENT,A,8600,8.59,0,0.09,N,2
25,47412,MORTGAGE,0,EDUCATION,A,6500,8.59,0,0.14,N,2
25,55000,MORTGAGE,3,DEBTCONSOLIDATION,A,24200,8.49,0,0.44,N,2
25,63000,MORTGAGE,9,HOMEIMPROVEMENT,A,20000,8.49,0,0.32,N,2
25,90000,MORTGAGE,6,DEBTCONSOLIDATION,A,15000,8.49,0,0.17,N,2
25,85000,RENT,5,EDUCATION,A,14400,8.49,0,0.17,N,2
25,29000,RENT,9,PERSONAL,A,11000,8.49,1,0.38,N,2
25,40000,OWN,0,MEDICAL,A,11000,8.49,0,0.28,N,2
25,65900,RENT,2,DEBTCONSOLIDATION,A,10000,8.49,0,0.15,N,2
25,50000,RENT,2,PERSONAL,A,7200,8.49,0,0.14,N,2
25,46000,RENT,9,PERSONAL,A,7000,8.49,0,0.15,N,2
25,35400,RENT,2,MEDICAL,A,2000,8.49,0,0.06,N,2
25,30000,RENT,9,MEDICAL,A,1800,8.49,1,0.06,N,2
25,43000,RENT,9,MEDICAL,A,1200,8.49,0,0.03,N,2
25,31000,RENT,2,EDUCATION,A,1800,8.32,0,0.06,N,2
25,31000,RENT,2,DEBTCONSOLIDATION,A,1800,8.32,0,0.06,N,2
25,20000,RENT,1,MEDICAL,A,12000,8.07,1,0.6,N,2
25,99996,MORTGAGE,3,VENTURE,A,8000,8,0,0.08,N,2
25,80004,MORTGAGE,8,PERSONAL,A,6000,8,1,0.07,N,2
25,23198,RENT,2,VENTURE,A,6000,8,0,0.26,N,2
25,28000,MORTGAGE,3,EDUCATION,A,5000,8,0,0.18,N,2
25,120000,MORTGAGE,5,PERSONAL,A,28000,7.9,0,0.23,N,2
25,120000,MORTGAGE,5,HOMEIMPROVEMENT,A,21000,7.9,0,0.17,N,2
25,80000,MORTGAGE,5,PERSONAL,A,18200,7.9,0,0.23,N,2
25,74000,MORTGAGE,9,EDUCATION,A,18000,7.9,1,0.24,N,2
25,60000,MORTGAGE,4,VENTURE,A,14000,7.9,0,0.23,N,2
25,32500,MORTGAGE,3,EDUCATION,A,12500,7.9,0,0.38,N,2
25,60000,RENT,9,EDUCATION,A,12000,7.9,0,0.2,N,2
25,50000,MORTGAGE,2,VENTURE,A,10000,7.9,0,0.2,N,2
25,60000,RENT,9,DEBTCONSOLIDATION,A,9600,7.9,0,0.16,N,2
25,175000,MORTGAGE,10,HOMEIMPROVEMENT,A,8000,7.9,0,0.05,N,2
25,55000,RENT,1,MEDICAL,A,7200,7.9,0,0.13,N,2
25,27040,RENT,2,PERSONAL,A,6000,7.9,0,0.22,N,2
25,27096,RENT,7,DEBTCONSOLIDATION,A,5000,7.9,1,0.18,N,2
25,90000,MORTGAGE,9,PERSONAL,A,3600,7.9,0,0.04,N,2
25,110000,MORTGAGE,9,PERSONAL,A,20000,7.88,0,0.18,N,2
25,50000,MORTGAGE,9,DEBTCONSOLIDATION,A,18000,7.88,0,0.36,N,2
25,78500,MORTGAGE,9,DEBTCONSOLIDATION,A,16000,7.88,0,0.2,N,2
25,100000,MORTGAGE,9,EDUCATION,A,15000,7.88,0,0.15,N,2
25,55000,MORTGAGE,9,MEDICAL,A,15000,7.88,0,0.27,N,2
25,110000,MORTGAGE,2,HOMEIMPROVEMENT,A,15000,7.88,0,0.14,N,2
25,127741,MORTGAGE,9,DEBTCONSOLIDATION,A,12000,7.88,0,0.09,N,2
25,50000,RENT,5,PERSONAL,A,12000,7.88,0,0.24,N,2
25,48996,RENT,9,EDUCATION,A,11000,7.88,0,0.22,N,2
25,31200,RENT,2,EDUCATION,A,7000,7.88,0,0.22,N,2
25,40000,RENT,5,PERSONAL,A,6000,7.88,0,0.15,N,2
25,69000,MORTGAGE,3,VENTURE,A,6000,7.88,0,0.09,N,2
25,85000,MORTGAGE,9,VENTURE,A,4000,7.88,0,0.05,N,2
25,35000,RENT,2,EDUCATION,A,2700,7.88,0,0.08,N,2
25,55000,RENT,4,PERSONAL,A,2500,7.88,0,0.05,N,2
25,15000,RENT,0,VENTURE,A,2200,7.88,0,0.15,N,2
25,150000,RENT,2,HOMEIMPROVEMENT,A,8750,7.74,0,0.06,N,2
25,30000,RENT,4,MEDICAL,A,7000,7.74,0,0.23,N,2
25,72600,RENT,5,HOMEIMPROVEMENT,A,6500,7.74,0,0.09,N,2
25,45000,MORTGAGE,0,MEDICAL,A,5950,7.74,0,0.13,N,2
25,69570,OWN,0,PERSONAL,A,1500,7.74,0,0.02,N,2
25,28000,MORTGAGE,9,MEDICAL,A,4000,7.68,0,0.14,N,2
25,57600,RENT,0,HOMEIMPROVEMENT,A,8000,7.66,0,0.14,N,2
25,52000,MORTGAGE,7,MEDICAL,A,6000,7.66,0,0.12,N,2
25,31000,MORTGAGE,7,HOMEIMPROVEMENT,A,6000,7.66,0,0.19,N,2
25,61200,MORTGAGE,1,PERSONAL,A,5650,7.66,0,0.09,N,2
25,36228,RENT,4,MEDICAL,A,2500,7.66,1,0.07,N,2
25,155000,MORTGAGE,9,MEDICAL,A,18000,7.51,0,0.12,N,2
25,115000,MORTGAGE,7,PERSONAL,A,18000,7.51,0,0.16,N,2
25,120000,RENT,2,PERSONAL,A,15000,7.51,0,0.13,N,2
25,130000,MORTGAGE,2,VENTURE,A,12000,7.51,0,0.09,N,2
25,53000,MORTGAGE,9,VENTURE,A,10800,7.51,0,0.2,N,2
25,30000,RENT,9,MEDICAL,A,10000,7.51,1,0.33,N,2
25,49000,RENT,10,EDUCATION,A,9600,7.51,1,0.2,N,2
25,61000,RENT,4,VENTURE,A,9500,7.51,0,0.16,N,2
25,80000,RENT,,DEBTCONSOLIDATION,A,8800,7.51,0,0.11,N,2
25,60000,MORTGAGE,4,MEDICAL,A,8650,7.51,0,0.14,N,2
25,80000,MORTGAGE,5,DEBTCONSOLIDATION,A,8500,7.51,0,0.11,N,2
25,62496,MORTGAGE,1,HOMEIMPROVEMENT,A,8000,7.51,0,0.13,N,2
25,54503,RENT,9,EDUCATION,A,6300,7.51,0,0.12,N,2
25,25000,OWN,9,VENTURE,A,6000,7.51,0,0.24,N,2
25,39000,MORTGAGE,6,DEBTCONSOLIDATION,A,6000,7.51,0,0.15,N,2
25,62400,RENT,5,VENTURE,A,5000,7.51,0,0.08,N,2
25,41718,OWN,3,VENTURE,A,5000,7.51,0,0.12,N,2
25,50600,OWN,3,PERSONAL,A,3000,7.51,0,0.06,N,2
25,49500,MORTGAGE,2,DEBTCONSOLIDATION,A,2400,7.51,0,0.05,N,2
25,170000,MORTGAGE,2,EDUCATION,A,20000,7.49,0,0.12,N,2
25,89000,MORTGAGE,9,MEDICAL,A,14000,7.49,0,0.16,N,2
25,89000,MORTGAGE,9,MEDICAL,A,14000,7.49,0,0.16,N,2
25,60000,RENT,9,DEBTCONSOLIDATION,A,13500,7.49,0,0.23,N,2
25,155004,MORTGAGE,9,HOMEIMPROVEMENT,A,10500,7.49,0,0.07,N,2
25,130000,RENT,7,HOMEIMPROVEMENT,A,10000,7.49,0,0.08,N,2
25,90000,RENT,5,PERSONAL,A,10000,7.49,0,0.11,N,2
25,29000,RENT,5,VENTURE,A,10000,7.49,1,0.34,N,2
25,38000,RENT,1,EDUCATION,A,10000,7.49,0,0.26,N,2
25,97700,MORTGAGE,6,PERSONAL,A,8000,7.49,0,0.08,N,2
25,75000,RENT,4,MEDICAL,A,7000,7.49,0,0.09,N,2
25,49200,MORTGAGE,6,MEDICAL,A,5600,7.49,0,0.11,N,2
25,42000,RENT,6,MEDICAL,A,5600,7.49,0,0.13,N,2
25,57200,MORTGAGE,1,EDUCATION,A,2400,7.49,0,0.04,N,2
25,46144,MORTGAGE,9,EDUCATION,A,1500,7.49,0,0.03,N,2
25,63128,RENT,,VENTURE,A,1500,7.49,0,0.02,N,2
25,95000,MORTGAGE,7,PERSONAL,A,5000,7.43,0,0.05,N,2
25,70000,OWN,4,PERSONAL,A,4000,7.42,0,0.06,N,2
25,98000,OWN,0,PERSONAL,A,2000,7.37,0,0.02,N,2
25,65000,MORTGAGE,0,DEBTCONSOLIDATION,A,2000,7.37,0,0.03,N,2
25,87000,RENT,6,DEBTCONSOLIDATION,A,13000,7.29,0,0.15,N,2
25,42504,MORTGAGE,9,MEDICAL,A,10000,7.29,0,0.24,N,2
25,38400,MORTGAGE,2,DEBTCONSOLIDATION,A,10000,7.29,0,0.26,N,2
25,60000,RENT,1,VENTURE,A,8400,7.29,0,0.14,N,2
25,86000,MORTGAGE,3,EDUCATION,A,8000,7.29,0,0.09,N,2
25,64000,MORTGAGE,10,MEDICAL,A,5000,7.29,0,0.08,N,2
25,60000,MORTGAGE,1,VENTURE,A,5000,7.29,0,0.08,N,2
25,41520,OWN,9,MEDICAL,A,4400,7.29,0,0.11,N,2
25,51000,MORTGAGE,0,PERSONAL,A,4200,7.29,0,0.08,N,2
25,40000,MORTGAGE,1,HOMEIMPROVEMENT,A,4000,7.29,0,0.1,N,2
25,33000,RENT,5,MEDICAL,A,9000,7.14,0,0.27,N,2
25,30000,MORTGAGE,6,PERSONAL,A,4000,7.14,0,0.13,N,2
25,118000,MORTGAGE,9,DEBTCONSOLIDATION,A,2000,7.12,0,0.02,N,2
25,69000,MORTGAGE,9,MEDICAL,A,25000,6.99,0,0.36,N,2
25,153600,MORTGAGE,1,DEBTCONSOLIDATION,A,18000,6.99,0,0.12,N,2
25,27800,OWN,,EDUCATION,A,14125,6.99,0,0.51,N,2
25,250000,MORTGAGE,4,EDUCATION,A,10575,6.99,0,0.04,N,2
25,36300,MORTGAGE,5,VENTURE,A,9000,6.99,0,0.25,N,2
25,57400,MORTGAGE,9,DEBTCONSOLIDATION,A,8475,6.99,0,0.15,N,2
25,62000,RENT,0,DEBTCONSOLIDATION,A,7400,6.99,0,0.12,N,2
25,95000,RENT,3,DEBTCONSOLIDATION,A,7100,6.99,0,0.07,N,2
25,95000,RENT,1,DEBTCONSOLIDATION,A,7000,6.99,0,0.07,N,2
25,45000,MORTGAGE,4,MEDICAL,A,5800,6.99,0,0.13,N,2
25,34800,MORTGAGE,6,DEBTCONSOLIDATION,A,5125,6.99,1,0.15,N,2
25,48000,MORTGAGE,6,VENTURE,A,3200,6.99,0,0.07,N,2
25,79000,OWN,3,VENTURE,A,14000,6.92,0,0.18,N,2
25,56004,RENT,0,DEBTCONSOLIDATION,A,14000,6.92,0,0.25,N,2
25,50000,MORTGAGE,9,PERSONAL,A,10000,6.92,0,0.2,N,2
25,104000,OWN,2,HOMEIMPROVEMENT,A,10000,6.92,0,0.1,N,2
25,60000,RENT,3,HOMEIMPROVEMENT,A,7000,6.92,0,0.12,N,2
25,75000,MORTGAGE,3,PERSONAL,A,6000,6.92,0,0.08,N,2
25,65004,MORTGAGE,9,MEDICAL,A,4500,6.92,0,0.07,N,2
25,70000,MORTGAGE,9,DEBTCONSOLIDATION,A,4000,6.92,0,0.06,N,2
25,51060,RENT,9,VENTURE,A,21250,6.91,1,0.42,N,2
25,115000,MORTGAGE,4,VENTURE,A,20000,6.91,0,0.17,N,2
25,60000,RENT,3,PERSONAL,A,17000,6.91,0,0.28,N,2
25,60000,RENT,3,PERSONAL,A,17000,6.91,0,0.28,N,2
25,62000,RENT,2,HOMEIMPROVEMENT,A,13000,6.91,0,0.21,N,2
25,80000,MORTGAGE,0,VENTURE,A,12000,6.91,0,0.15,N,2
25,52000,RENT,1,HOMEIMPROVEMENT,A,10000,6.91,0,0.19,N,2
25,50000,MORTGAGE,4,DEBTCONSOLIDATION,A,6000,6.76,0,0.12,N,2
25,43500,RENT,0,MEDICAL,A,4500,6.76,0,0.1,N,2
25,23000,MORTGAGE,,HOMEIMPROVEMENT,A,4400,6.76,0,0.19,N,2
25,68000,RENT,0,VENTURE,A,4000,6.76,0,0.06,N,2
25,25000,OWN,3,EDUCATION,A,3000,6.76,0,0.12,N,2
25,35000,RENT,,DEBTCONSOLIDATION,A,1100,6.76,0,0.03,N,2
25,120000,RENT,2,VENTURE,A,32000,6.62,0,0.27,N,2
25,108000,MORTGAGE,8,VENTURE,A,15000,6.62,0,0.14,N,2
25,55000,RENT,9,HOMEIMPROVEMENT,A,14000,6.62,0,0.25,N,2
25,47000,MORTGAGE,9,EDUCATION,A,12000,6.62,1,0.26,N,2
25,93000,MORTGAGE,1,VENTURE,A,12000,6.62,0,0.13,N,2
25,49000,RENT,9,DEBTCONSOLIDATION,A,10000,6.62,1,0.2,N,2
25,53000,MORTGAGE,4,EDUCATION,A,6000,6.62,0,0.11,N,2
25,22000,MORTGAGE,9,EDUCATION,A,5875,6.62,1,0.27,N,2
25,110000,MORTGAGE,8,DEBTCONSOLIDATION,A,5500,6.62,0,0.05,N,2
25,80000,MORTGAGE,9,DEBTCONSOLIDATION,A,4000,6.62,0,0.05,N,2
25,47000,OWN,9,VENTURE,A,4000,6.62,0,0.09,N,2
25,65000,RENT,3,PERSONAL,A,4000,6.62,0,0.06,N,2
25,29000,RENT,9,MEDICAL,A,3000,6.62,1,0.1,N,2
25,88668,MORTGAGE,2,MEDICAL,A,3000,6.62,0,0.03,N,2
25,45000,MORTGAGE,1,VENTURE,A,3000,6.62,0,0.07,N,2
25,28800,RENT,2,MEDICAL,A,1600,6.62,0,0.06,N,2
25,38400,OWN,9,EDUCATION,A,1000,6.62,0,0.03,N,2
25,76000,MORTGAGE,3,EDUCATION,A,20000,6.54,0,0.26,N,2
25,150000,MORTGAGE,3,HOMEIMPROVEMENT,A,15000,6.54,0,0.1,N,2
25,106000,MORTGAGE,3,DEBTCONSOLIDATION,A,12000,6.54,0,0.11,N,2
25,25716,RENT,1,MEDICAL,A,9250,6.54,1,0.36,N,2
25,58650,MORTGAGE,0,MEDICAL,A,5200,6.54,1,0.08,N,2
25,36480,RENT,4,DEBTCONSOLIDATION,A,5000,6.54,0,0.14,N,2
25,33316,MORTGAGE,4,VENTURE,A,5000,6.54,0,0.15,N,2
25,42000,RENT,3,VENTURE,A,18000,6.17,1,0.43,N,2
25,96500,MORTGAGE,0,PERSONAL,A,10000,6.17,0,0.1,N,2
25,38400,MORTGAGE,5,MEDICAL,A,5700,6.17,0,0.15,N,2
25,59000,OWN,6,HOMEIMPROVEMENT,A,5000,6.17,0,0.08,N,2
25,59000,OWN,6,MEDICAL,A,5000,6.17,0,0.08,N,2
25,85000,MORTGAGE,4,HOMEIMPROVEMENT,A,5000,6.17,0,0.06,N,2
25,30000,OWN,0,PERSONAL,A,3425,6.17,0,0.11,N,2
25,42000,RENT,4,VENTURE,A,1925,6.17,0,0.05,N,2
25,50000,MORTGAGE,3,DEBTCONSOLIDATION,A,17000,6.03,0,0.34,N,2
25,109000,MORTGAGE,6,DEBTCONSOLIDATION,A,16000,6.03,0,0.15,N,2
25,24000,RENT,2,MEDICAL,A,10625,6.03,1,0.44,N,2
25,79992,MORTGAGE,9,EDUCATION,A,10000,6.03,0,0.13,N,2
25,50000,MORTGAGE,4,DEBTCONSOLIDATION,A,9000,6.03,0,0.18,N,2
25,25000,OWN,,EDUCATION,A,8500,6.03,0,0.34,N,2
25,63900,RENT,1,VENTURE,A,8000,6.03,0,0.13,N,2
25,45000,MORTGAGE,9,HOMEIMPROVEMENT,A,6800,6.03,0,0.15,N,2
25,44400,MORTGAGE,9,DEBTCONSOLIDATION,A,6000,6.03,0,0.14,N,2
25,59000,MORTGAGE,9,DEBTCONSOLIDATION,A,5000,6.03,1,0.08,N,2
25,37980,MORTGAGE,7,PERSONAL,A,3500,6.03,0,0.09,N,2
25,80000,MORTGAGE,6,MEDICAL,A,3000,6.03,0,0.04,N,2
25,34000,MORTGAGE,1,HOMEIMPROVEMENT,A,2500,6.03,0,0.07,N,2
25,40000,MORTGAGE,7,EDUCATION,A,2100,6.03,0,0.05,N,2
25,50000,RENT,4,HOMEIMPROVEMENT,A,25000,5.99,1,0.5,N,2
25,107000,MORTGAGE,4,DEBTCONSOLIDATION,A,24000,5.99,0,0.22,N,2
25,80000,MORTGAGE,5,VENTURE,A,12000,5.99,0,0.15,N,2
25,39500,RENT,2,MEDICAL,A,10000,5.99,0,0.25,N,2
25,64000,MORTGAGE,9,HOMEIMPROVEMENT,A,9000,5.99,0,0.14,N,2
25,56000,RENT,9,VENTURE,A,8000,5.99,0,0.14,N,2
25,42000,RENT,1,VENTURE,A,8000,5.99,0,0.19,N,2
25,41664,MORTGAGE,6,HOMEIMPROVEMENT,A,4000,5.99,0,0.1,N,2
25,33000,RENT,3,VENTURE,A,3000,5.99,0,0.09,N,2
25,80000,MORTGAGE,5,DEBTCONSOLIDATION,A,18000,5.79,0,0.23,N,2
25,45600,MORTGAGE,6,HOMEIMPROVEMENT,A,15000,5.79,0,0.33,N,2
25,85000,MORTGAGE,0,EDUCATION,A,14000,5.79,0,0.16,N,2
25,70000,MORTGAGE,9,PERSONAL,A,12000,5.79,0,0.17,N,2
25,39779,RENT,8,VENTURE,A,12000,5.79,0,0.3,N,2
25,145000,MORTGAGE,7,MEDICAL,A,12000,5.79,0,0.08,N,2
25,100000,MORTGAGE,3,MEDICAL,A,12000,5.79,0,0.12,N,2
25,53742,MORTGAGE,9,HOMEIMPROVEMENT,A,10750,5.79,0,0.2,N,2
25,79000,MORTGAGE,9,DEBTCONSOLIDATION,A,10000,5.79,0,0.13,N,2
25,78000,MORTGAGE,0,DEBTCONSOLIDATION,A,10000,5.79,0,0.13,N,2
25,150000,MORTGAGE,9,VENTURE,A,8200,5.79,0,0.05,N,2
25,78000,MORTGAGE,9,EDUCATION,A,8000,5.79,0,0.1,N,2
25,60000,MORTGAGE,7,DEBTCONSOLIDATION,A,8000,5.79,0,0.13,N,2
25,40800,MORTGAGE,,HOMEIMPROVEMENT,A,8000,5.79,0,0.2,N,2
25,22000,RENT,3,VENTURE,A,7200,5.79,1,0.33,N,2
25,42000,RENT,8,MEDICAL,A,7000,5.79,0,0.17,N,2
25,14400,OWN,7,EDUCATION,A,5375,5.79,1,0.37,N,2
25,33600,RENT,5,PERSONAL,A,5075,5.79,0,0.15,N,2
25,50000,MORTGAGE,9,EDUCATION,A,5000,5.79,0,0.1,N,2
25,20000,MORTGAGE,1,VENTURE,A,4000,5.79,0,0.2,N,2
25,71000,OWN,,VENTURE,A,3250,5.79,0,0.05,N,2
25,70000,MORTGAGE,6,VENTURE,A,14000,5.42,0,0.2,N,2
25,62000,MORTGAGE,7,VENTURE,A,12000,5.42,0,0.19,N,2
25,31200,MORTGAGE,3,MEDICAL,A,11200,5.42,0,0.36,N,2
25,90000,MORTGAGE,9,PERSONAL,A,10000,5.42,0,0.11,N,2
25,42000,MORTGAGE,3,HOMEIMPROVEMENT,A,10000,5.42,0,0.24,N,2
25,120000,MORTGAGE,5,DEBTCONSOLIDATION,A,9500,5.42,0,0.08,N,2
25,60000,RENT,1,VENTURE,A,8000,5.42,0,0.13,N,2
25,70000,RENT,5,HOMEIMPROVEMENT,A,6800,5.42,0,0.1,N,2
25,38000,MORTGAGE,4,PERSONAL,A,6000,5.42,0,0.16,N,2
25,69900,MORTGAGE,9,VENTURE,A,5050,5.42,0,0.07,N,2
25,53004,MORTGAGE,3,VENTURE,A,4800,5.42,0,0.09,N,2
25,48000,MORTGAGE,,HOMEIMPROVEMENT,A,4500,5.42,0,0.09,N,2
25,100000,MORTGAGE,9,MEDICAL,A,3275,5.42,0,0.03,N,2
25,130000,MORTGAGE,5,HOMEIMPROVEMENT,A,3000,5.42,0,0.02,N,2
25,42000,RENT,0,DEBTCONSOLIDATION,A,1350,5.42,0,0.03,N,2
25,103000,MORTGAGE,4,PERSONAL,A,29175,,0,0.28,N,2
25,94000,MORTGAGE,1,VENTURE,E,25000,,1,0.27,Y,2
25,86000,MORTGAGE,7,DEBTCONSOLIDATION,D,24000,,1,0.28,Y,2
25,80000,RENT,9,VENTURE,C,23000,,0,0.29,N,2
25,56544,RENT,3,EDUCATION,B,23000,,1,0.41,N,2
25,96000,MORTGAGE,6,EDUCATION,B,20000,,0,0.21,N,2
25,76800,MORTGAGE,5,PERSONAL,C,20000,,0,0.26,Y,2
25,85000,RENT,4,HOMEIMPROVEMENT,B,20000,,0,0.24,N,2
25,60000,RENT,2,EDUCATION,B,20000,,1,0.33,N,2
25,120000,MORTGAGE,0,HOMEIMPROVEMENT,E,20000,,0,0.17,N,2
25,54000,RENT,8,DEBTCONSOLIDATION,C,19000,,1,0.35,Y,2
25,110000,MORTGAGE,9,DEBTCONSOLIDATION,A,18000,,0,0.16,N,2
25,42000,OWN,6,EDUCATION,A,18000,,0,0.43,N,2
25,58000,RENT,9,PERSONAL,A,16000,,0,0.28,N,2
25,119000,RENT,4,EDUCATION,A,16000,,0,0.13,N,2
25,48000,RENT,9,PERSONAL,B,15000,,1,0.31,N,2
25,44000,MORTGAGE,9,DEBTCONSOLIDATION,D,15000,,1,0.34,Y,2
25,45000,RENT,4,DEBTCONSOLIDATION,C,15000,,1,0.33,N,2
25,180000,MORTGAGE,9,HOMEIMPROVEMENT,B,14400,,0,0.08,N,2
25,102000,MORTGAGE,9,DEBTCONSOLIDATION,C,14400,,0,0.14,Y,2
25,60000,RENT,5,HOMEIMPROVEMENT,B,14000,,0,0.23,N,2
25,121000,MORTGAGE,6,VENTURE,B,13000,,0,0.11,N,2
25,105000,MORTGAGE,9,DEBTCONSOLIDATION,B,12000,,0,0.11,N,2
25,81000,OWN,9,VENTURE,D,12000,,0,0.15,Y,2
25,50000,MORTGAGE,9,PERSONAL,A,12000,,0,0.24,N,2
25,50000,MORTGAGE,5,EDUCATION,B,12000,,0,0.24,N,2
25,150000,MORTGAGE,3,MEDICAL,A,12000,,0,0.08,N,2
25,73000,RENT,2,VENTURE,E,12000,,1,0.16,N,2
25,132000,MORTGAGE,1,VENTURE,B,12000,,0,0.09,N,2
25,85000,RENT,1,EDUCATION,A,12000,,0,0.14,N,2
25,41004,OWN,1,PERSONAL,B,12000,,0,0.29,N,2
25,48600,RENT,0,MEDICAL,A,12000,,0,0.25,N,2
25,80000,RENT,0,MEDICAL,B,11200,,0,0.14,N,2
25,54000,RENT,7,HOMEIMPROVEMENT,C,10700,,1,0.2,Y,2
25,86000,RENT,10,HOMEIMPROVEMENT,D,10000,,0,0.12,N,2
25,70000,OWN,9,HOMEIMPROVEMENT,B,10000,,0,0.14,N,2
25,52000,RENT,9,EDUCATION,D,10000,,0,0.19,N,2
25,30000,OWN,9,VENTURE,A,10000,,0,0.33,N,2
25,120000,MORTGAGE,6,DEBTCONSOLIDATION,B,10000,,0,0.08,N,2
25,120000,MORTGAGE,6,EDUCATION,B,10000,,0,0.08,N,2
25,36000,MORTGAGE,6,MEDICAL,D,10000,,1,0.28,N,2
25,23000,MORTGAGE,4,PERSONAL,C,10000,,1,0.43,Y,2
25,36000,RENT,2,PERSONAL,B,10000,,0,0.28,N,2
25,60000,RENT,4,EDUCATION,A,9800,,0,0.16,N,2
25,51000,RENT,0,MEDICAL,C,9600,,0,0.19,Y,2
25,80000,RENT,0,EDUCATION,C,9000,,0,0.11,N,2
25,46000,MORTGAGE,1,HOMEIMPROVEMENT,C,8600,,0,0.19,N,2
25,55000,MORTGAGE,9,HOMEIMPROVEMENT,B,8500,,0,0.15,N,2
25,42348,MORTGAGE,9,DEBTCONSOLIDATION,A,8000,,0,0.19,N,2
25,149000,RENT,9,MEDICAL,A,7200,,0,0.05,N,2
25,40000,MORTGAGE,9,DEBTCONSOLIDATION,C,7100,,0,0.18,N,2
25,35000,MORTGAGE,9,DEBTCONSOLIDATION,A,7000,,0,0.2,N,2
25,23460,RENT,5,MEDICAL,B,7000,,0,0.3,N,2
25,30000,RENT,0,EDUCATION,E,7000,,1,0.23,Y,2
25,97000,RENT,0,VENTURE,A,6600,,0,0.07,N,2
25,35000,OWN,2,MEDICAL,A,6400,,0,0.18,N,2
25,44000,RENT,4,EDUCATION,A,6375,,0,0.14,N,2
25,49000,RENT,8,EDUCATION,C,6000,,0,0.12,Y,2
25,25000,RENT,2,PERSONAL,B,6000,,0,0.24,N,2
25,42000,RENT,1,DEBTCONSOLIDATION,B,6000,,0,0.14,N,2
25,75000,MORTGAGE,5,EDUCATION,A,5800,,0,0.08,N,2
25,33280,RENT,1,PERSONAL,B,5500,,0,0.17,N,2
25,62000,RENT,9,DEBTCONSOLIDATION,A,5000,,0,0.08,N,2
25,73200,MORTGAGE,7,DEBTCONSOLIDATION,A,5000,,0,0.07,N,2
25,45600,RENT,6,DEBTCONSOLIDATION,C,5000,,0,0.11,N,2
25,34000,RENT,6,VENTURE,A,5000,,0,0.15,N,2
25,45996,RENT,2,VENTURE,G,5000,,1,0.11,Y,2
25,50000,RENT,0,PERSONAL,A,5000,,0,0.1,N,2
25,118443,MORTGAGE,7,DEBTCONSOLIDATION,A,4900,,0,0.04,N,2
25,31200,MORTGAGE,0,EDUCATION,E,4750,,1,0.15,N,2
25,31920,MORTGAGE,8,MEDICAL,C,4500,,0,0.14,Y,2
25,65000,RENT,2,DEBTCONSOLIDATION,B,4200,,0,0.06,N,2
25,37000,RENT,1,DEBTCONSOLIDATION,F,4200,,1,0.11,Y,2
25,34200,RENT,1,EDUCATION,B,4000,,0,0.12,N,2
25,34000,RENT,,HOMEIMPROVEMENT,A,4000,,1,0.12,N,2
25,45996,OWN,0,HOMEIMPROVEMENT,A,3850,,0,0.08,N,2
25,83500,RENT,9,HOMEIMPROVEMENT,C,3500,,0,0.04,N,2
25,59623,MORTGAGE,9,MEDICAL,B,3400,,1,0.05,N,2
25,11000,RENT,3,MEDICAL,B,3400,,1,0.31,N,2
25,107000,MORTGAGE,10,HOMEIMPROVEMENT,A,3000,,0,0.03,N,2
25,84996,MORTGAGE,3,VENTURE,A,3000,,0,0.04,N,2
25,85000,MORTGAGE,7,PERSONAL,A,2000,,0,0.02,N,2
25,126500,MORTGAGE,2,EDUCATION,B,2000,,0,0.02,N,2
24,44400,RENT,4,EDUCATION,F,15650,21.74,1,0.35,N,4
24,30500,RENT,2,PERSONAL,F,6800,21.74,1,0.22,Y,4
24,75000,MORTGAGE,3,VENTURE,F,25000,19.74,0,0.33,N,4
24,21600,RENT,0,EDUCATION,E,2600,19.29,1,0.12,Y,4
24,33000,MORTGAGE,3,PERSONAL,E,1250,19.29,0,0.04,N,4
24,23040,RENT,0,DEBTCONSOLIDATION,F,9500,19.04,1,0.41,Y,4
24,180000,RENT,8,EDUCATION,E,18000,18.64,0,0.1,Y,4
24,47000,RENT,8,VENTURE,E,15000,18.64,1,0.32,N,4
24,64000,OWN,7,VENTURE,E,6100,18.64,1,0.1,Y,4
24,49200,RENT,8,DEBTCONSOLIDATION,E,15000,18.39,1,0.3,Y,4
24,66000,MORTGAGE,8,PERSONAL,D,15000,18.25,0,0.23,N,4
24,61284,RENT,3,HOMEIMPROVEMENT,D,15000,18.25,0,0.24,Y,4
24,58650,RENT,1,MEDICAL,D,10000,18.25,1,0.14,N,4
24,89000,OWN,7,HOMEIMPROVEMENT,D,15000,17.58,0,0.17,N,4
24,62900,MORTGAGE,8,MEDICAL,F,14000,17.58,1,0.19,N,4
24,65000,MORTGAGE,8,VENTURE,D,7200,17.58,0,0.11,Y,4
24,64000,MORTGAGE,2,DEBTCONSOLIDATION,E,12000,17.56,1,0.19,Y,4
24,63410,MORTGAGE,3,MEDICAL,E,20000,17.51,1,0.27,N,4
24,54500,MORTGAGE,7,MEDICAL,D,8000,17.49,1,0.15,N,4
24,90000,RENT,6,HOMEIMPROVEMENT,D,15000,17.27,0,0.17,Y,4
24,36000,RENT,8,EDUCATION,D,13000,17.27,1,0.36,N,4
24,72250,RENT,5,MEDICAL,E,17600,17.19,1,0.21,Y,4
24,96500,MORTGAGE,1,EDUCATION,E,14000,17.19,0,0.15,N,4
24,50000,RENT,3,EDUCATION,E,12000,17.14,0,0.24,N,4
24,69000,RENT,0,PERSONAL,E,10000,17.14,1,0.14,N,4
24,54000,RENT,8,HOMEIMPROVEMENT,E,2100,17.14,1,0.04,N,4
24,115000,OWN,8,DEBTCONSOLIDATION,D,35000,16.89,0,0.3,Y,4
24,43000,MORTGAGE,8,DEBTCONSOLIDATION,D,10000,16.89,1,0.23,N,4
24,60000,RENT,4,EDUCATION,D,10000,16.89,0,0.17,Y,4
24,79500,RENT,2,VENTURE,D,7500,16.89,1,0.09,N,4
24,42000,MORTGAGE,,PERSONAL,E,18250,16.82,1,0.43,Y,4
24,92000,RENT,1,HOMEIMPROVEMENT,E,25000,16.77,1,0.27,Y,4
24,160000,MORTGAGE,9,VENTURE,E,12000,16.77,0,0.07,N,4
24,58000,MORTGAGE,3,EDUCATION,D,11000,16.77,0,0.19,N,4
24,65450,MORTGAGE,8,MEDICAL,D,5000,16.77,1,0.06,N,4
24,73000,RENT,0,VENTURE,E,22400,16.7,1,0.31,Y,4
24,56000,MORTGAGE,8,DEBTCONSOLIDATION,E,20000,16.7,1,0.36,Y,4
24,30996,RENT,7,VENTURE,E,7000,16.63,0,0.23,Y,4
24,56100,RENT,7,MEDICAL,D,25000,16.49,1,0.38,N,4
24,124080,RENT,4,PERSONAL,D,24000,16.49,0,0.19,Y,4
24,33600,RENT,1,PERSONAL,D,7800,16.49,1,0.23,N,4
24,143000,RENT,7,VENTURE,E,9000,16.45,1,0.06,Y,4
24,56972,OWN,6,DEBTCONSOLIDATION,E,15000,16.4,1,0.26,N,4
24,100400,MORTGAGE,6,HOMEIMPROVEMENT,E,10000,16.4,0,0.1,Y,4
24,90996,MORTGAGE,8,HOMEIMPROVEMENT,E,20000,16.32,0,0.22,Y,4
24,98004,RENT,0,VENTURE,D,16000,16.32,1,0.16,Y,4
24,65000,RENT,8,VENTURE,E,15000,16.32,1,0.23,Y,4
24,50000,OWN,5,DEBTCONSOLIDATION,D,15000,16.29,0,0.3,N,4
24,42000,RENT,8,MEDICAL,D,8000,16.29,1,0.19,N,4
24,75000,MORTGAGE,7,EDUCATION,D,8000,16.29,0,0.11,Y,4
24,35000,OWN,1,HOMEIMPROVEMENT,D,7000,16.29,0,0.2,Y,4
24,35000,OWN,1,MEDICAL,D,7000,16.29,0,0.2,N,4
24,27000,RENT,1,MEDICAL,D,1500,16.29,1,0.06,Y,4
24,100000,MORTGAGE,8,PERSONAL,D,17400,16.07,0,0.17,Y,4
24,83904,MORTGAGE,8,DEBTCONSOLIDATION,D,16000,16.07,1,0.19,Y,4
24,49500,RENT,9,EDUCATION,D,6000,16.07,0,0.12,Y,4
24,39875,RENT,7,PERSONAL,D,13300,16,1,0.33,Y,4
24,59000,RENT,2,DEBTCONSOLIDATION,D,6000,16,1,0.1,N,4
24,4800,RENT,0,VENTURE,E,2400,16,1,0.5,Y,4
24,83004,RENT,0,VENTURE,D,28000,15.99,1,0.34,Y,4
24,85850,MORTGAGE,3,MEDICAL,D,12000,15.99,1,0.12,Y,4
24,100000,MORTGAGE,7,EDUCATION,D,10300,15.99,0,0.1,Y,4
24,45000,RENT,0,DEBTCONSOLIDATION,D,4000,15.99,1,0.09,N,4
24,25920,OWN,4,EDUCATION,D,3250,15.99,0,0.13,Y,4
24,78000,MORTGAGE,8,VENTURE,C,24000,15.96,1,0.31,N,4
24,44000,OWN,9,VENTURE,C,6000,15.96,0,0.14,Y,4
24,65000,RENT,4,EDUCATION,D,21250,15.95,1,0.33,Y,4
24,56100,MORTGAGE,4,MEDICAL,D,4900,15.95,1,0.07,Y,4
24,35000,RENT,4,PERSONAL,D,14400,15.7,1,0.41,N,4
24,29000,RENT,4,MEDICAL,D,14400,15.7,1,0.5,N,4
24,30000,RENT,1,HOMEIMPROVEMENT,D,5000,15.7,1,0.17,Y,4
24,49700,RENT,3,MEDICAL,E,15000,15.68,1,0.3,N,4
24,68000,MORTGAGE,1,PERSONAL,E,5500,15.68,0,0.08,N,4
24,89000,MORTGAGE,1,VENTURE,D,25000,15.65,1,0.28,Y,4
24,62900,RENT,1,MEDICAL,D,16800,15.65,1,0.23,N,4
24,54000,RENT,0,HOMEIMPROVEMENT,D,16000,15.65,1,0.3,N,4
24,65000,RENT,5,HOMEIMPROVEMENT,D,10000,15.65,0,0.15,Y,4
24,24000,RENT,2,EDUCATION,D,3500,15.65,1,0.15,Y,4
24,105018,MORTGAGE,8,HOMEIMPROVEMENT,D,28000,15.62,0,0.27,Y,4
24,110000,RENT,7,VENTURE,D,24000,15.62,0,0.22,N,4
24,110000,MORTGAGE,8,PERSONAL,D,10000,15.62,0,0.09,Y,4
24,27600,RENT,4,PERSONAL,D,7000,15.62,1,0.25,Y,4
24,24000,RENT,0,VENTURE,D,7000,15.62,1,0.29,N,4
24,53000,MORTGAGE,6,MEDICAL,D,5000,15.62,1,0.09,N,4
24,50000,RENT,1,HOMEIMPROVEMENT,D,5000,15.62,1,0.1,N,4
24,30960,RENT,5,MEDICAL,D,3000,15.62,0,0.1,N,4
24,30000,RENT,4,MEDICAL,D,1400,15.62,1,0.05,Y,4
24,68000,RENT,5,MEDICAL,D,15000,15.58,1,0.19,Y,4
24,49000,MORTGAGE,2,VENTURE,E,20000,15.57,0,0.41,Y,4
24,84996,OWN,4,DEBTCONSOLIDATION,D,8000,15.57,0,0.09,Y,4
24,123000,RENT,8,PERSONAL,D,15000,15.37,1,0.12,N,4
24,44700,OWN,8,MEDICAL,D,14400,15.37,0,0.32,Y,4
24,57996,RENT,8,MEDICAL,D,2000,15.37,1,0.03,N,4
24,100000,MORTGAGE,8,HOMEIMPROVEMENT,D,12000,15.33,0,0.12,N,4
24,41000,OWN,9,HOMEIMPROVEMENT,D,10000,15.33,0,0.24,N,4
24,78000,MORTGAGE,0,DEBTCONSOLIDATION,D,19500,15.31,1,0.25,N,4
24,112000,MORTGAGE,5,PERSONAL,D,15000,15.31,0,0.13,N,4
24,65000,MORTGAGE,7,VENTURE,D,14000,15.31,0,0.22,Y,4
24,51000,RENT,7,PERSONAL,D,9600,15.31,0,0.19,Y,4
24,52000,MORTGAGE,8,EDUCATION,D,5000,15.28,1,0.1,N,4
24,112000,RENT,5,DEBTCONSOLIDATION,C,5400,15.27,0,0.05,Y,4
24,74000,RENT,6,EDUCATION,C,5000,15.27,1,0.07,N,4
24,80004,OWN,3,HOMEIMPROVEMENT,C,2425,15.27,0,0.03,Y,4
24,48000,OWN,8,VENTURE,C,2200,15.27,0,0.05,Y,4
24,95000,OWN,4,PERSONAL,C,10000,15.23,0,0.11,N,4
24,70000,MORTGAGE,2,EDUCATION,C,6000,15.23,0,0.09,N,4
24,105000,MORTGAGE,8,HOMEIMPROVEMENT,C,5600,15.23,0,0.05,N,4
24,84996,RENT,3,HOMEIMPROVEMENT,D,10000,15.21,0,0.12,N,4
24,69000,RENT,2,DEBTCONSOLIDATION,D,4800,15.21,1,0.07,N,4
24,64000,RENT,7,DEBTCONSOLIDATION,D,3000,15.21,1,0.05,N,4
24,27500,RENT,0,PERSONAL,E,5000,15.07,1,0.18,Y,4
24,115000,MORTGAGE,3,DEBTCONSOLIDATION,D,12000,15.05,1,0.1,N,4
24,29000,RENT,0,EDUCATION,D,11000,15.05,1,0.38,Y,4
24,58668,RENT,8,MEDICAL,D,6000,15.05,1,0.1,Y,4
24,37004,RENT,2,VENTURE,D,5500,15.05,1,0.15,N,4
24,15915,RENT,0,PERSONAL,D,2000,15.05,1,0.13,Y,4
24,79000,RENT,9,DEBTCONSOLIDATION,D,25000,14.96,1,0.32,Y,4
24,60000,RENT,0,VENTURE,D,24000,14.96,1,0.4,N,4
24,59000,RENT,1,HOMEIMPROVEMENT,D,18000,14.96,1,0.31,Y,4
24,59000,RENT,7,HOMEIMPROVEMENT,D,15250,14.96,0,0.26,N,4
24,55845,RENT,1,MEDICAL,D,14000,14.96,1,0.21,N,4
24,108000,MORTGAGE,5,EDUCATION,D,9950,14.96,0,0.09,Y,4
24,35004,OWN,8,DEBTCONSOLIDATION,D,8000,14.96,0,0.23,N,4
24,116300,RENT,6,HOMEIMPROVEMENT,D,5000,14.96,0,0.04,Y,4
24,33996,RENT,2,EDUCATION,D,5000,14.96,1,0.15,Y,4
24,25200,RENT,8,DEBTCONSOLIDATION,D,2000,14.96,1,0.08,Y,4
24,57000,MORTGAGE,8,VENTURE,D,14000,14.91,0,0.25,N,4
24,53000,MORTGAGE,8,HOMEIMPROVEMENT,D,10000,14.91,0,0.19,N,4
24,30000,RENT,0,MEDICAL,D,9600,14.91,1,0.32,Y,4
24,33000,RENT,4,MEDICAL,D,4800,14.91,1,0.15,Y,4
24,70000,RENT,8,VENTURE,E,20000,14.88,1,0.29,N,4
24,62400,RENT,4,DEBTCONSOLIDATION,D,20000,14.84,1,0.32,N,4
24,73000,RENT,1,DEBTCONSOLIDATION,D,11400,14.84,1,0.16,Y,4
24,31000,MORTGAGE,8,PERSONAL,D,9000,14.84,1,0.29,Y,4
24,32004,RENT,2,PERSONAL,D,6000,14.84,1,0.19,N,4
24,16800,RENT,2,DEBTCONSOLIDATION,D,6000,14.84,1,0.36,Y,4
24,134000,MORTGAGE,2,DEBTCONSOLIDATION,D,25000,14.83,1,0.19,N,4
24,69000,RENT,0,HOMEIMPROVEMENT,E,20000,14.82,1,0.29,N,4
24,20400,RENT,3,VENTURE,C,7550,14.79,1,0.37,N,4
24,21600,RENT,,VENTURE,C,6500,14.79,1,0.3,Y,4
24,50000,RENT,5,MEDICAL,C,6000,14.79,0,0.12,N,4
24,28000,RENT,3,MEDICAL,E,6400,14.75,0,0.23,Y,4
24,56100,RENT,4,MEDICAL,D,20000,14.74,1,0.3,Y,4
24,50000,RENT,3,PERSONAL,D,5000,14.74,0,0.1,Y,4
24,144000,MORTGAGE,,DEBTCONSOLIDATION,C,8000,14.72,0,0.06,N,4
24,30000,MORTGAGE,3,DEBTCONSOLIDATION,C,4500,14.72,0,0.15,Y,4
24,72000,MORTGAGE,8,EDUCATION,C,14000,14.65,1,0.19,Y,4
24,72000,MORTGAGE,8,EDUCATION,C,14000,14.65,1,0.19,N,4
24,40000,RENT,2,VENTURE,C,9600,14.65,0,0.24,N,4
24,80000,MORTGAGE,6,HOMEIMPROVEMENT,C,7000,14.65,0,0.09,N,4
24,62050,MORTGAGE,1,MEDICAL,C,5600,14.65,1,0.08,N,4
24,86400,RENT,5,DEBTCONSOLIDATION,C,2800,14.65,0,0.03,Y,4
24,56000,RENT,3,EDUCATION,D,20000,14.61,1,0.36,Y,4
24,39000,RENT,3,MEDICAL,D,4000,14.61,0,0.1,Y,4
24,39000,RENT,0,MEDICAL,D,3000,14.61,1,0.08,Y,4
24,66000,RENT,2,PERSONAL,D,18000,14.54,1,0.27,Y,4
24,54000,RENT,2,VENTURE,E,12500,14.5,1,0.23,N,4
24,184992,RENT,7,HOMEIMPROVEMENT,D,22000,14.46,0,0.12,Y,4
24,46000,RENT,0,PERSONAL,D,5975,14.46,1,0.13,Y,4
24,34000,RENT,3,PERSONAL,D,10800,14.42,1,0.32,Y,4
24,60000,MORTGAGE,8,PERSONAL,D,10000,14.42,0,0.17,N,4
24,39000,RENT,8,PERSONAL,D,7000,14.42,1,0.18,N,4
24,54000,MORTGAGE,8,PERSONAL,D,1500,14.42,1,0.03,Y,4
24,69764,RENT,2,PERSONAL,D,1500,14.42,1,0.02,Y,4
24,69764,RENT,2,VENTURE,D,1500,14.42,1,0.02,Y,4
24,56000,MORTGAGE,1,VENTURE,C,10000,14.35,1,0.18,N,4
24,34000,MORTGAGE,1,PERSONAL,C,5100,14.35,0,0.15,N,4
24,19200,RENT,1,MEDICAL,C,4000,14.35,1,0.21,Y,4
24,54400,RENT,8,MEDICAL,C,35000,14.27,1,0.55,Y,4
24,45000,MORTGAGE,0,EDUCATION,C,10625,14.27,1,0.24,N,4
24,50000,RENT,3,HOMEIMPROVEMENT,C,10000,14.27,0,0.2,Y,4
24,56000,RENT,8,PERSONAL,C,5000,14.27,0,0.09,N,4
24,130000,MORTGAGE,0,HOMEIMPROVEMENT,C,15000,14.26,0,0.12,Y,4
24,43200,MORTGAGE,0,HOMEIMPROVEMENT,C,10000,14.26,0,0.23,Y,4
24,43200,MORTGAGE,0,EDUCATION,C,10000,14.26,0,0.23,N,4
24,28800,RENT,0,HOMEIMPROVEMENT,C,2400,14.26,1,0.08,Y,4
24,39000,MORTGAGE,2,HOMEIMPROVEMENT,C,16000,14.22,1,0.41,N,4
24,91800,MORTGAGE,0,MEDICAL,C,16000,14.22,1,0.15,N,4
24,102000,RENT,8,HOMEIMPROVEMENT,C,15000,14.22,0,0.15,N,4
24,48000,RENT,7,PERSONAL,C,10000,14.22,0,0.21,Y,4
24,46800,MORTGAGE,8,VENTURE,C,6000,14.22,0,0.13,Y,4
24,39862,RENT,8,MEDICAL,C,5000,14.22,0,0.13,N,4
24,102996,MORTGAGE,1,VENTURE,C,5000,14.22,0,0.05,Y,4
24,16800,RENT,1,EDUCATION,C,5000,14.22,1,0.3,Y,4
24,17496,RENT,,EDUCATION,C,3700,14.22,1,0.21,N,4
24,40000,RENT,1,MEDICAL,C,3000,14.22,0,0.07,N,4
24,21168,RENT,3,VENTURE,C,2800,14.22,0,0.13,Y,4
24,30000,RENT,2,DEBTCONSOLIDATION,C,1500,14.22,0,0.05,Y,4
24,81000,RENT,2,DEBTCONSOLIDATION,C,14000,14.17,0,0.17,N,4
24,43200,RENT,3,EDUCATION,C,5000,14.17,0,0.12,Y,4
24,78600,RENT,0,HOMEIMPROVEMENT,D,12800,14.11,1,0.16,Y,4
24,54000,RENT,1,DEBTCONSOLIDATION,D,10000,14.11,1,0.19,N,4
24,26000,RENT,2,HOMEIMPROVEMENT,D,6200,14.11,1,0.24,N,4
24,34000,MORTGAGE,2,HOMEIMPROVEMENT,D,6000,14.11,0,0.18,N,4
24,30000,RENT,0,PERSONAL,D,6000,14.11,1,0.2,Y,4
24,52000,OWN,4,DEBTCONSOLIDATION,D,7000,14.09,0,0.13,Y,4
24,74004,OWN,2,EDUCATION,D,5000,14.09,0,0.07,N,4
24,72400,MORTGAGE,4,HOMEIMPROVEMENT,C,35000,13.99,0,0.48,N,4
24,120000,MORTGAGE,1,EDUCATION,D,25000,13.99,0,0.21,N,4
24,60000,RENT,6,HOMEIMPROVEMENT,C,15000,13.99,0,0.25,N,4
24,72000,RENT,8,HOMEIMPROVEMENT,C,12000,13.99,0,0.17,Y,4
24,75000,MORTGAGE,4,DEBTCONSOLIDATION,C,11200,13.99,0,0.15,Y,4
24,62000,MORTGAGE,8,EDUCATION,C,10000,13.99,0,0.16,Y,4
24,85000,MORTGAGE,2,EDUCATION,C,7500,13.99,0,0.09,Y,4
24,43995,RENT,,PERSONAL,C,7400,13.99,1,0.17,Y,4
24,90000,RENT,0,MEDICAL,C,7000,13.99,0,0.08,N,4
24,50000,MORTGAGE,7,HOMEIMPROVEMENT,C,6000,13.99,0,0.12,Y,4
24,38000,RENT,8,MEDICAL,C,5000,13.99,0,0.13,N,4
24,8400,RENT,,EDUCATION,C,1500,13.99,1,0.18,N,4
24,87000,RENT,0,PERSONAL,C,1000,13.99,0,0.01,N,4
24,35000,RENT,0,VENTURE,C,6000,13.98,0,0.17,Y,4
24,16800,RENT,3,MEDICAL,C,2400,13.98,1,0.14,Y,4
24,85000,RENT,1,MEDICAL,C,9000,13.92,0,0.11,N,4
24,96000,MORTGAGE,7,HOMEIMPROVEMENT,C,6000,13.92,0,0.06,Y,4
24,31609,RENT,4,MEDICAL,C,4000,13.92,0,0.13,Y,4
24,32000,RENT,1,EDUCATION,C,1500,13.92,0,0.05,Y,4
24,60000,RENT,8,PERSONAL,D,20000,13.87,1,0.33,N,4
24,84200,RENT,8,MEDICAL,C,24500,13.85,0,0.29,N,4
24,52000,MORTGAGE,8,EDUCATION,C,12000,13.85,0,0.23,Y,4
24,48720,RENT,,PERSONAL,C,10000,13.85,0,0.21,N,4
24,62000,RENT,1,MEDICAL,C,1600,13.85,0,0.03,Y,4
24,62000,RENT,1,MEDICAL,C,1600,13.85,0,0.03,Y,4
24,25000,RENT,,VENTURE,C,2400,13.8,0,0.1,Y,4
24,63000,MORTGAGE,8,PERSONAL,C,11400,13.79,0,0.18,N,4
24,47000,MORTGAGE,5,DEBTCONSOLIDATION,C,10000,13.79,0,0.21,Y,4
24,50004,RENT,2,VENTURE,C,10000,13.79,0,0.2,Y,4
24,48996,RENT,5,MEDICAL,C,5000,13.79,0,0.1,Y,4
24,48996,RENT,5,VENTURE,C,5000,13.79,0,0.1,N,4
24,77350,MORTGAGE,2,DEBTCONSOLIDATION,C,4800,13.79,0,0.06,Y,4
24,90000,MORTGAGE,8,EDUCATION,C,3000,13.79,0,0.03,Y,4
24,30000,RENT,2,MEDICAL,C,2400,13.72,0,0.08,Y,4
24,25000,RENT,3,EDUCATION,D,3250,13.67,0,0.13,N,4
24,54000,MORTGAGE,9,MEDICAL,C,15600,13.61,0,0.29,Y,4
24,130000,MORTGAGE,8,PERSONAL,C,13000,13.61,0,0.1,N,4
24,120000,RENT,4,HOMEIMPROVEMENT,C,10000,13.61,0,0.08,Y,4
24,33600,RENT,0,PERSONAL,C,7000,13.61,0,0.21,Y,4
24,97000,MORTGAGE,6,HOMEIMPROVEMENT,C,6800,13.61,0,0.07,Y,4
24,60000,MORTGAGE,6,PERSONAL,C,2400,13.61,0,0.04,Y,4
24,45000,RENT,5,MEDICAL,C,1300,13.61,0,0.03,Y,4
24,156000,MORTGAGE,6,MEDICAL,C,15000,13.57,0,0.1,Y,4
24,58000,RENT,5,EDUCATION,C,17500,13.49,0,0.3,Y,4
24,50000,RENT,0,EDUCATION,C,15000,13.49,0,0.3,Y,4
24,75000,MORTGAGE,7,HOMEIMPROVEMENT,C,12000,13.49,0,0.16,Y,4
24,79768,OWN,2,EDUCATION,C,12000,13.49,0,0.15,Y,4
24,75000,MORTGAGE,4,PERSONAL,C,11125,13.49,0,0.15,N,4
24,70000,MORTGAGE,2,MEDICAL,C,10000,13.49,0,0.14,N,4
24,23000,RENT,0,HOMEIMPROVEMENT,C,8000,13.49,1,0.35,N,4
24,43200,RENT,8,MEDICAL,C,7200,13.49,0,0.17,Y,4
24,36000,OWN,4,PERSONAL,C,5000,13.49,0,0.14,Y,4
24,70000,RENT,8,VENTURE,C,4000,13.49,0,0.06,Y,4
24,65004,MORTGAGE,8,HOMEIMPROVEMENT,C,3600,13.49,0,0.06,Y,4
24,98450,RENT,8,EDUCATION,C,2700,13.49,0,0.03,N,4
24,43000,MORTGAGE,5,HOMEIMPROVEMENT,C,2500,13.49,0,0.06,Y,4
24,54000,RENT,3,MEDICAL,C,2400,13.49,1,0.04,Y,4
24,80000,OWN,5,EDUCATION,C,2200,13.49,0,0.03,N,4
24,19200,RENT,2,MEDICAL,C,2000,13.49,0,0.1,N,4
24,35100,RENT,8,VENTURE,C,1000,13.49,0,0.03,Y,4
24,80000,MORTGAGE,8,PERSONAL,C,12000,13.48,0,0.15,Y,4
24,35000,RENT,8,DEBTCONSOLIDATION,C,10000,13.48,0,0.29,N,4
24,25000,RENT,5,MEDICAL,C,2500,13.48,0,0.1,Y,4
24,7500,RENT,0,HOMEIMPROVEMENT,C,1200,13.48,1,0.16,N,4
24,172000,MORTGAGE,6,DEBTCONSOLIDATION,C,20000,13.47,1,0.12,Y,4
24,63000,MORTGAGE,0,MEDICAL,C,15000,13.47,0,0.24,N,4
24,26000,RENT,1,MEDICAL,C,5375,13.47,0,0.21,Y,4
24,31000,RENT,8,VENTURE,C,13500,13.43,1,0.44,N,4
24,31000,RENT,8,VENTURE,C,13500,13.43,1,0.44,Y,4
24,58000,MORTGAGE,8,EDUCATION,C,8000,13.43,0,0.14,N,4
24,21000,RENT,0,DEBTCONSOLIDATION,C,4000,13.43,0,0.19,N,4
24,79632,RENT,0,EDUCATION,C,25000,13.35,1,0.31,N,4
24,45600,RENT,2,VENTURE,C,18250,13.35,1,0.4,N,4
24,54000,RENT,1,PERSONAL,C,10000,13.35,0,0.19,N,4
24,48000,RENT,4,EDUCATION,C,2500,13.35,0,0.05,N,4
24,20160,RENT,3,MEDICAL,C,1500,13.35,0,0.07,N,4
24,69400,RENT,8,VENTURE,D,15000,13.24,0,0.22,N,4
24,57996,RENT,4,HOMEIMPROVEMENT,D,5000,13.24,0,0.09,N,4
24,138000,RENT,4,PERSONAL,C,5000,13.23,1,0.04,Y,4
24,55164,RENT,8,PERSONAL,C,25000,13.22,1,0.45,Y,4
24,44160,OTHER,7,MEDICAL,C,10000,13.22,0,0.23,N,4
24,50000,RENT,2,VENTURE,C,4800,13.22,0,0.1,N,4
24,49000,MORTGAGE,2,VENTURE,D,7000,13.17,0,0.14,Y,4
24,45996,RENT,2,VENTURE,C,10800,13.16,0,0.23,N,4
24,45996,RENT,2,VENTURE,C,10800,13.16,0,0.23,N,4
24,42000,RENT,4,PERSONAL,C,10600,13.16,0,0.25,Y,4
24,43000,RENT,2,MEDICAL,C,10000,13.16,0,0.23,N,4
24,33996,RENT,1,VENTURE,C,7000,13.16,1,0.21,N,4
24,36500,MORTGAGE,0,EDUCATION,C,7000,13.16,0,0.19,Y,4
24,33321,OWN,4,VENTURE,C,12250,13.11,0,0.37,Y,4
24,33321,OWN,4,VENTURE,C,12250,13.11,0,0.37,Y,4
24,45000,RENT,0,VENTURE,C,10000,13.11,0,0.22,Y,4
24,112500,MORTGAGE,3,DEBTCONSOLIDATION,C,8600,13.11,0,0.08,N,4
24,48000,RENT,6,EDUCATION,C,5000,13.11,0,0.1,Y,4
24,25000,RENT,6,DEBTCONSOLIDATION,C,3200,13.11,1,0.13,N,4
24,15000,RENT,0,EDUCATION,C,2100,13.11,0,0.14,Y,4
24,31200,RENT,3,MEDICAL,C,1950,13.11,0,0.06,Y,4
24,80000,RENT,3,VENTURE,C,20000,13.06,0,0.25,N,4
24,106800,MORTGAGE,8,PERSONAL,C,16000,13.06,0,0.15,Y,4
24,72000,RENT,8,DEBTCONSOLIDATION,C,16000,13.06,0,0.22,N,4
24,48000,OWN,2,EDUCATION,C,15000,13.06,0,0.31,N,4
24,193000,MORTGAGE,8,PERSONAL,C,10000,13.06,0,0.05,Y,4
24,193000,MORTGAGE,8,EDUCATION,C,10000,13.06,0,0.05,N,4
24,100000,RENT,8,MEDICAL,C,8400,13.06,0,0.08,N,4
24,49200,OWN,8,EDUCATION,C,4000,13.06,0,0.08,N,4
24,38000,RENT,2,EDUCATION,C,3000,13.06,0,0.08,N,4
24,57000,MORTGAGE,9,MEDICAL,C,6500,13.04,1,0.11,Y,4
24,33000,MORTGAGE,3,VENTURE,C,4000,13.04,0,0.12,N,4
24,150000,MORTGAGE,8,PERSONAL,C,25000,12.99,0,0.17,Y,4
24,100000,RENT,1,PERSONAL,C,10200,12.99,0,0.1,Y,4
24,85000,MORTGAGE,8,VENTURE,C,10000,12.99,0,0.12,Y,4
24,94102,MORTGAGE,8,MEDICAL,C,8475,12.99,1,0.08,N,4
24,24000,RENT,,MEDICAL,C,6000,12.99,0,0.25,Y,4
24,73500,RENT,3,HOMEIMPROVEMENT,C,5000,12.99,0,0.07,N,4
24,33000,RENT,2,VENTURE,C,3300,12.99,0,0.1,N,4
24,48000,RENT,0,PERSONAL,C,2400,12.99,0,0.05,Y,4
24,51024,MORTGAGE,8,HOMEIMPROVEMENT,C,2000,12.99,0,0.04,Y,4
24,72000,MORTGAGE,6,EDUCATION,C,10000,12.98,0,0.14,N,4
24,110000,MORTGAGE,8,PERSONAL,C,5600,12.98,0,0.05,Y,4
24,45996,RENT,3,EDUCATION,C,2000,12.98,0,0.04,Y,4
24,37200,RENT,4,MEDICAL,D,10000,12.92,0,0.27,Y,4
24,33996,RENT,2,VENTURE,D,5000,12.92,1,0.15,N,4
24,123000,MORTGAGE,8,DEBTCONSOLIDATION,C,24250,12.87,1,0.2,Y,4
24,51600,OWN,8,VENTURE,C,20000,12.87,0,0.39,N,4
24,67430,MORTGAGE,8,MEDICAL,C,12000,12.87,0,0.18,Y,4
24,100000,MORTGAGE,0,HOMEIMPROVEMENT,C,10000,12.87,0,0.1,Y,4
24,100000,MORTGAGE,0,MEDICAL,C,10000,12.87,0,0.1,Y,4
24,55000,RENT,6,DEBTCONSOLIDATION,C,9000,12.87,0,0.16,N,4
24,35000,RENT,3,VENTURE,C,8400,12.87,0,0.24,Y,4
24,52800,RENT,1,DEBTCONSOLIDATION,C,8000,12.87,0,0.15,N,4
24,27311,RENT,1,MEDICAL,C,6250,12.87,0,0.23,Y,4
24,18000,RENT,2,EDUCATION,C,4000,12.87,1,0.22,Y,4
24,26000,RENT,2,MEDICAL,C,1325,12.87,1,0.05,N,4
24,90000,MORTGAGE,5,VENTURE,C,19200,12.84,1,0.21,Y,4
24,145000,RENT,3,VENTURE,C,14000,12.84,0,0.1,Y,4
24,35004,RENT,0,PERSONAL,C,10000,12.84,0,0.29,Y,4
24,77496,RENT,2,VENTURE,C,9000,12.84,0,0.12,N,4
24,28000,RENT,9,DEBTCONSOLIDATION,C,8000,12.84,0,0.29,N,4
24,92000,RENT,1,VENTURE,C,25000,12.73,0,0.27,Y,4
24,110000,OWN,8,VENTURE,C,16000,12.73,0,0.15,N,4
24,32004,MORTGAGE,5,VENTURE,C,14000,12.73,0,0.44,N,4
24,35000,RENT,3,DEBTCONSOLIDATION,C,10000,12.73,0,0.29,Y,4
24,48602,RENT,0,MEDICAL,C,9500,12.73,0,0.2,N,4
24,45000,RENT,8,MEDICAL,C,8000,12.73,0,0.18,Y,4
24,32500,MORTGAGE,6,MEDICAL,C,6600,12.73,0,0.2,N,4
24,24000,RENT,0,MEDICAL,C,5600,12.73,0,0.23,N,4
24,42000,RENT,0,MEDICAL,C,3000,12.73,0,0.07,N,4
24,29140,RENT,1,VENTURE,C,2250,12.73,0,0.08,N,4
24,85000,MORTGAGE,8,MEDICAL,B,25600,12.69,0,0.3,N,4
24,120000,RENT,1,VENTURE,B,24000,12.69,0,0.2,N,4
24,67000,OWN,2,MEDICAL,B,16000,12.69,0,0.24,N,4
24,135000,RENT,6,MEDICAL,B,14400,12.69,0,0.11,N,4
24,106000,RENT,6,HOMEIMPROVEMENT,B,13000,12.69,1,0.12,N,4
24,90100,RENT,6,MEDICAL,B,13000,12.69,1,0.12,N,4
24,65000,MORTGAGE,2,VENTURE,B,12000,12.69,0,0.18,N,4
24,44000,RENT,4,DEBTCONSOLIDATION,B,10400,12.69,0,0.24,N,4
24,75000,RENT,1,EDUCATION,B,8400,12.69,0,0.11,N,4
24,95000,MORTGAGE,1,PERSONAL,B,7450,12.69,0,0.08,N,4
24,85000,MORTGAGE,2,MEDICAL,B,7000,12.69,0,0.08,N,4
24,108000,RENT,8,EDUCATION,B,5000,12.69,0,0.05,N,4
24,30000,RENT,6,DEBTCONSOLIDATION,B,5000,12.69,1,0.17,N,4
24,12000,OWN,4,PERSONAL,B,2500,12.69,1,0.21,N,4
24,59393,MORTGAGE,4,DEBTCONSOLIDATION,B,2400,12.69,0,0.04,N,4
24,57000,MORTGAGE,0,MEDICAL,B,2400,12.69,0,0.04,N,4
24,57000,MORTGAGE,0,DEBTCONSOLIDATION,B,2400,12.69,0,0.04,N,4
24,42000,RENT,1,PERSONAL,B,2000,12.69,1,0.05,N,4
24,48000,MORTGAGE,,HOMEIMPROVEMENT,B,2000,12.69,0,0.04,N,4
24,118300,RENT,1,PERSONAL,C,15000,12.68,0,0.13,N,4
24,70000,RENT,4,EDUCATION,C,14400,12.68,0,0.21,Y,4
24,70000,RENT,4,VENTURE,C,14400,12.68,0,0.21,N,4
24,87500,RENT,9,DEBTCONSOLIDATION,C,12000,12.68,0,0.14,Y,4
24,123000,MORTGAGE,6,PERSONAL,C,8000,12.68,0,0.07,N,4
24,21600,RENT,0,EDUCATION,C,6600,12.68,1,0.31,Y,4
24,21600,RENT,0,DEBTCONSOLIDATION,C,6600,12.68,1,0.31,N,4
24,42000,RENT,8,DEBTCONSOLIDATION,C,6000,12.68,0,0.14,N,4
24,25000,RENT,0,DEBTCONSOLIDATION,C,5625,12.68,0,0.23,N,4
24,32000,RENT,2,EDUCATION,C,3850,12.68,0,0.12,Y,4
24,51600,RENT,1,HOMEIMPROVEMENT,C,3000,12.68,0,0.06,Y,4
24,75000,MORTGAGE,8,DEBTCONSOLIDATION,C,12000,12.61,0,0.16,N,4
24,143123,MORTGAGE,2,PERSONAL,D,4000,12.61,0,0.03,N,4
24,70082,RENT,5,VENTURE,C,2500,12.61,0,0.04,N,4
24,101000,OWN,5,MEDICAL,B,24250,12.53,0,0.24,N,4
24,35364,RENT,1,MEDICAL,B,20000,12.53,1,0.57,N,4
24,53000,RENT,7,MEDICAL,C,12000,12.53,0,0.23,Y,4
24,141000,MORTGAGE,2,EDUCATION,B,12000,12.53,0,0.09,N,4
24,96408,RENT,1,EDUCATION,C,7700,12.53,0,0.08,Y,4
24,59000,MORTGAGE,3,DEBTCONSOLIDATION,C,6800,12.53,1,0.12,Y,4
24,81996,RENT,1,DEBTCONSOLIDATION,C,4000,12.53,0,0.05,N,4
24,48000,OWN,3,HOMEIMPROVEMENT,C,2800,12.53,0,0.06,Y,4
24,69996,RENT,3,HOMEIMPROVEMENT,B,2500,12.53,0,0.04,N,4
24,40000,OWN,7,EDUCATION,C,2000,12.53,0,0.05,N,4
24,40000,OWN,7,VENTURE,C,2000,12.53,0,0.05,N,4
24,66500,MORTGAGE,7,VENTURE,C,1400,12.53,0,0.02,Y,4
24,28000,RENT,8,MEDICAL,B,1000,12.53,0,0.04,N,4
24,19200,RENT,2,EDUCATION,B,1000,12.53,0,0.05,N,4
24,50000,RENT,1,MEDICAL,B,18000,12.42,1,0.36,N,4
24,125000,RENT,8,VENTURE,B,16800,12.42,0,0.13,N,4
24,40000,MORTGAGE,1,MEDICAL,B,7500,12.42,0,0.19,N,4
24,31200,RENT,3,DEBTCONSOLIDATION,B,4000,12.42,0,0.13,N,4
24,16000,RENT,0,VENTURE,B,3250,12.42,1,0.2,N,4
24,20000,RENT,0,MEDICAL,C,8000,12.41,1,0.4,Y,4
24,70000,RENT,5,HOMEIMPROVEMENT,C,14400,12.23,0,0.21,N,4
24,61400,RENT,1,VENTURE,C,12250,12.23,0,0.2,N,4
24,39996,MORTGAGE,8,DEBTCONSOLIDATION,C,7500,12.22,0,0.19,N,4
24,48000,RENT,8,MEDICAL,C,6000,12.22,0,0.13,Y,4
24,51500,RENT,6,VENTURE,B,20000,12.21,1,0.39,N,4
24,51500,RENT,6,DEBTCONSOLIDATION,B,20000,12.21,1,0.39,N,4
24,47000,MORTGAGE,3,HOMEIMPROVEMENT,B,12000,12.21,0,0.26,N,4
24,82632,RENT,0,EDUCATION,B,10000,12.21,0,0.12,N,4
24,72000,MORTGAGE,5,DEBTCONSOLIDATION,B,8000,12.21,0,0.11,N,4
24,64000,MORTGAGE,8,VENTURE,B,4800,12.21,0,0.07,N,4
24,114750,RENT,1,MEDICAL,B,3400,12.21,1,0.03,N,4
24,78000,OWN,8,EDUCATION,B,25000,12.18,0,0.32,N,4
24,61000,RENT,2,HOMEIMPROVEMENT,B,20000,12.18,1,0.33,N,4
24,110000,RENT,4,DEBTCONSOLIDATION,B,18000,12.18,0,0.16,N,4
24,120000,RENT,8,VENTURE,B,16000,12.18,0,0.13,N,4
24,81000,MORTGAGE,0,DEBTCONSOLIDATION,B,15000,12.18,0,0.19,N,4
24,94000,RENT,3,PERSONAL,B,10600,12.18,0,0.11,N,4
24,34000,MORTGAGE,0,MEDICAL,B,10000,12.18,0,0.29,N,4
24,34000,MORTGAGE,0,DEBTCONSOLIDATION,B,10000,12.18,0,0.29,N,4
24,46809,RENT,4,DEBTCONSOLIDATION,B,5000,12.18,0,0.11,N,4
24,74000,RENT,0,PERSONAL,B,4500,12.18,0,0.06,N,4
24,36000,RENT,1,PERSONAL,B,8000,12.12,1,0.22,N,4
24,65000,RENT,0,HOMEIMPROVEMENT,B,23000,11.99,1,0.35,N,4
24,70000,MORTGAGE,4,EDUCATION,B,21000,11.99,0,0.3,N,4
24,113000,MORTGAGE,5,EDUCATION,B,17950,11.99,0,0.16,N,4
24,82000,RENT,7,PERSONAL,B,17400,11.99,0,0.21,N,4
24,42300,RENT,8,PERSONAL,B,15000,11.99,1,0.35,N,4
24,65000,MORTGAGE,8,PERSONAL,B,10000,11.99,0,0.15,N,4
24,52000,RENT,5,HOMEIMPROVEMENT,B,10000,11.99,0,0.19,N,4
24,40000,RENT,5,PERSONAL,B,10000,11.99,0,0.25,N,4
24,40000,RENT,1,VENTURE,B,9000,11.99,0,0.23,N,4
24,40800,MORTGAGE,0,MEDICAL,B,8000,11.99,0,0.2,N,4
24,87996,MORTGAGE,1,PERSONAL,B,7000,11.99,0,0.08,N,4
24,109000,MORTGAGE,8,EDUCATION,B,6000,11.99,0,0.06,N,4
24,24000,RENT,1,MEDICAL,B,6000,11.99,0,0.25,N,4
24,48000,MORTGAGE,4,MEDICAL,B,4200,11.99,0,0.09,N,4
24,133000,MORTGAGE,8,HOMEIMPROVEMENT,B,3000,11.99,0,0.02,N,4
24,40000,MORTGAGE,5,DEBTCONSOLIDATION,B,3000,11.99,0,0.07,N,4
24,40000,RENT,2,PERSONAL,B,2000,11.99,0,0.05,N,4
24,54996,RENT,2,HOMEIMPROVEMENT,B,23600,11.89,1,0.43,N,4
24,44600,MORTGAGE,5,MEDICAL,B,20000,11.89,0,0.45,N,4
24,69000,RENT,2,DEBTCONSOLIDATION,B,16000,11.89,1,0.23,N,4
24,94992,RENT,1,EDUCATION,B,12000,11.89,0,0.13,N,4
24,90000,RENT,8,HOMEIMPROVEMENT,B,10000,11.89,0,0.11,N,4
24,45000,MORTGAGE,2,HOMEIMPROVEMENT,B,9200,11.89,0,0.2,N,4
24,48000,OTHER,5,VENTURE,B,7800,11.89,0,0.16,N,4
24,57996,MORTGAGE,5,HOMEIMPROVEMENT,B,2400,11.89,0,0.04,N,4
24,18000,RENT,0,EDUCATION,B,1200,11.89,0,0.07,N,4
24,70000,RENT,3,EDUCATION,B,25000,11.86,1,0.36,N,4
24,72000,MORTGAGE,8,VENTURE,B,18000,11.86,0,0.25,N,4
24,75000,MORTGAGE,8,PERSONAL,B,5500,11.86,0,0.07,N,4
24,40000,OWN,6,MEDICAL,D,5000,11.86,0,0.13,N,4
24,64151,RENT,0,EDUCATION,B,5000,11.86,0,0.08,N,4
24,87550,MORTGAGE,5,EDUCATION,B,3600,11.86,0,0.04,N,4
24,60000,RENT,5,EDUCATION,B,3500,11.86,0,0.06,N,4
24,30000,RENT,8,MEDICAL,B,3000,11.86,0,0.1,N,4
24,60000,OWN,9,MEDICAL,B,15000,11.83,0,0.25,N,4
24,56000,RENT,2,DEBTCONSOLIDATION,B,13000,11.83,0,0.23,N,4
24,34000,RENT,0,DEBTCONSOLIDATION,B,9000,11.83,0,0.26,N,4
24,12960,MORTGAGE,0,DEBTCONSOLIDATION,B,4500,11.83,1,0.35,N,4
24,133000,RENT,5,EDUCATION,B,17400,11.71,0,0.13,N,4
24,75000,RENT,6,PERSONAL,B,15000,11.71,0,0.2,N,4
24,75000,RENT,6,HOMEIMPROVEMENT,B,15000,11.71,0,0.2,N,4
24,47500,MORTGAGE,3,MEDICAL,B,13750,11.71,0,0.29,N,4
24,34000,RENT,8,MEDICAL,B,12000,11.71,1,0.35,N,4
24,29232,MORTGAGE,1,PERSONAL,B,11000,11.71,1,0.38,N,4
24,69996,RENT,1,EDUCATION,B,9600,11.71,0,0.14,N,4
24,50000,MORTGAGE,7,VENTURE,B,7500,11.71,0,0.15,N,4
24,30000,RENT,3,EDUCATION,B,6000,11.71,0,0.2,N,4
24,56100,MORTGAGE,0,MEDICAL,B,6000,11.71,1,0.09,N,4
24,20000,RENT,3,MEDICAL,B,3600,11.71,0,0.18,N,4
24,48912,RENT,0,MEDICAL,C,20000,11.66,1,0.41,N,4
24,42000,RENT,0,VENTURE,B,15000,11.58,1,0.36,N,4
24,94000,MORTGAGE,4,EDUCATION,B,25000,11.49,0,0.27,N,4
24,100800,MORTGAGE,4,EDUCATION,B,21000,11.49,0,0.21,N,4
24,81000,MORTGAGE,8,HOMEIMPROVEMENT,B,20000,11.49,0,0.25,N,4
24,35004,RENT,3,PERSONAL,B,18250,11.49,1,0.52,N,4
24,55152,MORTGAGE,8,EDUCATION,B,16000,11.49,0,0.29,N,4
24,77000,RENT,6,MEDICAL,B,12000,11.49,0,0.16,N,4
24,85500,MORTGAGE,3,HOMEIMPROVEMENT,B,12000,11.49,0,0.14,N,4
24,88560,MORTGAGE,7,PERSONAL,B,10000,11.49,0,0.11,N,4
24,46704,RENT,2,EDUCATION,B,9000,11.49,0,0.19,N,4
24,79000,RENT,0,MEDICAL,B,8000,11.49,0,0.1,N,4
24,100300,RENT,3,MEDICAL,B,7500,11.49,0,0.07,N,4
24,63000,MORTGAGE,8,VENTURE,B,6300,11.49,0,0.1,N,4
24,33600,RENT,5,PERSONAL,B,4450,11.49,0,0.13,N,4
24,33600,RENT,5,PERSONAL,B,4450,11.49,0,0.13,N,4
24,52000,RENT,8,DEBTCONSOLIDATION,B,3000,11.49,0,0.06,N,4
24,60000,MORTGAGE,2,PERSONAL,B,2600,11.49,0,0.04,N,4
24,61289,MORTGAGE,8,PERSONAL,B,2000,11.49,0,0.03,N,4
24,42000,MORTGAGE,8,PERSONAL,B,1000,11.49,0,0.02,N,4
24,100000,MORTGAGE,8,DEBTCONSOLIDATION,B,13000,11.48,0,0.13,N,4
24,24148,RENT,1,EDUCATION,B,9975,11.48,1,0.41,N,4
24,36000,RENT,8,VENTURE,B,8000,11.48,0,0.22,N,4
24,92000,RENT,8,MEDICAL,B,24500,11.46,0,0.27,N,4
24,36000,RENT,2,DEBTCONSOLIDATION,B,10000,11.46,0,0.28,N,4
24,28596,RENT,5,EDUCATION,B,1500,11.46,0,0.05,N,4
24,70000,MORTGAGE,9,DEBTCONSOLIDATION,B,12000,11.36,0,0.17,N,4
24,40000,MORTGAGE,3,VENTURE,B,10500,11.36,0,0.26,N,4
24,75000,OWN,2,PERSONAL,B,8500,11.36,0,0.11,N,4
24,40944,RENT,0,MEDICAL,B,8200,11.36,0,0.2,N,4
24,40000,RENT,0,DEBTCONSOLIDATION,B,7500,11.36,0,0.19,N,4
24,50000,RENT,7,VENTURE,B,5000,11.36,0,0.1,N,4
24,22800,OWN,3,MEDICAL,B,4750,11.36,0,0.21,N,4
24,28500,RENT,3,DEBTCONSOLIDATION,B,2500,11.36,0,0.09,N,4
24,45000,MORTGAGE,3,EDUCATION,B,1275,11.36,0,0.03,N,4
24,7800,RENT,1,EDUCATION,B,1000,11.36,0,0.13,N,4
24,7800,RENT,1,EDUCATION,B,1000,11.36,0,0.13,N,4
24,49000,OTHER,1,PERSONAL,C,20000,11.34,1,0.41,Y,4
24,24000,MORTGAGE,3,EDUCATION,C,8000,11.34,0,0.33,Y,4
24,90000,MORTGAGE,8,PERSONAL,C,5000,11.34,0,0.06,Y,4
24,105000,MORTGAGE,4,VENTURE,C,4000,11.34,0,0.04,N,4
24,18000,MORTGAGE,3,VENTURE,C,1200,11.34,0,0.07,Y,4
24,84000,MORTGAGE,9,VENTURE,B,25000,11.26,0,0.3,N,4
24,60516,OTHER,8,DEBTCONSOLIDATION,B,18000,11.26,1,0.3,N,4
24,75000,MORTGAGE,2,VENTURE,B,10000,11.26,0,0.13,N,4
24,36100,RENT,3,EDUCATION,B,8400,11.26,0,0.23,N,4
24,55000,RENT,0,EDUCATION,B,4000,11.26,0,0.07,N,4
24,57100,RENT,3,VENTURE,C,6625,11.22,0,0.12,Y,4
24,79500,RENT,8,HOMEIMPROVEMENT,B,16000,11.14,0,0.2,N,4
24,109000,MORTGAGE,9,VENTURE,B,15250,11.14,0,0.14,N,4
24,54996,RENT,7,MEDICAL,B,15000,11.14,0,0.27,N,4
24,145000,OWN,2,PERSONAL,B,11500,11.14,0,0.08,N,4
24,47160,RENT,5,VENTURE,B,11000,11.14,0,0.23,N,4
24,80000,RENT,5,VENTURE,B,10000,11.14,0,0.13,N,4
24,54000,MORTGAGE,5,MEDICAL,B,9000,11.14,0,0.17,N,4
24,175000,OWN,3,VENTURE,B,8000,11.14,0,0.05,N,4
24,62000,RENT,3,VENTURE,B,8000,11.14,0,0.13,N,4
24,20000,RENT,5,MEDICAL,B,4800,11.14,0,0.24,N,4
24,63508,MORTGAGE,8,HOMEIMPROVEMENT,B,2500,11.14,1,0.04,N,4
24,42000,MORTGAGE,6,VENTURE,B,9250,11.12,0,0.22,N,4
24,85000,MORTGAGE,4,MEDICAL,B,7750,11.12,0,0.09,N,4
24,85000,MORTGAGE,4,DEBTCONSOLIDATION,B,7750,11.12,0,0.09,N,4
24,33996,OWN,,MEDICAL,B,5100,11.12,0,0.15,N,4
24,78956,RENT,5,MEDICAL,B,35000,11.11,1,0.44,N,4
24,85000,MORTGAGE,8,EDUCATION,B,20000,11.11,0,0.24,N,4
24,92000,MORTGAGE,7,PERSONAL,B,15000,11.11,0,0.16,N,4
24,97000,MORTGAGE,6,PERSONAL,B,8000,11.11,0,0.08,N,4
24,36000,MORTGAGE,5,DEBTCONSOLIDATION,B,7000,11.11,0,0.19,N,4
24,47000,OWN,1,PERSONAL,B,6000,11.11,0,0.13,N,4
24,33000,RENT,3,PERSONAL,B,5500,11.11,0,0.17,N,4
24,40000,MORTGAGE,9,MEDICAL,B,2125,11.11,0,0.05,N,4
24,87000,MORTGAGE,7,DEBTCONSOLIDATION,B,25000,10.99,0,0.29,N,4
24,70000,RENT,8,EDUCATION,B,24000,10.99,1,0.34,N,4
24,100000,OWN,2,HOMEIMPROVEMENT,B,24000,10.99,0,0.24,N,4
24,92000,MORTGAGE,9,DEBTCONSOLIDATION,B,22000,10.99,0,0.24,N,4
24,86000,MORTGAGE,0,PERSONAL,B,20000,10.99,1,0.23,N,4
24,61000,RENT,3,HOMEIMPROVEMENT,B,16400,10.99,0,0.27,N,4
24,72000,RENT,4,MEDICAL,B,15000,10.99,0,0.21,N,4
24,60000,RENT,1,VENTURE,B,14525,10.99,0,0.24,N,4
24,64656,MORTGAGE,8,EDUCATION,B,14500,10.99,0,0.22,N,4
24,65000,RENT,0,EDUCATION,B,14000,10.99,0,0.22,N,4
24,53184,MORTGAGE,8,PERSONAL,B,13500,10.99,0,0.25,N,4
24,75000,RENT,3,HOMEIMPROVEMENT,B,13000,10.99,0,0.17,N,4
24,60000,RENT,1,EDUCATION,B,12000,10.99,0,0.2,N,4
24,44000,MORTGAGE,4,PERSONAL,B,11200,10.99,0,0.25,N,4
24,205000,MORTGAGE,2,MEDICAL,B,11000,10.99,0,0.05,N,4
24,47110,MORTGAGE,0,PERSONAL,B,11000,10.99,0,0.23,N,4
24,91000,MORTGAGE,8,HOMEIMPROVEMENT,B,10000,10.99,0,0.11,N,4
24,37000,MORTGAGE,8,VENTURE,B,10000,10.99,0,0.27,N,4
24,26000,RENT,6,PERSONAL,B,10000,10.99,1,0.38,N,4
24,24000,RENT,6,DEBTCONSOLIDATION,B,10000,10.99,1,0.42,N,4
24,108000,RENT,6,EDUCATION,B,8800,10.99,0,0.08,N,4
24,52000,MORTGAGE,8,VENTURE,B,8400,10.99,0,0.16,N,4
24,20000,RENT,5,EDUCATION,B,8000,10.99,1,0.4,N,4
24,52000,RENT,3,HOMEIMPROVEMENT,B,8000,10.99,0,0.15,N,4
24,95610,MORTGAGE,8,VENTURE,B,6000,10.99,0,0.06,N,4
24,47000,RENT,8,DEBTCONSOLIDATION,B,6000,10.99,0,0.13,N,4
24,95000,RENT,3,HOMEIMPROVEMENT,B,6000,10.99,0,0.06,N,4
24,20400,MORTGAGE,5,DEBTCONSOLIDATION,B,5500,10.99,0,0.27,N,4
24,27442,MORTGAGE,8,DEBTCONSOLIDATION,B,5175,10.99,0,0.19,N,4
24,42000,RENT,7,VENTURE,B,5000,10.99,0,0.12,N,4
24,29120,RENT,0,EDUCATION,B,5000,10.99,0,0.17,N,4
24,29120,RENT,0,VENTURE,B,5000,10.99,0,0.17,N,4
24,39000,RENT,2,VENTURE,B,4500,10.99,0,0.12,N,4
24,56000,MORTGAGE,3,VENTURE,B,2000,10.99,0,0.04,N,4
24,59964,MORTGAGE,0,DEBTCONSOLIDATION,B,1275,10.99,1,0.02,N,4
24,30000,OWN,6,HOMEIMPROVEMENT,B,7500,10.96,0,0.25,N,4
24,10000,RENT,0,VENTURE,B,1400,10.83,0,0.14,N,4
24,55200,MORTGAGE,8,EDUCATION,C,9600,10.78,1,0.17,N,4
24,84000,RENT,8,MEDICAL,B,21000,10.75,0,0.25,N,4
24,109720,MORTGAGE,2,VENTURE,B,20000,10.75,0,0.18,N,4
24,39000,RENT,,EDUCATION,B,13000,10.75,1,0.33,N,4
24,100800,MORTGAGE,8,MEDICAL,B,10800,10.75,0,0.11,N,4
24,64000,RENT,3,EDUCATION,B,5500,10.75,0,0.09,N,4
24,12000,RENT,0,EDUCATION,B,4750,10.75,1,0.4,N,4
24,27000,RENT,8,MEDICAL,B,4000,10.75,0,0.15,N,4
24,32000,MORTGAGE,4,VENTURE,B,3000,10.75,0,0.09,N,4
24,57996,RENT,2,DEBTCONSOLIDATION,B,1500,10.75,0,0.03,N,4
24,72444,MORTGAGE,7,HOMEIMPROVEMENT,B,25000,10.74,0,0.35,N,4
24,140000,MORTGAGE,5,HOMEIMPROVEMENT,B,25000,10.74,0,0.18,N,4
24,47000,RENT,0,MEDICAL,B,1450,10.74,0,0.03,N,4
24,64000,MORTGAGE,8,VENTURE,B,1200,10.74,0,0.02,N,4
24,79992,RENT,0,DEBTCONSOLIDATION,B,7500,10.71,0,0.09,N,4
24,120000,RENT,8,EDUCATION,B,25000,10.65,0,0.21,N,4
24,53004,MORTGAGE,6,VENTURE,B,21000,10.65,0,0.4,N,4
24,95000,MORTGAGE,7,HOMEIMPROVEMENT,B,10000,10.65,0,0.11,N,4
24,35000,MORTGAGE,6,MEDICAL,B,8575,10.65,0,0.24,N,4
24,36816,RENT,0,PERSONAL,B,8000,10.65,1,0.22,N,4
24,66600,OWN,3,VENTURE,B,7200,10.65,0,0.11,N,4
24,45000,RENT,3,DEBTCONSOLIDATION,B,7200,10.65,0,0.16,N,4
24,87000,MORTGAGE,6,PERSONAL,B,6000,10.65,0,0.07,N,4
24,14400,RENT,4,VENTURE,B,2000,10.65,0,0.14,N,4
24,85000,RENT,5,MEDICAL,B,25000,10.62,0,0.29,N,4
24,85000,RENT,5,MEDICAL,B,25000,10.62,0,0.29,N,4
24,50000,OWN,,VENTURE,B,21000,10.62,0,0.42,N,4
24,95000,MORTGAGE,2,VENTURE,B,20000,10.62,0,0.21,N,4
24,155000,RENT,8,EDUCATION,B,18000,10.62,0,0.12,N,4
24,40800,RENT,6,MEDICAL,B,17500,10.62,1,0.43,N,4
24,52000,OWN,8,EDUCATION,B,4000,10.62,0,0.08,N,4
24,72800,MORTGAGE,0,HOMEIMPROVEMENT,B,2300,10.62,0,0.03,N,4
24,200004,RENT,5,EDUCATION,B,15000,10.59,0,0.07,N,4
24,20856,OWN,,VENTURE,B,10000,10.59,0,0.48,N,4
24,60000,MORTGAGE,0,DEBTCONSOLIDATION,B,8500,10.59,0,0.14,N,4
24,41600,RENT,0,MEDICAL,B,8000,10.59,0,0.19,N,4
24,46151,RENT,2,DEBTCONSOLIDATION,B,6000,10.59,0,0.13,N,4
24,54000,RENT,3,VENTURE,B,5600,10.59,0,0.1,N,4
24,40000,RENT,0,MEDICAL,B,3600,10.59,0,0.09,N,4
24,150000,MORTGAGE,5,DEBTCONSOLIDATION,B,20000,10.51,0,0.13,N,4
24,135000,MORTGAGE,3,VENTURE,B,21000,10.38,0,0.16,N,4
24,110000,RENT,1,PERSONAL,B,20000,10.38,0,0.18,N,4
24,42000,MORTGAGE,8,PERSONAL,B,12000,10.38,0,0.29,N,4
24,24000,RENT,3,DEBTCONSOLIDATION,B,10000,10.38,1,0.42,N,4
24,31200,RENT,7,PERSONAL,B,9000,10.38,0,0.29,N,4
24,23500,MORTGAGE,2,HOMEIMPROVEMENT,B,7000,10.38,0,0.3,N,4
24,69996,RENT,7,DEBTCONSOLIDATION,B,5000,10.38,0,0.07,N,4
24,85000,MORTGAGE,4,MEDICAL,B,2500,10.38,0,0.03,N,4
24,165000,MORTGAGE,5,PERSONAL,B,20000,10.37,0,0.12,N,4
24,172000,MORTGAGE,5,EDUCATION,B,15000,10.37,0,0.09,N,4
24,85000,RENT,8,PERSONAL,B,10000,10.37,0,0.12,N,4
24,60000,OWN,7,PERSONAL,B,10000,10.37,0,0.17,N,4
24,54996,OWN,4,EDUCATION,B,10000,10.37,0,0.18,N,4
24,85000,MORTGAGE,2,PERSONAL,B,9600,10.37,0,0.11,N,4
24,35000,RENT,0,PERSONAL,B,4200,10.37,0,0.12,N,4
24,82308,RENT,4,HOMEIMPROVEMENT,B,15125,10.36,0,0.18,N,4
24,124000,MORTGAGE,5,EDUCATION,B,12000,10.36,0,0.1,N,4
24,43200,RENT,5,VENTURE,B,12000,10.36,0,0.28,N,4
24,24000,RENT,3,PERSONAL,B,12000,10.36,1,0.5,N,4
24,95000,MORTGAGE,0,MEDICAL,B,12000,10.36,0,0.13,N,4
24,71000,MORTGAGE,6,MEDICAL,B,10000,10.36,0,0.14,N,4
24,102000,MORTGAGE,6,VENTURE,B,9800,10.36,0,0.1,N,4
24,75000,RENT,4,VENTURE,B,6400,10.36,0,0.09,N,4
24,330000,MORTGAGE,5,PERSONAL,B,3500,10.36,0,0.01,N,4
24,48000,MORTGAGE,1,MEDICAL,C,3500,10.28,0,0.07,N,4
24,87700,MORTGAGE,8,HOMEIMPROVEMENT,B,25000,10.25,0,0.29,N,4
24,75000,RENT,4,EDUCATION,B,25000,10.25,1,0.33,N,4
24,65158,MORTGAGE,9,VENTURE,B,18000,10.25,0,0.28,N,4
24,72100,MORTGAGE,2,EDUCATION,B,16000,10.25,0,0.22,N,4
24,110000,MORTGAGE,5,VENTURE,B,15000,10.25,0,0.14,N,4
24,37000,RENT,3,EDUCATION,B,13000,10.25,1,0.35,N,4
24,40000,RENT,0,VENTURE,B,8000,10.25,0,0.2,N,4
24,88000,MORTGAGE,0,EDUCATION,B,15000,10.2,1,0.17,N,4
24,69000,RENT,2,DEBTCONSOLIDATION,B,12000,10.2,1,0.17,N,4
24,95000,MORTGAGE,4,PERSONAL,B,25000,10.08,0,0.26,N,4
24,38000,OWN,6,MEDICAL,B,1000,10.08,0,0.03,N,4
24,52000,MORTGAGE,8,VENTURE,B,15000,10,0,0.29,N,4
24,72000,RENT,6,PERSONAL,B,14400,10,0,0.2,N,4
24,85000,MORTGAGE,0,PERSONAL,B,10000,10,0,0.12,N,4
24,82000,RENT,8,EDUCATION,B,7000,10,0,0.09,N,4
24,50000,MORTGAGE,4,DEBTCONSOLIDATION,B,5000,10,0,0.1,N,4
24,40000,RENT,1,VENTURE,B,3825,10,0,0.1,N,4
24,176004,MORTGAGE,2,DEBTCONSOLIDATION,B,3200,10,0,0.02,N,4
24,44400,RENT,0,PERSONAL,B,1325,10,1,0.03,N,4
24,13728,RENT,,DEBTCONSOLIDATION,B,1000,10,1,0.07,N,4
24,112689,MORTGAGE,6,PERSONAL,B,24000,9.99,0,0.21,N,4
24,120000,MORTGAGE,9,EDUCATION,B,20000,9.99,0,0.17,N,4
24,88000,RENT,2,HOMEIMPROVEMENT,B,15000,9.99,1,0.17,N,4
24,90000,MORTGAGE,1,MEDICAL,B,15000,9.99,0,0.17,N,4
24,76000,MORTGAGE,8,EDUCATION,B,13500,9.99,0,0.18,N,4
24,28800,RENT,5,MEDICAL,B,12250,9.99,1,0.43,N,4
24,52260,RENT,6,MEDICAL,B,12000,9.99,1,0.23,N,4
24,60000,RENT,4,EDUCATION,B,12000,9.99,0,0.2,N,4
24,49344,MORTGAGE,6,DEBTCONSOLIDATION,B,8500,9.99,0,0.17,N,4
24,70000,MORTGAGE,8,DEBTCONSOLIDATION,B,7000,9.99,0,0.1,N,4
24,65000,RENT,1,VENTURE,B,6400,9.99,0,0.1,N,4
24,36852,MORTGAGE,,EDUCATION,B,6000,9.99,0,0.16,N,4
24,83000,MORTGAGE,,VENTURE,B,5775,9.99,0,0.07,N,4
24,48000,RENT,8,DEBTCONSOLIDATION,B,5000,9.99,0,0.1,N,4
24,22392,RENT,,MEDICAL,B,4650,9.99,0,0.21,N,4
24,54000,MORTGAGE,8,HOMEIMPROVEMENT,B,4000,9.99,0,0.07,N,4
24,35000,OWN,2,VENTURE,B,3600,9.99,0,0.1,N,4
24,28800,MORTGAGE,1,PERSONAL,B,3500,9.99,0,0.12,N,4
24,65004,RENT,0,HOMEIMPROVEMENT,B,3200,9.99,0,0.05,N,4
24,45000,RENT,1,DEBTCONSOLIDATION,B,3000,9.99,0,0.07,N,4
24,75000,RENT,2,VENTURE,B,2000,9.99,0,0.03,N,4
24,85000,MORTGAGE,4,EDUCATION,B,1000,9.99,0,0.01,N,4
24,65000,MORTGAGE,3,EDUCATION,B,12000,9.91,0,0.18,N,4
24,90000,MORTGAGE,8,PERSONAL,B,8000,9.91,0,0.09,N,4
24,40000,MORTGAGE,3,EDUCATION,B,6400,9.91,0,0.16,N,4
24,52800,RENT,3,HOMEIMPROVEMENT,B,6000,9.91,0,0.11,N,4
24,112000,MORTGAGE,0,DEBTCONSOLIDATION,B,6000,9.91,0,0.05,N,4
24,63000,MORTGAGE,0,VENTURE,B,6000,9.91,0,0.1,N,4
24,55000,MORTGAGE,1,MEDICAL,B,5225,9.91,0,0.1,N,4
24,39996,MORTGAGE,1,PERSONAL,B,3000,9.91,0,0.08,N,4
24,91000,MORTGAGE,8,DEBTCONSOLIDATION,B,2400,9.91,0,0.03,N,4
24,79050,RENT,2,MEDICAL,B,2100,9.91,1,0.02,N,4
24,79400,MORTGAGE,8,HOMEIMPROVEMENT,B,12000,9.88,0,0.15,N,4
24,33600,RENT,1,DEBTCONSOLIDATION,B,10000,9.88,1,0.3,N,4
24,108000,RENT,8,DEBTCONSOLIDATION,B,8000,9.88,0,0.07,N,4
24,38268,MORTGAGE,,PERSONAL,B,6000,9.88,0,0.16,N,4
24,108000,OTHER,5,EDUCATION,B,10000,9.7,0,0.09,N,4
24,67000,RENT,0,MEDICAL,B,10000,9.64,0,0.15,N,4
24,39000,RENT,0,EDUCATION,A,15000,9.63,1,0.38,N,4
24,63996,MORTGAGE,8,MEDICAL,A,14400,9.63,0,0.23,N,4
24,205000,MORTGAGE,5,DEBTCONSOLIDATION,B,10000,9.63,0,0.05,N,4
24,55000,RENT,5,VENTURE,A,9500,9.63,0,0.17,N,4
24,70000,OTHER,4,PERSONAL,A,9000,9.63,0,0.13,N,4
24,23000,RENT,4,PERSONAL,A,5900,9.63,0,0.26,N,4
24,145008,MORTGAGE,8,EDUCATION,A,5000,9.63,0,0.03,N,4
24,30000,RENT,1,MEDICAL,B,4300,9.63,0,0.14,N,4
24,70000,MORTGAGE,8,DEBTCONSOLIDATION,B,25000,9.62,0,0.36,N,4
24,110000,RENT,1,DEBTCONSOLIDATION,B,12500,9.62,0,0.11,N,4
24,60000,MORTGAGE,8,VENTURE,B,12000,9.62,0,0.2,N,4
24,100000,MORTGAGE,2,DEBTCONSOLIDATION,B,5000,9.62,0,0.05,N,4
24,62400,RENT,8,EDUCATION,B,15000,9.45,0,0.24,N,4
24,36000,MORTGAGE,3,HOMEIMPROVEMENT,A,6400,9.38,0,0.18,N,4
24,23700,RENT,8,VENTURE,A,10000,9.32,1,0.42,N,4
24,63000,RENT,2,EDUCATION,A,5000,9.32,0,0.08,N,4
24,42200,RENT,5,DEBTCONSOLIDATION,A,4450,9.32,0,0.11,N,4
24,42200,RENT,5,MEDICAL,A,4450,9.32,0,0.11,N,4
24,48732,OTHER,6,MEDICAL,A,3500,9.32,0,0.07,N,4
24,60000,MORTGAGE,8,VENTURE,A,2800,9.32,0,0.05,N,4
24,66996,MORTGAGE,8,MEDICAL,A,1000,9.32,0,0.01,N,4
24,76597,RENT,5,PERSONAL,B,22000,9.25,0,0.29,N,4
24,48000,OWN,8,PERSONAL,A,1300,9.07,0,0.03,N,4
24,63000,OWN,0,HOMEIMPROVEMENT,A,17600,8.94,0,0.28,N,4
24,90000,RENT,0,PERSONAL,A,13000,8.94,0,0.14,N,4
24,32000,MORTGAGE,6,EDUCATION,A,12250,8.94,0,0.38,N,4
24,114800,RENT,6,PERSONAL,A,10000,8.94,0,0.09,N,4
24,51000,MORTGAGE,4,EDUCATION,A,8500,8.94,0,0.17,N,4
24,37500,MORTGAGE,2,DEBTCONSOLIDATION,A,5600,8.94,0,0.15,N,4
24,75000,MORTGAGE,1,EDUCATION,A,2000,8.94,0,0.03,N,4
24,75000,RENT,5,HOMEIMPROVEMENT,A,1800,8.94,0,0.02,N,4
24,121000,RENT,8,PERSONAL,A,20000,8.9,0,0.17,N,4
24,171500,RENT,6,DEBTCONSOLIDATION,A,18000,8.9,0,0.1,N,4
24,60000,RENT,4,EDUCATION,A,12000,8.9,0,0.2,N,4
24,39600,RENT,,VENTURE,A,12000,8.9,0,0.3,N,4
24,80000,MORTGAGE,8,EDUCATION,A,10000,8.9,0,0.13,N,4
24,150000,MORTGAGE,8,EDUCATION,A,8000,8.9,0,0.05,N,4
24,27000,RENT,3,VENTURE,A,8000,8.9,0,0.3,N,4
24,37245,RENT,9,EDUCATION,A,7200,8.9,0,0.19,N,4
24,34000,RENT,0,PERSONAL,A,6000,8.9,0,0.18,N,4
24,26400,MORTGAGE,0,DEBTCONSOLIDATION,A,6000,8.9,0,0.23,N,4
24,96000,MORTGAGE,5,DEBTCONSOLIDATION,A,5000,8.9,0,0.05,N,4
24,50700,MORTGAGE,8,EDUCATION,A,4500,8.9,0,0.09,N,4
24,47500,RENT,4,PERSONAL,A,4200,8.9,0,0.09,N,4
24,62400,MORTGAGE,8,PERSONAL,A,4000,8.9,0,0.06,N,4
24,62400,MORTGAGE,8,HOMEIMPROVEMENT,A,4000,8.9,0,0.06,N,4
24,44000,MORTGAGE,4,HOMEIMPROVEMENT,A,2200,8.9,1,0.05,N,4
24,234000,OWN,8,HOMEIMPROVEMENT,B,20000,8.88,0,0.09,N,4
24,36000,RENT,4,VENTURE,B,18200,8.88,1,0.51,N,4
24,36000,RENT,7,MEDICAL,B,12000,8.88,1,0.33,N,4
24,24000,OWN,4,VENTURE,B,6400,8.88,0,0.27,N,4
24,55000,RENT,0,DEBTCONSOLIDATION,B,3500,8.88,0,0.06,N,4
24,39828,OWN,,MEDICAL,B,3000,8.88,0,0.08,N,4
24,54080,MORTGAGE,8,PERSONAL,A,8000,8.63,0,0.15,N,4
24,80000,MORTGAGE,8,EDUCATION,A,7500,8.63,0,0.09,N,4
24,80004,MORTGAGE,8,VENTURE,A,6000,8.63,0,0.07,N,4
24,62004,RENT,6,VENTURE,A,14000,8.59,0,0.23,N,4
24,75000,MORTGAGE,6,MEDICAL,A,9000,8.59,0,0.12,N,4
24,66500,MORTGAGE,0,HOMEIMPROVEMENT,A,8800,8.59,0,0.13,N,4
24,54000,MORTGAGE,9,MEDICAL,A,8525,8.59,0,0.16,N,4
24,33000,MORTGAGE,0,MEDICAL,A,8125,8.59,0,0.25,N,4
24,60140,RENT,2,DEBTCONSOLIDATION,A,7000,8.59,0,0.12,N,4
24,80000,MORTGAGE,0,PERSONAL,A,6000,8.59,0,0.07,N,4
24,55000,MORTGAGE,8,HOMEIMPROVEMENT,A,5500,8.59,0,0.1,N,4
24,95000,RENT,3,DEBTCONSOLIDATION,A,18000,8.49,0,0.19,N,4
24,82440,RENT,8,DEBTCONSOLIDATION,A,14700,8.49,0,0.18,N,4
24,76000,MORTGAGE,7,VENTURE,A,13500,8.49,0,0.18,N,4
24,54000,RENT,6,EDUCATION,A,12000,8.49,0,0.22,N,4
24,200000,RENT,8,EDUCATION,A,10000,8.49,0,0.05,N,4
24,95000,RENT,8,EDUCATION,A,6500,8.49,0,0.07,N,4
24,40000,OWN,6,EDUCATION,A,2800,8.49,0,0.07,N,4
24,9600,RENT,5,PERSONAL,A,1000,8.49,1,0.1,N,4
24,54000,RENT,3,MEDICAL,A,8000,8.07,0,0.15,N,4
24,55000,MORTGAGE,1,HOMEIMPROVEMENT,A,5275,8.07,0,0.1,N,4
24,30000,RENT,0,MEDICAL,A,2000,8.07,0,0.07,N,4
24,101400,MORTGAGE,8,PERSONAL,A,9900,8,0,0.1,N,4
24,57000,OWN,8,EDUCATION,A,9000,8,0,0.16,N,4
24,90000,MORTGAGE,4,HOMEIMPROVEMENT,A,5000,8,0,0.06,N,4
24,44000,RENT,0,PERSONAL,A,2000,8,1,0.05,N,4
24,96000,MORTGAGE,8,HOMEIMPROVEMENT,A,35000,7.9,0,0.36,N,4
24,118000,MORTGAGE,4,VENTURE,A,28000,7.9,0,0.24,N,4
24,79000,RENT,8,DEBTCONSOLIDATION,A,21000,7.9,0,0.27,N,4
24,120000,MORTGAGE,8,VENTURE,A,20000,7.9,0,0.17,N,4
24,60000,MORTGAGE,7,MEDICAL,A,20000,7.9,0,0.33,N,4
24,42000,MORTGAGE,5,PERSONAL,A,19200,7.9,0,0.46,N,4
24,50000,RENT,4,VENTURE,A,18000,7.9,1,0.36,N,4
24,72000,RENT,8,EDUCATION,A,14000,7.9,0,0.19,N,4
24,111239,MORTGAGE,1,EDUCATION,A,14000,7.9,0,0.13,N,4
24,80004,RENT,3,HOMEIMPROVEMENT,A,10000,7.9,0,0.12,N,4
24,35000,OWN,1,MEDICAL,A,10000,7.9,0,0.29,N,4
24,133800,RENT,0,DEBTCONSOLIDATION,A,9000,7.9,0,0.07,N,4
24,54000,RENT,2,DEBTCONSOLIDATION,A,7800,7.9,0,0.14,N,4
24,37200,RENT,8,DEBTCONSOLIDATION,A,7200,7.9,0,0.19,N,4
24,75000,MORTGAGE,8,DEBTCONSOLIDATION,A,7000,7.9,0,0.09,N,4
24,27600,OWN,8,MEDICAL,A,7000,7.9,0,0.25,N,4
24,20485,RENT,,PERSONAL,A,5575,7.9,0,0.27,N,4
24,26400,RENT,5,MEDICAL,A,5000,7.9,0,0.19,N,4
24,64600,RENT,2,DEBTCONSOLIDATION,A,5000,7.9,0,0.08,N,4
24,90000,MORTGAGE,8,HOMEIMPROVEMENT,A,4300,7.9,0,0.05,N,4
24,95000,RENT,0,EDUCATION,A,4000,7.9,0,0.04,N,4
24,95000,RENT,0,MEDICAL,A,4000,7.9,0,0.04,N,4
24,40000,RENT,3,EDUCATION,A,3500,7.9,0,0.09,N,4
24,100000,MORTGAGE,8,EDUCATION,A,16800,7.88,0,0.17,N,4
24,73000,MORTGAGE,,EDUCATION,A,16000,7.88,0,0.22,N,4
24,130000,MORTGAGE,8,HOMEIMPROVEMENT,A,15000,7.88,0,0.12,N,4
24,91000,MORTGAGE,5,MEDICAL,A,15000,7.88,0,0.16,N,4
24,40000,RENT,0,MEDICAL,A,15000,7.88,1,0.38,N,4
24,96216,MORTGAGE,5,VENTURE,A,14400,7.88,0,0.15,N,4
24,106839,MORTGAGE,8,DEBTCONSOLIDATION,A,14000,7.88,0,0.13,N,4
24,46800,RENT,4,DEBTCONSOLIDATION,A,14000,7.88,0,0.3,N,4
24,105000,RENT,0,MEDICAL,A,14000,7.88,0,0.13,N,4
24,46000,MORTGAGE,9,EDUCATION,A,12000,7.88,1,0.26,N,4
24,72000,RENT,8,MEDICAL,A,12000,7.88,0,0.17,N,4
24,52000,RENT,6,DEBTCONSOLIDATION,A,10000,7.88,0,0.19,N,4
24,72000,MORTGAGE,8,HOMEIMPROVEMENT,A,8200,7.88,0,0.11,N,4
24,72000,MORTGAGE,8,VENTURE,A,8000,7.88,0,0.11,N,4
24,37200,MORTGAGE,2,MEDICAL,A,8000,7.88,1,0.22,N,4
24,40000,RENT,3,VENTURE,A,7000,7.88,0,0.17,N,4
24,55000,RENT,1,MEDICAL,A,7000,7.88,0,0.13,N,4
24,60000,MORTGAGE,9,PERSONAL,A,5000,7.88,0,0.08,N,4
24,64000,MORTGAGE,8,EDUCATION,A,5000,7.88,1,0.08,N,4
24,49296,RENT,8,EDUCATION,A,5000,7.88,0,0.1,N,4
24,35000,RENT,8,DEBTCONSOLIDATION,A,5000,7.88,0,0.14,N,4
24,55000,MORTGAGE,3,VENTURE,A,5000,7.88,0,0.09,N,4
24,65000,RENT,0,PERSONAL,A,4800,7.88,0,0.07,N,4
24,52800,MORTGAGE,8,EDUCATION,A,4000,7.88,0,0.08,N,4
24,67500,MORTGAGE,3,PERSONAL,A,3000,7.88,0,0.04,N,4
24,115500,MORTGAGE,8,HOMEIMPROVEMENT,A,10000,7.75,0,0.09,N,4
24,50000,RENT,0,EDUCATION,A,8000,7.74,0,0.16,N,4
24,52000,RENT,1,MEDICAL,A,7000,7.74,0,0.13,N,4
24,52728,RENT,4,PERSONAL,A,5000,7.74,0,0.09,N,4
24,52728,RENT,4,EDUCATION,A,5000,7.74,0,0.09,N,4
24,68000,MORTGAGE,8,HOMEIMPROVEMENT,A,3600,7.74,0,0.05,N,4
24,60500,MORTGAGE,8,EDUCATION,A,6000,7.68,0,0.1,N,4
24,41004,RENT,8,EDUCATION,A,6000,7.68,0,0.15,N,4
24,48000,MORTGAGE,2,HOMEIMPROVEMENT,A,5000,7.68,0,0.1,N,4
24,46325,MORTGAGE,6,MEDICAL,A,3600,7.68,0,0.08,N,4
24,61717,OWN,8,PERSONAL,A,3200,7.68,0,0.05,N,4
24,91000,MORTGAGE,0,PERSONAL,A,1000,7.68,0,0.01,N,4
24,33000,RENT,2,DEBTCONSOLIDATION,A,13300,7.66,1,0.4,N,4
24,42000,RENT,0,VENTURE,A,12000,7.66,0,0.29,N,4
24,65000,MORTGAGE,8,HOMEIMPROVEMENT,A,10000,7.66,0,0.15,N,4
24,69504,MORTGAGE,3,VENTURE,A,10000,7.66,0,0.14,N,4
24,75000,MORTGAGE,,HOMEIMPROVEMENT,A,7000,7.66,0,0.09,N,4
24,50000,RENT,6,PERSONAL,A,4000,7.66,0,0.08,N,4
24,105508,MORTGAGE,8,MEDICAL,A,3500,7.66,0,0.03,N,4
24,52000,MORTGAGE,8,EDUCATION,A,3000,7.66,0,0.06,N,4
24,70000,MORTGAGE,2,PERSONAL,A,17000,7.51,0,0.24,N,4
24,70000,MORTGAGE,2,HOMEIMPROVEMENT,A,17000,7.51,0,0.24,N,4
24,96000,MORTGAGE,5,DEBTCONSOLIDATION,A,15000,7.51,0,0.16,N,4
24,78000,MORTGAGE,4,PERSONAL,A,14500,7.51,0,0.19,N,4
24,60000,MORTGAGE,5,VENTURE,A,14000,7.51,0,0.23,N,4
24,92341,RENT,9,DEBTCONSOLIDATION,A,12000,7.51,0,0.13,N,4
24,85000,MORTGAGE,3,HOMEIMPROVEMENT,A,12000,7.51,0,0.14,N,4
24,50000,RENT,1,HOMEIMPROVEMENT,A,12000,7.51,0,0.24,N,4
24,45204,RENT,0,MEDICAL,A,12000,7.51,0,0.27,N,4
24,65000,RENT,5,HOMEIMPROVEMENT,A,11000,7.51,0,0.17,N,4
24,97850,RENT,5,HOMEIMPROVEMENT,A,10000,7.51,0,0.1,N,4
24,50000,RENT,1,DEBTCONSOLIDATION,A,10000,7.51,0,0.2,N,4
24,82500,RENT,8,MEDICAL,A,9800,7.51,0,0.12,N,4
24,53000,OWN,3,HOMEIMPROVEMENT,A,9800,7.51,0,0.18,N,4
24,42000,MORTGAGE,3,EDUCATION,A,8675,7.51,0,0.21,N,4
24,78000,MORTGAGE,3,DEBTCONSOLIDATION,A,8500,7.51,0,0.11,N,4
24,42000,MORTGAGE,3,MEDICAL,A,8500,7.51,0,0.2,N,4
24,44000,RENT,0,MEDICAL,A,8500,7.51,0,0.19,N,4
24,65000,MORTGAGE,5,VENTURE,A,8000,7.51,0,0.12,N,4
24,115000,MORTGAGE,4,DEBTCONSOLIDATION,A,8000,7.51,0,0.07,N,4
24,52000,RENT,2,MEDICAL,A,8000,7.51,0,0.15,N,4
24,48000,RENT,,DEBTCONSOLIDATION,A,8000,7.51,0,0.17,N,4
24,60000,RENT,8,EDUCATION,A,7000,7.51,1,0.12,N,4
24,37000,RENT,2,MEDICAL,A,7000,7.51,0,0.19,N,4
24,45000,MORTGAGE,8,VENTURE,A,6000,7.51,0,0.13,N,4
24,55000,MORTGAGE,3,PERSONAL,A,6000,7.51,0,0.11,N,4
24,65000,MORTGAGE,8,PERSONAL,A,3300,7.51,0,0.05,N,4
24,60000,MORTGAGE,9,VENTURE,A,3000,7.51,0,0.05,N,4
24,45000,RENT,0,VENTURE,A,2000,7.51,0,0.04,N,4
24,33660,RENT,3,PERSONAL,A,1800,7.51,0,0.05,N,4
24,131004,MORTGAGE,8,PERSONAL,A,24000,7.49,0,0.18,N,4
24,200000,MORTGAGE,3,VENTURE,A,24000,7.49,0,0.12,N,4
24,35000,MORTGAGE,7,EDUCATION,A,15000,7.49,0,0.43,N,4
24,57000,RENT,8,MEDICAL,A,14400,7.49,0,0.25,N,4
24,155000,MORTGAGE,5,PERSONAL,A,12000,7.49,0,0.08,N,4
24,110000,RENT,1,EDUCATION,A,11200,7.49,0,0.1,N,4
24,42000,RENT,4,EDUCATION,A,10200,7.49,0,0.24,N,4
24,60204,MORTGAGE,8,PERSONAL,A,10000,7.49,0,0.17,N,4
24,60000,RENT,4,MEDICAL,A,10000,7.49,0,0.17,N,4
24,42000,MORTGAGE,2,PERSONAL,A,10000,7.49,0,0.24,N,4
24,72000,OWN,8,HOMEIMPROVEMENT,A,9000,7.49,0,0.13,N,4
24,52800,RENT,8,DEBTCONSOLIDATION,A,9000,7.49,0,0.17,N,4
24,52800,RENT,8,PERSONAL,A,9000,7.49,0,0.17,N,4
24,68000,MORTGAGE,8,MEDICAL,A,8000,7.49,0,0.12,N,4
24,54000,MORTGAGE,5,PERSONAL,A,8000,7.49,0,0.15,N,4
24,49000,RENT,8,EDUCATION,A,7000,7.49,1,0.14,N,4
24,80000,RENT,6,MEDICAL,A,6400,7.49,0,0.08,N,4
24,43200,MORTGAGE,4,VENTURE,A,6350,7.49,0,0.15,N,4
24,78500,MORTGAGE,8,VENTURE,A,6000,7.49,0,0.08,N,4
24,72000,MORTGAGE,2,DEBTCONSOLIDATION,A,6000,7.49,0,0.08,N,4
24,50000,RENT,0,PERSONAL,A,6000,7.49,0,0.12,N,4
24,11476,RENT,0,MEDICAL,A,5700,7.49,1,0.5,N,4
24,38450,MORTGAGE,6,PERSONAL,A,5500,7.49,0,0.14,N,4
24,140000,MORTGAGE,3,PERSONAL,A,4475,7.49,0,0.03,N,4
24,30000,RENT,1,VENTURE,A,4000,7.49,0,0.13,N,4
24,30000,RENT,0,PERSONAL,A,3600,7.49,0,0.12,N,4
24,110400,MORTGAGE,8,VENTURE,A,3000,7.49,0,0.03,N,4
24,45000,RENT,8,MEDICAL,A,3000,7.49,0,0.07,N,4
24,55000,MORTGAGE,8,VENTURE,A,1800,7.49,0,0.03,N,4
24,36000,RENT,0,DEBTCONSOLIDATION,A,4000,7.4,0,0.11,N,4
24,39996,OWN,0,VENTURE,A,3000,7.37,0,0.08,N,4
24,52000,MORTGAGE,8,MEDICAL,A,14500,7.29,0,0.28,N,4
24,35400,RENT,8,VENTURE,A,12000,7.29,1,0.34,N,4
24,64575,RENT,2,PERSONAL,A,12000,7.29,0,0.19,N,4
24,72000,MORTGAGE,5,MEDICAL,A,11200,7.29,0,0.16,N,4
24,70000,RENT,0,EDUCATION,A,10000,7.29,0,0.14,N,4
24,18000,RENT,0,HOMEIMPROVEMENT,A,10000,7.29,1,0.56,N,4
24,50000,RENT,,DEBTCONSOLIDATION,A,10000,7.29,0,0.2,N,4
24,65000,OWN,8,EDUCATION,A,9000,7.29,0,0.14,N,4
24,58000,RENT,6,EDUCATION,A,9000,7.29,0,0.16,N,4
24,43300,RENT,4,MEDICAL,A,8000,7.29,0,0.18,N,4
24,45000,MORTGAGE,2,PERSONAL,A,7200,7.29,0,0.16,N,4
24,32000,RENT,,MEDICAL,A,4500,7.29,0,0.14,N,4
24,74400,RENT,1,EDUCATION,A,3500,7.29,0,0.05,N,4
24,9960,RENT,4,VENTURE,A,1200,7.29,0,0.12,N,4
24,14400,RENT,0,MEDICAL,A,1200,7.29,0,0.08,N,4
24,25000,MORTGAGE,3,VENTURE,A,9000,7.14,0,0.36,N,4
24,41500,MORTGAGE,8,EDUCATION,A,8500,7.14,0,0.2,N,4
24,37000,MORTGAGE,7,DEBTCONSOLIDATION,A,6250,7.14,1,0.17,N,4
24,36000,MORTGAGE,8,HOMEIMPROVEMENT,A,6000,7.14,1,0.17,N,4
24,25800,RENT,0,MEDICAL,A,6000,7.14,0,0.23,N,4
24,42996,RENT,5,MEDICAL,A,5000,7.14,0,0.12,N,4
24,54100,RENT,5,PERSONAL,A,4500,7.14,0,0.08,N,4
24,36000,RENT,5,VENTURE,A,4500,7.14,0,0.13,N,4
24,40000,MORTGAGE,8,DEBTCONSOLIDATION,A,4000,7.14,0,0.1,N,4
24,54000,MORTGAGE,2,VENTURE,A,8700,7.05,0,0.16,N,4
24,120000,MORTGAGE,5,PERSONAL,A,16000,6.99,0,0.13,N,4
24,110000,MORTGAGE,8,MEDICAL,A,10800,6.99,0,0.1,N,4
24,100000,MORTGAGE,8,MEDICAL,A,10750,6.99,0,0.11,N,4
24,41000,RENT,4,EDUCATION,A,10000,6.99,0,0.24,N,4
24,73440,MORTGAGE,7,HOMEIMPROVEMENT,A,7000,6.99,0,0.1,N,4
24,58000,MORTGAGE,5,DEBTCONSOLIDATION,A,7000,6.99,0,0.12,N,4
24,100000,MORTGAGE,8,MEDICAL,A,5625,6.99,0,0.06,N,4
24,80000,MORTGAGE,2,HOMEIMPROVEMENT,A,5000,6.99,0,0.06,N,4
24,30000,RENT,5,EDUCATION,A,4800,6.99,0,0.16,N,4
24,48000,RENT,,MEDICAL,A,3700,6.99,0,0.08,N,4
24,40800,RENT,0,VENTURE,A,2800,6.99,0,0.07,N,4
24,75000,MORTGAGE,0,HOMEIMPROVEMENT,A,12000,6.92,0,0.16,N,4
24,40000,RENT,3,VENTURE,A,11800,6.92,0,0.29,N,4
24,40000,RENT,0,DEBTCONSOLIDATION,A,10800,6.92,0,0.27,N,4
24,24000,OWN,2,VENTURE,A,10000,6.92,0,0.42,N,4
24,49000,MORTGAGE,5,HOMEIMPROVEMENT,A,2700,6.92,0,0.06,N,4
24,112000,MORTGAGE,8,DEBTCONSOLIDATION,A,20000,6.91,0,0.18,N,4
24,102996,MORTGAGE,3,VENTURE,A,20000,6.91,0,0.19,N,4
24,48000,MORTGAGE,5,HOMEIMPROVEMENT,A,17000,6.91,0,0.35,N,4
24,83000,MORTGAGE,6,MEDICAL,A,15000,6.91,0,0.18,N,4
24,45600,MORTGAGE,0,DEBTCONSOLIDATION,A,7200,6.91,0,0.16,N,4
24,26000,RENT,8,MEDICAL,A,6250,6.91,0,0.24,N,4
24,14400,RENT,4,MEDICAL,A,4050,6.91,1,0.28,N,4
24,45000,RENT,0,MEDICAL,A,3600,6.91,0,0.08,N,4
24,110000,MORTGAGE,8,EDUCATION,A,8000,6.76,0,0.07,N,4
24,37000,RENT,8,MEDICAL,A,6000,6.76,0,0.16,N,4
24,75000,MORTGAGE,8,EDUCATION,A,5000,6.76,0,0.07,N,4
24,75000,RENT,0,DEBTCONSOLIDATION,A,4975,6.76,0,0.07,N,4
24,38400,RENT,8,VENTURE,A,4200,6.76,0,0.11,N,4
24,38400,RENT,8,MEDICAL,A,4200,6.76,0,0.11,N,4
24,65000,OWN,6,EDUCATION,A,3500,6.76,0,0.05,N,4
24,115000,MORTGAGE,7,HOMEIMPROVEMENT,A,1500,6.76,0,0.01,N,4
24,40000,RENT,4,EDUCATION,A,1000,6.76,0,0.03,N,4
24,36000,MORTGAGE,,HOMEIMPROVEMENT,A,14775,6.62,0,0.41,N,4
24,60000,RENT,1,PERSONAL,A,13200,6.62,0,0.22,N,4
24,71151,RENT,6,VENTURE,A,12000,6.62,0,0.17,N,4
24,50000,MORTGAGE,2,MEDICAL,A,12000,6.62,0,0.24,N,4
24,85000,OWN,8,VENTURE,A,10000,6.62,0,0.12,N,4
24,75000,RENT,4,VENTURE,A,10000,6.62,0,0.13,N,4
24,25000,RENT,3,MEDICAL,A,9450,6.62,1,0.38,N,4
24,45000,MORTGAGE,2,VENTURE,A,9050,6.62,0,0.2,N,4
24,26400,RENT,4,MEDICAL,A,8875,6.62,1,0.34,N,4
24,42000,OWN,8,EDUCATION,A,8000,6.62,0,0.19,N,4
24,47000,RENT,8,VENTURE,A,7000,6.62,0,0.15,N,4
24,21640,RENT,,VENTURE,A,6000,6.62,0,0.28,N,4
24,38000,RENT,5,DEBTCONSOLIDATION,A,5600,6.62,0,0.15,N,4
24,50793,RENT,6,PERSONAL,A,5000,6.62,0,0.1,N,4
24,78000,MORTGAGE,0,HOMEIMPROVEMENT,A,5000,6.62,0,0.06,N,4
24,47088,RENT,8,DEBTCONSOLIDATION,A,4000,6.62,0,0.08,N,4
24,79200,OWN,8,VENTURE,A,3800,6.62,0,0.05,N,4
24,24000,RENT,1,DEBTCONSOLIDATION,A,3600,6.62,1,0.15,N,4
24,25000,RENT,6,PERSONAL,A,2000,6.62,0,0.08,N,4
24,85000,OWN,8,VENTURE,A,22000,6.54,0,0.26,N,4
24,140000,MORTGAGE,7,HOMEIMPROVEMENT,A,20000,6.54,0,0.14,N,4
24,82000,MORTGAGE,2,MEDICAL,A,20000,6.54,0,0.24,N,4
24,80000,MORTGAGE,2,PERSONAL,A,20000,6.54,0,0.25,N,4
24,72000,RENT,0,DEBTCONSOLIDATION,A,16875,6.54,0,0.23,N,4
24,66000,MORTGAGE,8,MEDICAL,A,15000,6.54,0,0.23,N,4
24,26400,RENT,5,MEDICAL,A,10000,6.54,1,0.38,N,4
24,49232,RENT,8,EDUCATION,A,8500,6.54,0,0.17,N,4
24,59000,MORTGAGE,5,PERSONAL,A,8000,6.54,0,0.14,N,4
24,60000,RENT,5,EDUCATION,A,7000,6.54,0,0.12,N,4
24,47000,RENT,3,MEDICAL,A,7000,6.54,0,0.15,N,4
24,18000,OWN,0,HOMEIMPROVEMENT,A,6250,6.54,1,0.35,N,4
24,68400,OWN,8,MEDICAL,A,6000,6.54,0,0.09,N,4
24,60000,RENT,4,HOMEIMPROVEMENT,A,4800,6.54,0,0.08,N,4
24,60000,RENT,0,HOMEIMPROVEMENT,A,1675,6.54,0,0.03,N,4
24,15600,OWN,5,HOMEIMPROVEMENT,A,3300,6.39,1,0.21,N,4
24,100000,MORTGAGE,6,MEDICAL,A,20000,6.17,0,0.2,N,4
24,135000,MORTGAGE,8,MEDICAL,A,17000,6.17,0,0.13,N,4
24,80000,OWN,0,EDUCATION,A,16000,6.17,0,0.2,N,4
24,65000,OWN,8,VENTURE,A,12000,6.17,0,0.18,N,4
24,87500,MORTGAGE,8,MEDICAL,A,10000,6.17,0,0.11,N,4
24,68750,RENT,6,DEBTCONSOLIDATION,A,10000,6.17,0,0.15,N,4
24,53500,RENT,0,HOMEIMPROVEMENT,A,9800,6.17,0,0.18,N,4
24,61147,MORTGAGE,5,MEDICAL,A,17000,6.03,0,0.28,N,4
24,91000,MORTGAGE,9,EDUCATION,A,15000,6.03,0,0.16,N,4
24,56000,MORTGAGE,8,MEDICAL,A,12250,6.03,0,0.22,N,4
24,99000,MORTGAGE,8,DEBTCONSOLIDATION,A,12000,6.03,0,0.12,N,4
24,40000,OWN,,VENTURE,A,12000,6.03,0,0.3,N,4
24,120000,MORTGAGE,8,EDUCATION,A,10000,6.03,0,0.08,N,4
24,56000,RENT,2,EDUCATION,A,10000,6.03,0,0.18,N,4
24,65000,RENT,5,HOMEIMPROVEMENT,A,9000,6.03,0,0.14,N,4
24,61650,MORTGAGE,4,HOMEIMPROVEMENT,A,6500,6.03,0,0.11,N,4
24,55000,RENT,0,DEBTCONSOLIDATION,A,6000,6.03,0,0.11,N,4
24,72000,MORTGAGE,8,PERSONAL,A,5000,6.03,0,0.07,N,4
24,110000,MORTGAGE,0,EDUCATION,A,5000,6.03,0,0.05,N,4
24,42000,MORTGAGE,5,EDUCATION,A,4900,6.03,0,0.12,N,4
24,30000,RENT,2,MEDICAL,A,3000,6.03,0,0.1,N,4
24,75000,MORTGAGE,5,HOMEIMPROVEMENT,A,12000,5.99,0,0.16,N,4
24,59600,RENT,8,PERSONAL,A,10000,5.99,0,0.17,N,4
24,55530,MORTGAGE,8,HOMEIMPROVEMENT,A,8000,5.99,0,0.14,N,4
24,24000,MORTGAGE,3,MEDICAL,A,8000,5.99,0,0.33,N,4
24,88000,MORTGAGE,2,PERSONAL,A,8000,5.99,0,0.09,N,4
24,19200,MORTGAGE,,HOMEIMPROVEMENT,A,7000,5.99,1,0.36,N,4
24,77385,RENT,5,DEBTCONSOLIDATION,A,6150,5.99,0,0.08,N,4
24,100860,MORTGAGE,8,HOMEIMPROVEMENT,A,6000,5.99,0,0.06,N,4
24,54996,MORTGAGE,8,VENTURE,A,5500,5.99,0,0.1,N,4
24,48000,MORTGAGE,4,VENTURE,A,5000,5.99,0,0.1,N,4
24,120000,MORTGAGE,3,MEDICAL,A,4800,5.99,0,0.04,N,4
24,48000,OWN,5,VENTURE,A,4400,5.99,0,0.09,N,4
24,48000,OWN,5,VENTURE,A,4400,5.99,0,0.09,N,4
24,73909,MORTGAGE,6,DEBTCONSOLIDATION,A,3900,5.99,0,0.05,N,4
24,48000,MORTGAGE,8,PERSONAL,A,3200,5.99,0,0.07,N,4
24,95004,MORTGAGE,8,VENTURE,A,16000,5.79,0,0.17,N,4
24,100000,MORTGAGE,9,VENTURE,A,12800,5.79,0,0.13,N,4
24,30852,RENT,4,MEDICAL,A,11200,5.79,1,0.36,N,4
24,180000,RENT,3,PERSONAL,A,11200,5.79,0,0.06,N,4
24,85000,MORTGAGE,8,PERSONAL,A,10400,5.79,0,0.12,N,4
24,82500,OWN,8,VENTURE,A,10000,5.79,0,0.12,N,4
24,40000,MORTGAGE,6,DEBTCONSOLIDATION,A,10000,5.79,0,0.25,N,4
24,45000,MORTGAGE,5,PERSONAL,A,10000,5.79,0,0.22,N,4
24,30000,RENT,3,MEDICAL,A,10000,5.79,1,0.33,N,4
24,45888,RENT,5,EDUCATION,A,9000,5.79,0,0.2,N,4
24,40000,RENT,1,PERSONAL,A,7500,5.79,0,0.19,N,4
24,154000,MORTGAGE,8,DEBTCONSOLIDATION,A,6000,5.79,0,0.04,N,4
24,90000,MORTGAGE,8,VENTURE,A,6000,5.79,0,0.07,N,4
24,50000,RENT,1,MEDICAL,A,6000,5.79,0,0.12,N,4
24,25040,MORTGAGE,1,VENTURE,A,5000,5.79,0,0.2,N,4
24,120390,RENT,8,HOMEIMPROVEMENT,A,3000,5.79,0,0.02,N,4
24,48000,OWN,4,EDUCATION,A,3000,5.79,0,0.06,N,4
24,74700,MORTGAGE,7,EDUCATION,A,12000,5.42,0,0.16,N,4
24,96000,MORTGAGE,6,VENTURE,A,12000,5.42,0,0.13,N,4
24,72000,MORTGAGE,1,VENTURE,A,12000,5.42,0,0.17,N,4
24,106800,MORTGAGE,6,EDUCATION,A,11525,5.42,0,0.11,N,4
24,42000,MORTGAGE,9,PERSONAL,A,11000,5.42,0,0.26,N,4
24,42000,MORTGAGE,9,DEBTCONSOLIDATION,A,11000,5.42,0,0.26,N,4
24,100000,RENT,6,DEBTCONSOLIDATION,A,11000,5.42,0,0.11,N,4
24,43680,RENT,1,EDUCATION,A,10800,5.42,0,0.25,N,4
24,31000,MORTGAGE,8,HOMEIMPROVEMENT,A,8000,5.42,0,0.26,N,4
24,22000,MORTGAGE,8,PERSONAL,A,8000,5.42,0,0.36,N,4
24,57000,MORTGAGE,5,HOMEIMPROVEMENT,A,8000,5.42,0,0.14,N,4
24,45000,RENT,5,VENTURE,A,7000,5.42,0,0.16,N,4
24,50000,MORTGAGE,2,PERSONAL,A,7000,5.42,0,0.14,N,4
24,24000,RENT,0,MEDICAL,A,6825,5.42,0,0.28,N,4
24,100000,MORTGAGE,8,MEDICAL,A,6000,5.42,0,0.06,N,4
24,32000,MORTGAGE,5,HOMEIMPROVEMENT,A,6000,5.42,0,0.19,N,4
24,58000,MORTGAGE,3,HOMEIMPROVEMENT,A,6000,5.42,0,0.1,N,4
24,39000,MORTGAGE,3,HOMEIMPROVEMENT,A,5600,5.42,0,0.14,N,4
24,39000,MORTGAGE,3,DEBTCONSOLIDATION,A,5600,5.42,0,0.14,N,4
24,120000,OWN,8,EDUCATION,A,5275,5.42,0,0.04,N,4
24,120000,OWN,8,EDUCATION,A,5275,5.42,0,0.04,N,4
24,54000,MORTGAGE,7,PERSONAL,A,5000,5.42,0,0.09,N,4
24,37500,RENT,0,PERSONAL,A,4500,5.42,0,0.12,N,4
24,68004,MORTGAGE,5,HOMEIMPROVEMENT,A,4200,5.42,0,0.06,N,4
24,48000,MORTGAGE,4,MEDICAL,A,4000,5.42,0,0.08,N,4
24,48000,MORTGAGE,4,MEDICAL,A,4000,5.42,0,0.08,N,4
24,78000,MORTGAGE,8,DEBTCONSOLIDATION,A,3600,5.42,0,0.05,N,4
24,112000,MORTGAGE,8,DEBTCONSOLIDATION,A,3500,5.42,0,0.03,N,4
24,112000,MORTGAGE,8,PERSONAL,A,3500,5.42,0,0.03,N,4
24,57600,MORTGAGE,,HOMEIMPROVEMENT,A,3300,5.42,0,0.06,N,4
24,58000,MORTGAGE,8,DEBTCONSOLIDATION,A,3000,5.42,0,0.05,N,4
24,68400,MORTGAGE,,PERSONAL,A,3000,5.42,0,0.04,N,4
24,37000,RENT,2,MEDICAL,A,2000,5.42,0,0.05,N,4
24,78000,RENT,4,DEBTCONSOLIDATION,D,30000,,1,0.38,Y,4
24,75000,OWN,8,HOMEIMPROVEMENT,B,29800,,0,0.4,N,4
24,74360,OWN,7,VENTURE,A,25000,,0,0.34,N,4
24,55000,RENT,4,HOMEIMPROVEMENT,D,25000,,1,0.45,Y,4
24,80000,RENT,0,MEDICAL,A,22000,,0,0.28,N,4
24,60000,MORTGAGE,8,MEDICAL,C,21000,,0,0.35,Y,4
24,85850,MORTGAGE,8,MEDICAL,D,20000,,1,0.2,Y,4
24,60000,RENT,8,VENTURE,A,20000,,1,0.33,N,4
24,82726,MORTGAGE,7,EDUCATION,C,20000,,0,0.24,Y,4
24,82726,MORTGAGE,7,HOMEIMPROVEMENT,C,20000,,0,0.24,N,4
24,72000,RENT,6,DEBTCONSOLIDATION,D,20000,,1,0.28,Y,4
24,62000,MORTGAGE,1,MEDICAL,A,20000,,0,0.32,N,4
24,104000,MORTGAGE,2,VENTURE,A,19000,,0,0.18,N,4
24,71480,RENT,8,HOMEIMPROVEMENT,F,17600,,0,0.25,N,4
24,72000,MORTGAGE,4,VENTURE,A,17000,,0,0.24,N,4
24,55000,RENT,8,MEDICAL,B,16800,,1,0.31,N,4
24,86400,MORTGAGE,8,PERSONAL,C,16200,,0,0.19,N,4
24,54000,RENT,6,DEBTCONSOLIDATION,A,16000,,0,0.3,N,4
24,35500,RENT,3,PERSONAL,A,16000,,1,0.45,N,4
24,75000,MORTGAGE,3,VENTURE,C,15600,,0,0.21,N,4
24,58000,MORTGAGE,3,PERSONAL,D,15000,,0,0.26,N,4
24,61800,RENT,2,DEBTCONSOLIDATION,B,15000,,0,0.24,N,4
24,95000,RENT,5,VENTURE,B,14000,,0,0.15,N,4
24,58155,RENT,8,HOMEIMPROVEMENT,E,12950,,0,0.22,N,4
24,77385,RENT,4,MEDICAL,A,12800,,0,0.17,N,4
24,56000,RENT,0,EDUCATION,B,12800,,0,0.23,N,4
24,135000,MORTGAGE,0,VENTURE,C,12500,,0,0.09,N,4
24,75000,RENT,8,PERSONAL,D,12000,,0,0.16,N,4
24,54400,MORTGAGE,8,DEBTCONSOLIDATION,C,12000,,0,0.22,Y,4
24,120155,MORTGAGE,4,EDUCATION,A,12000,,0,0.1,N,4
24,76000,MORTGAGE,3,VENTURE,C,12000,,1,0.16,Y,4
24,72984,MORTGAGE,3,PERSONAL,A,12000,,0,0.16,N,4
24,90000,MORTGAGE,1,PERSONAL,C,12000,,0,0.13,Y,4
24,86700,RENT,2,EDUCATION,A,11200,,0,0.13,N,4
24,37000,RENT,8,EDUCATION,D,10500,,0,0.28,N,4
24,113000,MORTGAGE,5,VENTURE,B,10500,,0,0.09,N,4
24,64000,MORTGAGE,9,DEBTCONSOLIDATION,B,10000,,0,0.16,N,4
24,90000,RENT,8,PERSONAL,B,10000,,0,0.11,N,4
24,38000,RENT,6,EDUCATION,B,10000,,0,0.26,N,4
24,85000,MORTGAGE,4,MEDICAL,C,10000,,0,0.12,N,4
24,33390,MORTGAGE,4,HOMEIMPROVEMENT,A,10000,,0,0.3,N,4
24,72000,RENT,3,PERSONAL,E,10000,,0,0.14,Y,4
24,59000,RENT,1,EDUCATION,A,10000,,0,0.17,N,4
24,56500,RENT,1,HOMEIMPROVEMENT,B,10000,,0,0.18,N,4
24,35000,RENT,1,DEBTCONSOLIDATION,B,10000,,0,0.29,N,4
24,80000,RENT,0,EDUCATION,C,10000,,0,0.13,Y,4
24,50500,RENT,7,EDUCATION,A,9600,,0,0.19,N,4
24,48000,MORTGAGE,3,VENTURE,A,9600,,0,0.2,N,4
24,80000,MORTGAGE,8,MEDICAL,A,9000,,0,0.11,N,4
24,60000,MORTGAGE,8,VENTURE,B,9000,,0,0.15,N,4
24,28800,RENT,2,MEDICAL,B,8875,,1,0.31,N,4
24,30000,RENT,0,MEDICAL,B,8850,,0,0.29,N,4
24,47000,MORTGAGE,1,EDUCATION,B,8500,,0,0.18,N,4
24,48000,MORTGAGE,9,VENTURE,A,8400,,0,0.17,N,4
24,68069,MORTGAGE,,VENTURE,A,8100,,0,0.12,N,4
24,80000,MORTGAGE,8,PERSONAL,B,8000,,0,0.1,N,4
24,40000,MORTGAGE,5,VENTURE,A,8000,,0,0.2,N,4
24,85000,MORTGAGE,2,PERSONAL,A,8000,,0,0.09,N,4
24,42000,RENT,2,EDUCATION,B,8000,,0,0.19,N,4
24,48600,MORTGAGE,1,EDUCATION,D,8000,,1,0.16,N,4
24,30000,RENT,6,PERSONAL,E,7750,,0,0.26,N,4
24,101000,MORTGAGE,3,EDUCATION,A,7000,,1,0.07,N,4
24,73000,RENT,2,DEBTCONSOLIDATION,A,6500,,0,0.09,N,4
24,25000,MORTGAGE,1,MEDICAL,A,6500,,0,0.26,N,4
24,60000,RENT,2,DEBTCONSOLIDATION,A,6400,,0,0.11,N,4
24,92259,MORTGAGE,4,HOMEIMPROVEMENT,A,6000,,0,0.07,N,4
24,225000,RENT,0,MEDICAL,B,6000,,0,0.03,N,4
24,110000,RENT,0,PERSONAL,B,6000,,0,0.05,N,4
24,95000,MORTGAGE,,MEDICAL,C,5750,,0,0.06,Y,4
24,50000,RENT,4,HOMEIMPROVEMENT,B,5600,,0,0.11,N,4
24,50004,RENT,9,VENTURE,C,5000,,0,0.1,N,4
24,150000,RENT,8,VENTURE,B,5000,,0,0.03,N,4
24,88400,RENT,8,MEDICAL,D,5000,,1,0.05,N,4
24,45000,MORTGAGE,5,EDUCATION,A,5000,,0,0.11,N,4
24,25000,RENT,5,VENTURE,A,5000,,0,0.2,N,4
24,67200,RENT,4,EDUCATION,B,5000,,0,0.07,N,4
24,74000,RENT,2,MEDICAL,A,5000,,0,0.07,N,4
24,23000,RENT,2,EDUCATION,B,5000,,0,0.22,N,4
24,23000,RENT,1,MEDICAL,C,5000,,0,0.22,N,4
24,28800,RENT,0,EDUCATION,C,4750,,0,0.16,Y,4
24,86854,RENT,8,VENTURE,A,4500,,0,0.05,N,4
24,72000,RENT,6,PERSONAL,A,4400,,0,0.06,N,4
24,96000,MORTGAGE,2,VENTURE,B,4200,,0,0.04,N,4
24,16000,RENT,2,DEBTCONSOLIDATION,D,4200,,1,0.26,N,4
24,37000,MORTGAGE,4,MEDICAL,A,4000,,0,0.11,N,4
24,41160,RENT,2,MEDICAL,A,4000,,0,0.1,N,4
24,39000,RENT,2,DEBTCONSOLIDATION,D,4000,,1,0.1,Y,4
24,50000,RENT,0,PERSONAL,A,4000,,0,0.08,N,4
24,82000,MORTGAGE,8,EDUCATION,D,3500,,0,0.04,N,4
24,30000,MORTGAGE,,DEBTCONSOLIDATION,A,3075,,0,0.1,N,4
24,40000,RENT,7,PERSONAL,C,3000,,0,0.07,Y,4
24,75000,RENT,4,HOMEIMPROVEMENT,C,3000,,0,0.04,N,4
24,90000,MORTGAGE,3,MEDICAL,A,3000,,0,0.03,N,4
24,20004,RENT,3,VENTURE,C,3000,,0,0.15,N,4
24,64000,OWN,1,EDUCATION,A,3000,,0,0.05,N,4
24,35000,MORTGAGE,2,MEDICAL,A,2950,,0,0.08,N,4
24,57500,RENT,4,DEBTCONSOLIDATION,C,2525,,0,0.04,Y,4
24,57500,RENT,4,DEBTCONSOLIDATION,C,2525,,0,0.04,N,4
24,61200,MORTGAGE,8,EDUCATION,C,2500,,1,0.04,N,4
24,38500,MORTGAGE,5,PERSONAL,C,2500,,0,0.06,N,4
24,29000,RENT,2,MEDICAL,D,2500,,1,0.09,N,4
24,69684,MORTGAGE,4,MEDICAL,B,2400,,0,0.03,N,4
24,78000,MORTGAGE,0,VENTURE,A,2300,,0,0.03,N,4
24,40000,RENT,5,MEDICAL,B,2000,,0,0.05,N,4
24,50400,RENT,8,DEBTCONSOLIDATION,A,1500,,0,0.03,N,4
24,29000,MORTGAGE,8,PERSONAL,B,1450,,1,0.05,N,4
24,125000,RENT,1,HOMEIMPROVEMENT,C,1400,,0,0.01,Y,4
24,30500,RENT,2,EDUCATION,F,6800,21.74,1,0.22,Y,3
24,30000,RENT,5,MEDICAL,G,2000,21.27,1,0.07,Y,3
24,74000,OWN,8,DEBTCONSOLIDATION,G,35000,20.11,1,0.47,N,3
24,39000,RENT,2,DEBTCONSOLIDATION,E,16000,19.91,1,0.41,Y,3
24,39000,RENT,2,DEBTCONSOLIDATION,E,16000,19.91,1,0.41,N,3
24,66300,MORTGAGE,6,MEDICAL,E,30000,19.42,1,0.38,N,3
24,30000,RENT,0,PERSONAL,E,10000,19.29,1,0.33,Y,3
24,30000,RENT,0,PERSONAL,E,10000,19.29,1,0.33,N,3
24,136000,MORTGAGE,9,PERSONAL,F,25000,19.13,1,0.18,N,3
24,136000,MORTGAGE,9,DEBTCONSOLIDATION,F,25000,19.13,1,0.18,N,3
24,63000,MORTGAGE,8,PERSONAL,F,20000,19.13,0,0.32,Y,3
24,57000,MORTGAGE,8,MEDICAL,F,20000,19.13,1,0.35,Y,3
24,88000,MORTGAGE,8,DEBTCONSOLIDATION,F,30000,18.62,1,0.34,N,3
24,48960,MORTGAGE,8,VENTURE,E,10000,18.39,0,0.2,N,3
24,121000,RENT,8,PERSONAL,F,18000,18.3,0,0.15,N,3
24,14400,RENT,0,PERSONAL,D,1600,18.25,1,0.11,N,3
24,24000,RENT,1,PERSONAL,E,1000,17.99,1,0.04,N,3
24,32000,RENT,2,HOMEIMPROVEMENT,E,4000,17.93,1,0.13,N,3
24,95000,RENT,8,PERSONAL,D,17200,17.58,0,0.18,N,3
24,90000,RENT,8,HOMEIMPROVEMENT,D,15000,17.58,0,0.17,N,3
24,90000,MORTGAGE,8,HOMEIMPROVEMENT,E,24000,17.56,0,0.27,N,3
24,70000,MORTGAGE,2,PERSONAL,E,12000,17.56,0,0.17,Y,3
24,33000,RENT,2,HOMEIMPROVEMENT,E,6900,17.56,1,0.21,Y,3
24,74600,MORTGAGE,3,DEBTCONSOLIDATION,E,20000,17.51,1,0.27,N,3
24,61100,MORTGAGE,4,DEBTCONSOLIDATION,D,25000,17.49,1,0.41,N,3
24,43000,MORTGAGE,1,PERSONAL,D,4000,17.49,1,0.09,N,3
24,97750,MORTGAGE,0,MEDICAL,E,24000,17.39,1,0.21,Y,3
24,44000,MORTGAGE,5,DEBTCONSOLIDATION,D,22800,17.27,1,0.52,N,3
24,60500,RENT,1,DEBTCONSOLIDATION,D,8150,17.27,1,0.13,Y,3
24,24000,RENT,0,HOMEIMPROVEMENT,D,7750,17.27,1,0.32,N,3
24,54996,RENT,7,EDUCATION,E,17500,17.19,1,0.32,N,3
24,45000,RENT,0,MEDICAL,E,6000,17.19,1,0.13,N,3
24,45000,RENT,0,EDUCATION,E,6000,17.19,1,0.13,Y,3
24,54000,RENT,1,PERSONAL,E,20000,17.04,1,0.37,Y,3
24,117996,MORTGAGE,6,VENTURE,E,18000,17.04,0,0.15,Y,3
24,15000,RENT,3,PERSONAL,E,4800,16.95,1,0.32,N,3
24,59000,RENT,5,MEDICAL,D,21500,16.89,1,0.36,N,3
24,50000,MORTGAGE,7,VENTURE,D,11000,16.89,0,0.22,N,3
24,148000,RENT,0,DEBTCONSOLIDATION,E,15000,16.82,1,0.1,N,3
24,34320,RENT,5,MEDICAL,E,14400,16.82,1,0.42,Y,3
24,103000,OWN,8,EDUCATION,D,24000,16.77,0,0.23,N,3
24,48000,RENT,8,PERSONAL,D,12000,16.77,0,0.25,Y,3
24,72000,MORTGAGE,2,EDUCATION,E,6000,16.77,0,0.08,Y,3
24,39000,RENT,1,DEBTCONSOLIDATION,E,5000,16.77,1,0.13,Y,3
24,49000,RENT,8,DEBTCONSOLIDATION,D,4400,16.77,1,0.09,Y,3
24,36000,RENT,2,HOMEIMPROVEMENT,D,2500,16.77,1,0.07,N,3
24,83000,MORTGAGE,2,DEBTCONSOLIDATION,D,28000,16.49,1,0.34,Y,3
24,58650,RENT,4,MEDICAL,D,9500,16.49,1,0.14,N,3
24,116664,RENT,8,VENTURE,D,8000,16.49,0,0.07,N,3
24,34000,RENT,0,VENTURE,D,8000,16.49,1,0.24,Y,3
24,25344,MORTGAGE,5,MEDICAL,D,4000,16.49,1,0.16,N,3
24,25344,MORTGAGE,5,MEDICAL,D,4000,16.49,1,0.16,Y,3
24,168000,MORTGAGE,0,PERSONAL,E,25000,16.45,1,0.15,N,3
24,37000,RENT,3,MEDICAL,E,5000,16.45,1,0.14,N,3
24,140004,MORTGAGE,4,EDUCATION,E,4000,16.45,0,0.03,N,3
24,22044,RENT,3,HOMEIMPROVEMENT,E,4375,16.4,1,0.2,Y,3
24,50000,RENT,8,MEDICAL,E,15850,16.35,1,0.32,Y,3
24,79650,RENT,4,PERSONAL,E,6000,16.35,1,0.08,Y,3
24,83100,RENT,5,HOMEIMPROVEMENT,E,5000,16.35,0,0.06,N,3
24,83100,RENT,5,PERSONAL,E,5000,16.35,0,0.06,Y,3
24,95000,OWN,8,EDUCATION,E,25000,16.32,0,0.26,N,3
24,47292,RENT,4,MEDICAL,D,10000,16.32,1,0.21,Y,3
24,93000,MORTGAGE,5,DEBTCONSOLIDATION,D,12000,16.29,1,0.13,Y,3
24,20800,OWN,0,PERSONAL,D,5000,16.29,0,0.24,Y,3
24,32500,RENT,5,MEDICAL,D,4000,16.29,0,0.12,Y,3
24,134000,RENT,8,PERSONAL,D,25000,16.07,0,0.19,Y,3
24,53295,RENT,3,MEDICAL,D,19600,16.07,1,0.31,N,3
24,160000,MORTGAGE,3,VENTURE,D,20000,16,0,0.13,N,3
24,34400,RENT,8,DEBTCONSOLIDATION,D,14000,16,1,0.41,Y,3
24,85000,RENT,8,PERSONAL,E,10000,16,0,0.12,Y,3
24,35200,RENT,1,MEDICAL,D,4000,16,1,0.11,Y,3
24,35000,OWN,1,VENTURE,E,3500,16,0,0.1,N,3
24,33396,RENT,3,PERSONAL,D,2800,16,1,0.08,N,3
24,138000,RENT,2,VENTURE,D,20000,15.99,1,0.14,Y,3
24,46000,MORTGAGE,,MEDICAL,D,10000,15.99,1,0.22,N,3
24,54000,RENT,0,DEBTCONSOLIDATION,D,7000,15.99,1,0.13,Y,3
24,30000,RENT,2,HOMEIMPROVEMENT,D,6000,15.99,1,0.2,Y,3
24,18000,RENT,3,MEDICAL,D,5400,15.99,1,0.3,Y,3
24,45000,RENT,0,EDUCATION,D,4000,15.99,1,0.09,Y,3
24,50000,RENT,8,PERSONAL,C,8000,15.96,0,0.16,N,3
24,48500,RENT,5,MEDICAL,C,8000,15.96,0,0.16,N,3
24,97000,MORTGAGE,3,EDUCATION,C,6400,15.96,0,0.07,N,3
24,56000,RENT,8,VENTURE,D,21250,15.95,1,0.38,Y,3
24,71496,MORTGAGE,5,PERSONAL,D,15000,15.95,0,0.21,Y,3
24,77350,MORTGAGE,2,MEDICAL,D,25000,15.7,1,0.27,Y,3
24,30000,OWN,1,MEDICAL,E,15000,15.68,1,0.5,N,3
24,45996,RENT,3,EDUCATION,E,12000,15.68,0,0.26,Y,3
24,74000,RENT,1,HOMEIMPROVEMENT,D,16800,15.65,1,0.23,Y,3
24,61000,MORTGAGE,4,PERSONAL,D,10000,15.65,0,0.16,N,3
24,46700,RENT,5,EDUCATION,D,8000,15.65,0,0.17,Y,3
24,60000,MORTGAGE,0,EDUCATION,D,8000,15.65,0,0.13,N,3
24,72000,RENT,5,EDUCATION,D,7400,15.65,0,0.1,Y,3
24,13200,RENT,6,VENTURE,D,4000,15.65,1,0.3,Y,3
24,24000,RENT,2,HOMEIMPROVEMENT,D,3500,15.65,1,0.15,Y,3
24,190000,OWN,4,PERSONAL,C,24000,15.62,0,0.13,Y,3
24,29000,MORTGAGE,1,MEDICAL,D,6000,15.62,1,0.21,N,3
24,29004,RENT,0,VENTURE,D,6000,15.62,1,0.21,N,3
24,61000,MORTGAGE,7,PERSONAL,D,3000,15.62,0,0.05,N,3
24,39000,RENT,8,MEDICAL,D,1500,15.62,0,0.04,Y,3
24,39000,RENT,8,MEDICAL,D,1500,15.62,0,0.04,Y,3
24,50000,MORTGAGE,2,EDUCATION,D,25000,15.58,0,0.5,Y,3
24,44000,MORTGAGE,2,DEBTCONSOLIDATION,D,25000,15.58,1,0.57,Y,3
24,40000,RENT,4,MEDICAL,D,14000,15.58,1,0.35,Y,3
24,30000,RENT,0,EDUCATION,D,9000,15.58,1,0.3,N,3
24,74004,MORTGAGE,7,DEBTCONSOLIDATION,D,25000,15.57,1,0.34,Y,3
24,75000,RENT,5,VENTURE,D,8000,15.37,0,0.11,Y,3
24,116000,RENT,5,EDUCATION,D,21500,15.33,0,0.19,Y,3
24,95000,MORTGAGE,8,VENTURE,D,16000,15.33,0,0.17,N,3
24,36708,RENT,2,HOMEIMPROVEMENT,D,3000,15.33,1,0.08,Y,3
24,45000,RENT,7,DEBTCONSOLIDATION,D,9600,15.31,1,0.21,Y,3
24,97000,RENT,3,EDUCATION,D,8000,15.31,0,0.08,N,3
24,120000,OWN,8,PERSONAL,D,15000,15.28,0,0.13,N,3
24,110000,MORTGAGE,0,EDUCATION,D,13200,15.28,0,0.12,N,3
24,98000,MORTGAGE,0,DEBTCONSOLIDATION,D,13200,15.28,1,0.13,Y,3
24,41280,RENT,3,VENTURE,D,11000,15.28,0,0.27,N,3
24,36000,RENT,6,PERSONAL,D,8000,15.28,1,0.22,N,3
24,36000,RENT,3,EDUCATION,D,5300,15.28,0,0.15,N,3
24,30000,RENT,3,MEDICAL,D,5300,15.28,1,0.18,Y,3
24,82000,OWN,8,EDUCATION,C,25000,15.27,0,0.3,Y,3
24,42000,RENT,8,EDUCATION,C,15000,15.27,1,0.36,N,3
24,102000,MORTGAGE,5,MEDICAL,C,12000,15.27,0,0.12,N,3
24,102000,MORTGAGE,5,EDUCATION,C,12000,15.27,0,0.12,Y,3
24,28800,RENT,0,MEDICAL,C,5300,15.27,0,0.18,N,3
24,40000,RENT,6,PERSONAL,C,2500,15.27,0,0.06,N,3
24,80000,MORTGAGE,4,PERSONAL,C,2000,15.27,0,0.03,Y,3
24,95000,OWN,4,HOMEIMPROVEMENT,C,10000,15.23,0,0.11,Y,3
24,75000,MORTGAGE,8,MEDICAL,C,8000,15.23,0,0.11,Y,3
24,55000,MORTGAGE,0,HOMEIMPROVEMENT,C,4200,15.23,0,0.08,Y,3
24,36000,MORTGAGE,5,MEDICAL,C,4000,15.23,1,0.11,Y,3
24,72000,MORTGAGE,2,EDUCATION,C,1000,15.23,0,0.01,Y,3
24,74004,MORTGAGE,8,DEBTCONSOLIDATION,D,8000,15.21,1,0.11,N,3
24,120000,MORTGAGE,0,EDUCATION,D,25000,15.2,0,0.21,Y,3
24,127000,MORTGAGE,3,HOMEIMPROVEMENT,D,12000,15.05,0,0.09,Y,3
24,83000,RENT,8,PERSONAL,D,9000,15.05,1,0.11,Y,3
24,36000,RENT,5,VENTURE,D,6000,14.96,0,0.17,N,3
24,42000,RENT,2,HOMEIMPROVEMENT,D,6000,14.96,1,0.14,Y,3
24,71004,MORTGAGE,8,DEBTCONSOLIDATION,D,5000,14.96,1,0.07,Y,3
24,55008,RENT,6,VENTURE,E,10000,14.93,0,0.18,Y,3
24,100300,MORTGAGE,2,MEDICAL,D,30000,14.91,1,0.25,Y,3
24,60500,RENT,2,PERSONAL,D,5600,14.91,1,0.09,N,3
24,87000,RENT,8,HOMEIMPROVEMENT,D,25000,14.84,0,0.29,N,3
24,34068,RENT,2,EDUCATION,D,4500,14.84,1,0.13,N,3
24,52000,MORTGAGE,6,VENTURE,D,12000,14.83,0,0.23,N,3
24,46000,MORTGAGE,6,DEBTCONSOLIDATION,D,12000,14.83,1,0.26,Y,3
24,39996,MORTGAGE,4,EDUCATION,C,5000,14.82,0,0.13,Y,3
24,59000,RENT,5,EDUCATION,C,15000,14.79,1,0.25,Y,3
24,52500,RENT,1,EDUCATION,C,9500,14.79,0,0.18,Y,3
24,20400,RENT,3,DEBTCONSOLIDATION,C,7550,14.79,1,0.37,Y,3
24,72000,RENT,4,HOMEIMPROVEMENT,D,20000,14.74,0,0.28,Y,3
24,35000,MORTGAGE,3,PERSONAL,D,13000,14.74,0,0.37,N,3
24,50000,RENT,8,HOMEIMPROVEMENT,C,12250,14.72,0,0.24,Y,3
24,70000,RENT,2,EDUCATION,C,8000,14.72,0,0.11,Y,3
24,125000,RENT,3,DEBTCONSOLIDATION,C,3000,14.72,0,0.02,Y,3
24,57600,RENT,8,EDUCATION,C,2500,14.72,0,0.04,Y,3
24,75000,RENT,0,VENTURE,E,25000,14.7,1,0.33,Y,3
24,70000,RENT,4,VENTURE,C,10125,14.65,0,0.14,Y,3
24,31000,RENT,2,EDUCATION,C,10000,14.65,1,0.32,Y,3
24,73700,RENT,0,VENTURE,C,5500,14.65,0,0.07,N,3
24,30000,RENT,0,MEDICAL,D,10000,14.61,1,0.33,N,3
24,60000,RENT,3,HOMEIMPROVEMENT,D,8000,14.59,0,0.13,Y,3
24,36000,RENT,5,VENTURE,D,3525,14.59,0,0.1,Y,3
24,28500,OWN,4,VENTURE,D,3500,14.59,0,0.12,N,3
24,64000,RENT,8,DEBTCONSOLIDATION,D,30000,14.54,1,0.47,Y,3
24,31000,RENT,1,EDUCATION,D,2500,14.54,1,0.08,Y,3
24,42000,RENT,8,HOMEIMPROVEMENT,D,18000,14.46,1,0.43,Y,3
24,90000,RENT,9,VENTURE,D,15000,14.42,0,0.17,Y,3
24,53000,MORTGAGE,0,HOMEIMPROVEMENT,D,7200,14.42,0,0.14,N,3
24,25000,RENT,0,MEDICAL,D,6950,14.42,1,0.28,Y,3
24,32500,OWN,2,EDUCATION,D,5600,14.42,0,0.17,N,3
24,50000,MORTGAGE,7,VENTURE,D,1000,14.42,0,0.02,N,3
24,80000,MORTGAGE,8,DEBTCONSOLIDATION,C,24000,14.35,0,0.3,Y,3
24,33198,RENT,3,MEDICAL,C,7000,14.27,1,0.21,N,3
24,24000,RENT,5,PERSONAL,C,5500,14.27,0,0.23,Y,3
24,98000,RENT,4,EDUCATION,C,14000,14.26,1,0.14,N,3
24,40000,RENT,5,DEBTCONSOLIDATION,C,13000,14.26,1,0.33,N,3
24,75000,OTHER,5,HOMEIMPROVEMENT,C,12000,14.26,0,0.16,Y,3
24,26000,RENT,5,VENTURE,C,12000,14.26,1,0.46,N,3
24,33000,OWN,9,VENTURE,C,8000,14.26,0,0.24,Y,3
24,99996,RENT,0,HOMEIMPROVEMENT,C,20000,14.22,0,0.2,Y,3
24,30000,MORTGAGE,,HOMEIMPROVEMENT,C,10000,14.22,1,0.33,Y,3
24,52000,MORTGAGE,7,MEDICAL,C,5000,14.22,0,0.1,Y,3
24,79632,MORTGAGE,8,EDUCATION,C,7200,14.17,0,0.09,Y,3
24,39000,RENT,1,DEBTCONSOLIDATION,D,10000,14.11,1,0.26,N,3
24,39996,RENT,0,VENTURE,D,5000,14.11,1,0.13,Y,3
24,68000,RENT,5,PERSONAL,D,25000,14.09,1,0.37,Y,3
24,65000,MORTGAGE,2,EDUCATION,D,20000,14.09,0,0.31,Y,3
24,56000,MORTGAGE,4,HOMEIMPROVEMENT,C,19125,13.99,0,0.34,Y,3
24,80000,MORTGAGE,8,VENTURE,C,12000,13.99,0,0.15,Y,3
24,43995,RENT,,EDUCATION,C,7400,13.99,1,0.17,Y,3
24,40000,RENT,4,PERSONAL,C,6000,13.99,0,0.15,Y,3
24,51992,MORTGAGE,9,PERSONAL,C,15000,13.98,0,0.29,N,3
24,67500,RENT,1,VENTURE,C,13000,13.98,0,0.19,Y,3
24,46180,RENT,1,VENTURE,C,2500,13.98,1,0.05,Y,3
24,32400,RENT,0,EDUCATION,C,1600,13.98,1,0.05,N,3
24,73000,RENT,5,MEDICAL,C,9600,13.92,0,0.13,Y,3
24,89772,RENT,8,MEDICAL,C,6000,13.92,0,0.07,Y,3
24,89772,RENT,8,DEBTCONSOLIDATION,C,6000,13.92,0,0.07,Y,3
24,96000,MORTGAGE,7,PERSONAL,C,6000,13.92,0,0.06,N,3
24,22000,RENT,3,MEDICAL,C,4000,13.92,0,0.18,N,3
24,72000,RENT,8,PERSONAL,C,3200,13.92,0,0.04,N,3
24,36000,RENT,0,EDUCATION,C,3000,13.92,0,0.08,Y,3
24,51000,RENT,8,MEDICAL,C,16000,13.85,1,0.31,N,3
24,63582,MORTGAGE,3,HOMEIMPROVEMENT,C,14000,13.85,1,0.22,N,3
24,32000,RENT,5,EDUCATION,C,12000,13.85,1,0.38,N,3
24,50000,RENT,0,VENTURE,C,11200,13.85,0,0.22,Y,3
24,48720,RENT,,EDUCATION,C,10000,13.85,0,0.21,Y,3
24,12624,RENT,,VENTURE,C,6300,13.85,1,0.5,N,3
24,40800,RENT,5,MEDICAL,C,4800,13.85,0,0.12,Y,3
24,19464,RENT,,PERSONAL,C,2500,13.84,1,0.13,Y,3
24,12000,RENT,0,PERSONAL,C,4000,13.8,1,0.33,Y,3
24,59000,RENT,8,MEDICAL,C,3200,13.8,1,0.05,N,3
24,50000,RENT,3,PERSONAL,C,17000,13.79,1,0.34,N,3
24,26500,RENT,0,MEDICAL,C,6000,13.79,0,0.23,Y,3
24,43500,RENT,6,MEDICAL,D,10000,13.62,1,0.23,Y,3
24,80000,RENT,2,PERSONAL,C,12000,13.61,0,0.15,Y,3
24,99996,MORTGAGE,5,MEDICAL,C,10000,13.61,0,0.1,Y,3
24,30000,RENT,7,MEDICAL,C,8000,13.61,0,0.27,Y,3
24,19200,RENT,1,HOMEIMPROVEMENT,C,8000,13.61,1,0.42,Y,3
24,65000,MORTGAGE,3,DEBTCONSOLIDATION,C,7000,13.61,0,0.11,Y,3
24,19764,OWN,0,VENTURE,C,4800,13.61,1,0.24,Y,3
24,72000,MORTGAGE,3,PERSONAL,C,20000,13.57,0,0.28,N,3
24,28800,RENT,3,DEBTCONSOLIDATION,C,9250,13.57,1,0.32,N,3
24,12360,OWN,2,MEDICAL,C,1600,13.57,0,0.13,N,3
24,103000,MORTGAGE,8,DEBTCONSOLIDATION,C,21000,13.49,0,0.2,Y,3
24,47000,MORTGAGE,0,PERSONAL,C,12000,13.49,0,0.26,Y,3
24,87600,MORTGAGE,8,VENTURE,C,10000,13.49,0,0.11,Y,3
24,49200,RENT,8,VENTURE,C,10000,13.49,0,0.2,N,3
24,83050,MORTGAGE,5,EDUCATION,C,10000,13.49,0,0.12,Y,3
24,62000,RENT,3,HOMEIMPROVEMENT,C,10000,13.49,0,0.16,Y,3
24,35640,MORTGAGE,1,DEBTCONSOLIDATION,C,10000,13.49,0,0.28,Y,3
24,43000,MORTGAGE,7,MEDICAL,C,6000,13.49,0,0.14,Y,3
24,30000,RENT,2,DEBTCONSOLIDATION,C,6000,13.49,0,0.2,N,3
24,32000,RENT,1,HOMEIMPROVEMENT,C,6000,13.49,1,0.19,N,3
24,40000,RENT,1,MEDICAL,C,3600,13.49,0,0.09,N,3
24,62000,RENT,4,EDUCATION,C,2000,13.49,0,0.03,N,3
24,62000,RENT,4,HOMEIMPROVEMENT,C,2000,13.49,0,0.03,Y,3
24,64000,RENT,8,HOMEIMPROVEMENT,C,1300,13.49,1,0.02,N,3
24,67000,RENT,5,PERSONAL,C,20000,13.48,0,0.3,Y,3
24,83500,RENT,1,EDUCATION,C,20000,13.48,0,0.24,N,3
24,56000,RENT,2,EDUCATION,C,18000,13.48,1,0.32,N,3
24,43275,RENT,4,MEDICAL,C,17000,13.47,1,0.39,N,3
24,50000,MORTGAGE,8,DEBTCONSOLIDATION,C,3000,13.47,0,0.06,N,3
24,91800,RENT,4,PERSONAL,C,25000,13.43,0,0.27,Y,3
24,95000,OWN,8,PERSONAL,C,4800,13.43,0,0.05,N,3
24,95004,MORTGAGE,0,MEDICAL,C,18000,13.35,0,0.19,N,3
24,90000,OWN,8,MEDICAL,C,12000,13.35,0,0.13,N,3
24,26085,RENT,2,EDUCATION,C,4800,13.35,0,0.18,Y,3
24,30000,RENT,0,EDUCATION,C,4800,13.35,0,0.16,N,3
24,83004,RENT,4,PERSONAL,C,12000,13.23,0,0.14,Y,3
24,38000,RENT,2,PERSONAL,C,12000,13.23,1,0.32,Y,3
24,31200,RENT,2,VENTURE,C,8400,13.23,0,0.27,N,3
24,40040,RENT,0,MEDICAL,C,7000,13.23,0,0.17,Y,3
24,93500,RENT,2,VENTURE,C,6400,13.23,0,0.07,Y,3
24,117300,RENT,4,MEDICAL,C,5000,13.23,1,0.04,Y,3
24,57692,RENT,2,HOMEIMPROVEMENT,C,5000,13.23,0,0.09,Y,3
24,45000,RENT,2,PERSONAL,C,4000,13.23,0,0.09,Y,3
24,51996,RENT,2,MEDICAL,C,15000,13.22,0,0.29,N,3
24,46000,RENT,4,PERSONAL,C,9000,13.22,0,0.2,N,3
24,40000,OWN,8,HOMEIMPROVEMENT,C,7500,13.22,0,0.19,N,3
24,62500,OWN,8,HOMEIMPROVEMENT,C,6500,13.22,0,0.1,N,3
24,30000,MORTGAGE,0,VENTURE,C,6000,13.22,0,0.2,N,3
24,98000,MORTGAGE,2,PERSONAL,C,5000,13.22,1,0.05,Y,3
24,150000,MORTGAGE,8,VENTURE,C,15000,13.16,0,0.1,Y,3
24,73500,RENT,7,MEDICAL,C,15000,13.16,0,0.2,Y,3
24,86000,MORTGAGE,3,VENTURE,C,15000,13.16,0,0.17,N,3
24,33500,RENT,2,VENTURE,C,10000,13.16,0,0.3,Y,3
24,34000,RENT,2,DEBTCONSOLIDATION,C,9000,13.16,0,0.26,N,3
24,33996,RENT,1,DEBTCONSOLIDATION,C,7000,13.16,1,0.21,N,3
24,89000,MORTGAGE,8,MEDICAL,C,25000,13.11,0,0.28,Y,3
24,85000,RENT,0,MEDICAL,C,15000,13.11,0,0.18,N,3
24,46000,RENT,2,VENTURE,C,9975,13.11,0,0.22,Y,3
24,112500,MORTGAGE,3,EDUCATION,C,8600,13.11,0,0.08,Y,3
24,39996,RENT,1,MEDICAL,C,7000,13.11,0,0.18,N,3
24,54000,OWN,8,EDUCATION,C,1200,13.11,0,0.02,Y,3
24,80000,RENT,3,VENTURE,C,20000,13.06,0,0.25,Y,3
24,45000,MORTGAGE,3,VENTURE,C,15000,13.06,0,0.33,N,3
24,45000,MORTGAGE,3,VENTURE,C,15000,13.06,0,0.33,N,3
24,49920,RENT,0,MEDICAL,C,7200,13.06,0,0.14,Y,3
24,22992,RENT,1,HOMEIMPROVEMENT,C,5000,13.06,1,0.22,Y,3
24,49200,OWN,8,PERSONAL,C,4000,13.06,0,0.08,Y,3
24,36000,OWN,0,VENTURE,C,4000,13.06,0,0.11,Y,3
24,36000,MORTGAGE,8,PERSONAL,C,3500,13.06,0,0.1,Y,3
24,32000,RENT,2,EDUCATION,C,1000,13.06,1,0.03,N,3
24,203500,OWN,8,MEDICAL,C,20000,13.04,0,0.1,N,3
24,41000,RENT,4,MEDICAL,C,11525,12.99,0,0.28,Y,3
24,250000,RENT,2,EDUCATION,C,18000,12.98,0,0.07,Y,3
24,83000,RENT,5,PERSONAL,D,25000,12.92,0,0.3,Y,3
24,76000,MORTGAGE,9,DEBTCONSOLIDATION,D,7000,12.92,1,0.09,N,3
24,40800,MORTGAGE,1,EDUCATION,D,6000,12.92,0,0.15,N,3
24,36100,RENT,4,DEBTCONSOLIDATION,D,5000,12.92,1,0.14,Y,3
24,41000,RENT,4,MEDICAL,C,15600,12.87,1,0.38,Y,3
24,40000,RENT,1,EDUCATION,C,15000,12.87,1,0.38,Y,3
24,32000,RENT,0,MEDICAL,C,12500,12.87,1,0.39,Y,3
24,27456,RENT,1,MEDICAL,C,9250,12.87,1,0.34,N,3
24,52800,RENT,1,MEDICAL,C,8000,12.87,0,0.15,Y,3
24,74000,RENT,1,PERSONAL,C,4900,12.87,0,0.07,N,3
24,35000,RENT,1,MEDICAL,C,4500,12.87,0,0.13,Y,3
24,50004,RENT,4,DEBTCONSOLIDATION,C,7200,12.84,0,0.14,Y,3
24,40000,RENT,8,MEDICAL,C,4500,12.84,0,0.11,N,3
24,42000,RENT,2,HOMEIMPROVEMENT,C,4000,12.73,1,0.1,Y,3
24,65000,MORTGAGE,0,DEBTCONSOLIDATION,C,3000,12.73,0,0.05,N,3
24,74000,RENT,0,HOMEIMPROVEMENT,B,20000,12.69,0,0.27,N,3
24,95000,MORTGAGE,7,DEBTCONSOLIDATION,B,15000,12.69,0,0.16,N,3
24,39996,RENT,8,DEBTCONSOLIDATION,B,12000,12.69,0,0.3,N,3
24,65000,RENT,3,EDUCATION,B,8000,12.69,0,0.12,N,3
24,85000,MORTGAGE,2,DEBTCONSOLIDATION,B,7000,12.69,0,0.08,N,3
24,50000,OWN,5,VENTURE,B,5000,12.69,0,0.1,N,3
24,78000,OWN,6,HOMEIMPROVEMENT,B,4500,12.69,0,0.06,N,3
24,47000,MORTGAGE,8,PERSONAL,B,3000,12.69,0,0.06,N,3
24,12000,OWN,4,VENTURE,B,2500,12.69,1,0.21,N,3
24,67746,RENT,8,HOMEIMPROVEMENT,C,33000,12.68,1,0.49,N,3
24,97000,MORTGAGE,2,DEBTCONSOLIDATION,C,22000,12.68,0,0.23,N,3
24,30000,OWN,7,HOMEIMPROVEMENT,C,10000,12.61,0,0.33,N,3
24,79000,RENT,3,PERSONAL,C,7000,12.54,0,0.09,N,3
24,130000,MORTGAGE,5,DEBTCONSOLIDATION,B,25000,12.53,0,0.19,N,3
24,101000,OWN,5,VENTURE,B,24250,12.53,0,0.24,N,3
24,89908,RENT,1,VENTURE,B,24250,12.53,0,0.27,N,3
24,40000,RENT,4,PERSONAL,B,20000,12.53,1,0.5,N,3
24,102000,RENT,8,EDUCATION,C,18000,12.53,0,0.18,Y,3
24,108000,MORTGAGE,1,HOMEIMPROVEMENT,C,18000,12.53,0,0.17,Y,3
24,46500,MORTGAGE,0,HOMEIMPROVEMENT,C,16000,12.53,0,0.34,Y,3
24,47928,RENT,1,MEDICAL,B,6000,12.53,0,0.13,N,3
24,38000,OWN,2,HOMEIMPROVEMENT,C,5000,12.53,0,0.13,N,3
24,69996,RENT,3,DEBTCONSOLIDATION,B,2500,12.53,0,0.04,N,3
24,25000,RENT,3,PERSONAL,C,1600,12.53,0,0.06,N,3
24,72000,OWN,,VENTURE,B,16000,12.42,0,0.22,N,3
24,90000,MORTGAGE,0,MEDICAL,B,13000,12.42,0,0.14,N,3
24,32000,RENT,4,HOMEIMPROVEMENT,B,12800,12.42,1,0.4,N,3
24,24000,OWN,0,VENTURE,B,7100,12.42,0,0.3,N,3
24,40000,MORTGAGE,6,EDUCATION,B,5400,12.42,0,0.14,N,3
24,40000,RENT,5,DEBTCONSOLIDATION,B,5000,12.42,0,0.13,N,3
24,22000,RENT,0,PERSONAL,C,5550,12.41,1,0.25,N,3
24,112500,RENT,1,PERSONAL,C,16000,12.29,0,0.14,N,3
24,44000,RENT,3,DEBTCONSOLIDATION,C,12000,12.23,1,0.27,N,3
24,40000,RENT,1,EDUCATION,C,3900,12.23,0,0.1,Y,3
24,75000,MORTGAGE,8,DEBTCONSOLIDATION,B,15000,12.21,0,0.2,N,3
24,50004,RENT,0,EDUCATION,B,14000,12.21,0,0.28,N,3
24,47000,MORTGAGE,3,MEDICAL,B,12000,12.21,0,0.26,N,3
24,72000,MORTGAGE,5,HOMEIMPROVEMENT,B,8000,12.21,0,0.11,N,3
24,175500,MORTGAGE,4,EDUCATION,B,15000,12.18,0,0.09,N,3
24,100000,MORTGAGE,5,VENTURE,B,12000,12.18,0,0.12,N,3
24,49000,MORTGAGE,0,MEDICAL,B,5000,12.18,1,0.1,N,3
24,49000,MORTGAGE,0,HOMEIMPROVEMENT,B,5000,12.18,1,0.1,N,3
24,45000,RENT,0,MEDICAL,C,11200,12.04,0,0.25,Y,3
24,75000,MORTGAGE,4,VENTURE,B,19000,11.99,0,0.25,N,3
24,30000,MORTGAGE,8,DEBTCONSOLIDATION,B,17000,11.99,1,0.57,N,3
24,96000,RENT,2,MEDICAL,B,16000,11.99,0,0.17,N,3
24,85000,RENT,1,VENTURE,B,16000,11.99,0,0.19,N,3
24,40000,RENT,5,DEBTCONSOLIDATION,B,10000,11.99,0,0.25,N,3
24,65000,MORTGAGE,5,EDUCATION,B,9600,11.99,0,0.15,N,3
24,65000,MORTGAGE,5,PERSONAL,B,9600,11.99,0,0.15,N,3
24,130000,MORTGAGE,8,DEBTCONSOLIDATION,B,7000,11.99,0,0.05,N,3
24,75000,MORTGAGE,0,EDUCATION,B,7000,11.99,0,0.09,N,3
24,44000,MORTGAGE,,MEDICAL,B,5000,11.99,1,0.11,N,3
24,96000,MORTGAGE,1,HOMEIMPROVEMENT,B,4800,11.99,0,0.05,N,3
24,50496,MORTGAGE,3,PERSONAL,B,3000,11.99,0,0.06,N,3
24,18287,OWN,3,HOMEIMPROVEMENT,B,3000,11.99,1,0.16,N,3
24,33048,RENT,6,EDUCATION,C,10600,11.97,1,0.32,Y,3
24,54996,RENT,2,PERSONAL,B,23600,11.89,1,0.43,N,3
24,94000,RENT,8,HOMEIMPROVEMENT,B,16000,11.89,0,0.17,N,3
24,38000,RENT,0,VENTURE,B,12000,11.89,1,0.32,N,3
24,38000,RENT,0,PERSONAL,B,12000,11.89,1,0.32,N,3
24,65000,RENT,2,HOMEIMPROVEMENT,B,11400,11.89,0,0.18,N,3
24,54480,RENT,8,HOMEIMPROVEMENT,B,10000,11.89,0,0.18,N,3
24,45000,MORTGAGE,2,EDUCATION,B,9200,11.89,0,0.2,N,3
24,70000,MORTGAGE,2,PERSONAL,B,8950,11.89,0,0.13,N,3
24,74337,RENT,8,PERSONAL,B,16000,11.86,0,0.22,N,3
24,75000,MORTGAGE,6,HOMEIMPROVEMENT,B,12000,11.86,0,0.16,N,3
24,69996,RENT,9,DEBTCONSOLIDATION,B,11000,11.86,0,0.16,N,3
24,35000,MORTGAGE,2,EDUCATION,B,8000,11.86,0,0.23,N,3
24,98000,MORTGAGE,8,MEDICAL,B,25000,11.83,0,0.26,N,3
24,130000,MORTGAGE,3,PERSONAL,B,25000,11.83,0,0.19,N,3
24,130000,MORTGAGE,3,DEBTCONSOLIDATION,B,25000,11.83,0,0.19,N,3
24,102000,OWN,8,MEDICAL,B,24250,11.83,0,0.24,N,3
24,84000,OWN,5,PERSONAL,B,20000,11.83,0,0.24,N,3
24,60000,OWN,9,HOMEIMPROVEMENT,B,15000,11.83,0,0.25,N,3
24,60000,RENT,8,DEBTCONSOLIDATION,B,15000,11.83,0,0.25,N,3
24,55000,RENT,4,PERSONAL,B,14900,11.83,0,0.27,N,3
24,84000,RENT,3,MEDICAL,B,13000,11.83,0,0.15,N,3
24,47211,OWN,8,VENTURE,B,10000,11.83,0,0.21,N,3
24,47211,OWN,8,HOMEIMPROVEMENT,B,10000,11.83,0,0.21,N,3
24,40000,MORTGAGE,2,VENTURE,B,10000,11.83,0,0.25,N,3
24,70000,MORTGAGE,1,EDUCATION,B,9000,11.83,0,0.13,N,3
24,70000,MORTGAGE,1,HOMEIMPROVEMENT,B,9000,11.83,0,0.13,N,3
24,43590,MORTGAGE,8,MEDICAL,B,8000,11.83,1,0.18,N,3
24,65000,RENT,0,VENTURE,B,7000,11.83,0,0.11,N,3
24,36000,MORTGAGE,3,PERSONAL,B,4750,11.83,0,0.13,N,3
24,78000,RENT,1,DEBTCONSOLIDATION,B,3500,11.83,1,0.04,N,3
24,93000,MORTGAGE,3,VENTURE,C,18000,11.78,0,0.19,Y,3
24,52000,RENT,1,EDUCATION,C,8000,11.78,0,0.15,N,3
24,79200,MORTGAGE,8,VENTURE,C,6500,11.78,1,0.08,Y,3
24,112000,MORTGAGE,8,PERSONAL,B,20400,11.71,0,0.18,N,3
24,52000,MORTGAGE,2,EDUCATION,B,18000,11.71,0,0.35,N,3
24,133000,RENT,5,HOMEIMPROVEMENT,B,17400,11.71,0,0.13,N,3
24,42494,RENT,7,VENTURE,B,16000,11.71,1,0.38,N,3
24,35000,RENT,2,MEDICAL,B,16000,11.71,1,0.46,N,3
24,49150,RENT,,EDUCATION,B,14000,11.71,0,0.28,N,3
24,98000,MORTGAGE,5,HOMEIMPROVEMENT,B,10000,11.71,0,0.1,N,3
24,25000,RENT,0,VENTURE,B,8500,11.71,1,0.34,N,3
24,70000,RENT,8,DEBTCONSOLIDATION,B,8000,11.71,0,0.11,N,3
24,33000,RENT,1,MEDICAL,B,7350,11.71,0,0.22,N,3
24,50000,RENT,8,DEBTCONSOLIDATION,B,7000,11.71,0,0.14,N,3
24,170000,MORTGAGE,8,EDUCATION,B,5000,11.71,0,0.03,N,3
24,35000,RENT,4,MEDICAL,B,5000,11.71,0,0.14,N,3
24,34500,OWN,8,EDUCATION,B,2000,11.71,0,0.06,N,3
24,54417,MORTGAGE,1,MEDICAL,C,9525,11.66,1,0.18,Y,3
24,88000,MORTGAGE,0,HOMEIMPROVEMENT,C,6400,11.66,1,0.07,Y,3
24,75000,MORTGAGE,7,PERSONAL,B,15000,11.58,0,0.2,N,3
24,122000,RENT,4,EDUCATION,B,15000,11.58,0,0.12,N,3
24,70000,RENT,1,VENTURE,B,12000,11.58,0,0.17,N,3
24,60000,RENT,1,VENTURE,B,9000,11.58,0,0.15,N,3
24,37000,OTHER,2,EDUCATION,B,5000,11.58,0,0.14,N,3
24,130000,RENT,7,DEBTCONSOLIDATION,B,24000,11.49,0,0.18,N,3
24,130000,RENT,7,MEDICAL,B,24000,11.49,0,0.18,N,3
24,63000,MORTGAGE,5,VENTURE,B,20000,11.49,0,0.32,N,3
24,183000,MORTGAGE,2,MEDICAL,B,20000,11.49,0,0.11,N,3
24,49500,RENT,3,EDUCATION,B,14500,11.49,1,0.29,N,3
24,60000,RENT,4,PERSONAL,B,12500,11.49,0,0.21,N,3
24,26400,RENT,3,HOMEIMPROVEMENT,B,9000,11.49,1,0.34,N,3
24,46704,RENT,2,PERSONAL,B,9000,11.49,0,0.19,N,3
24,66000,RENT,2,VENTURE,B,7000,11.49,0,0.11,N,3
24,72996,RENT,2,PERSONAL,B,5500,11.49,0,0.08,N,3
24,34900,RENT,3,DEBTCONSOLIDATION,B,5000,11.49,0,0.14,N,3
24,34900,RENT,3,VENTURE,B,5000,11.49,0,0.14,N,3
24,47100,MORTGAGE,,PERSONAL,B,4000,11.49,0,0.08,N,3
24,42000,MORTGAGE,4,VENTURE,B,1200,11.49,0,0.03,N,3
24,16800,RENT,,VENTURE,B,1000,11.49,0,0.06,N,3
24,180000,OWN,8,EDUCATION,B,21000,11.48,0,0.12,N,3
24,175000,RENT,1,PERSONAL,B,19000,11.48,0,0.11,N,3
24,48000,RENT,4,DEBTCONSOLIDATION,B,15200,11.48,1,0.32,N,3
24,115000,MORTGAGE,8,EDUCATION,B,15000,11.48,0,0.13,N,3
24,30000,RENT,0,PERSONAL,B,12000,11.48,1,0.4,N,3
24,46256,RENT,7,EDUCATION,B,10000,11.48,0,0.22,N,3
24,375000,MORTGAGE,9,DEBTCONSOLIDATION,C,20000,11.41,0,0.05,N,3
24,145000,MORTGAGE,4,DEBTCONSOLIDATION,B,20000,11.36,0,0.14,N,3
24,71000,RENT,8,VENTURE,B,11200,11.36,0,0.16,N,3
24,52000,MORTGAGE,7,VENTURE,B,7800,11.36,0,0.15,N,3
24,48000,MORTGAGE,2,EDUCATION,B,5500,11.36,0,0.11,N,3
24,48000,MORTGAGE,2,VENTURE,B,5500,11.36,0,0.11,N,3
24,22800,OWN,3,HOMEIMPROVEMENT,B,4750,11.36,0,0.21,N,3
24,22000,RENT,0,PERSONAL,B,4000,11.36,1,0.18,N,3
24,50000,RENT,4,DEBTCONSOLIDATION,B,3600,11.36,0,0.07,N,3
24,38000,RENT,0,EDUCATION,C,12000,11.34,1,0.32,N,3
24,38000,RENT,8,PERSONAL,C,6500,11.34,0,0.17,Y,3
24,90000,MORTGAGE,8,HOMEIMPROVEMENT,C,5000,11.34,0,0.06,Y,3
24,30000,RENT,1,EDUCATION,C,4000,11.34,0,0.13,N,3
24,54996,OWN,0,VENTURE,B,12000,11.26,0,0.22,N,3
24,73000,RENT,3,PERSONAL,B,10000,11.26,0,0.14,N,3
24,66000,RENT,8,PERSONAL,B,9600,11.26,0,0.15,N,3
24,55000,RENT,0,DEBTCONSOLIDATION,B,4000,11.26,0,0.07,N,3
24,65200,MORTGAGE,5,MEDICAL,B,3000,11.26,0,0.05,N,3
24,85000,MORTGAGE,5,HOMEIMPROVEMENT,B,12000,11.14,0,0.14,N,3
24,90000,RENT,2,EDUCATION,B,11000,11.14,0,0.12,N,3
24,140300,MORTGAGE,6,DEBTCONSOLIDATION,B,6000,11.14,0,0.04,N,3
24,140300,MORTGAGE,6,MEDICAL,B,6000,11.14,0,0.04,N,3
24,48000,RENT,7,MEDICAL,B,5600,11.14,0,0.12,N,3
24,38400,RENT,3,DEBTCONSOLIDATION,B,5000,11.14,0,0.13,N,3
24,64000,RENT,4,HOMEIMPROVEMENT,B,2500,11.14,1,0.04,N,3
24,97700,MORTGAGE,5,VENTURE,B,25000,11.12,0,0.26,N,3
24,83000,RENT,5,EDUCATION,B,25000,11.12,0,0.3,N,3
24,74700,MORTGAGE,4,VENTURE,B,19750,11.12,0,0.26,N,3
24,86000,MORTGAGE,8,HOMEIMPROVEMENT,B,16000,11.12,0,0.19,N,3
24,100000,RENT,5,HOMEIMPROVEMENT,B,16000,11.12,0,0.16,N,3
24,51000,RENT,6,MEDICAL,B,15000,11.12,0,0.29,N,3
24,40000,RENT,2,DEBTCONSOLIDATION,B,3600,11.12,0,0.09,N,3
24,168288,RENT,5,HOMEIMPROVEMENT,B,1800,11.12,0,0.01,N,3
24,60000,RENT,2,PERSONAL,B,25000,11.11,1,0.42,N,3
24,42000,MORTGAGE,8,DEBTCONSOLIDATION,B,22250,11.11,0,0.53,N,3
24,60000,MORTGAGE,7,VENTURE,B,15850,11.11,0,0.26,N,3
24,53000,RENT,6,VENTURE,B,12000,11.11,0,0.23,N,3
24,98000,MORTGAGE,8,PERSONAL,B,6500,11.11,0,0.07,N,3
24,75000,MORTGAGE,3,HOMEIMPROVEMENT,B,3000,11.11,0,0.04,N,3
24,35713,RENT,1,MEDICAL,C,6150,11.03,0,0.17,Y,3
24,37500,RENT,2,DEBTCONSOLIDATION,C,1600,11.03,0,0.04,Y,3
24,67000,RENT,2,VENTURE,B,25000,10.99,1,0.37,N,3
24,60000,RENT,0,PERSONAL,B,25000,10.99,1,0.42,N,3
24,150000,MORTGAGE,8,VENTURE,B,24000,10.99,0,0.16,N,3
24,33000,RENT,1,DEBTCONSOLIDATION,B,20000,10.99,1,0.61,N,3
24,86000,MORTGAGE,0,PERSONAL,B,20000,10.99,1,0.23,N,3
24,125000,RENT,9,HOMEIMPROVEMENT,B,19200,10.99,0,0.15,N,3
24,76000,RENT,6,HOMEIMPROVEMENT,B,16000,10.99,0,0.21,N,3
24,38000,MORTGAGE,3,HOMEIMPROVEMENT,B,16000,10.99,0,0.42,N,3
24,71000,OWN,4,PERSONAL,B,14000,10.99,0,0.2,N,3
24,46000,RENT,8,PERSONAL,B,13000,10.99,0,0.28,N,3
24,115800,MORTGAGE,5,PERSONAL,B,12000,10.99,0,0.1,N,3
24,45000,RENT,1,VENTURE,B,12000,10.99,0,0.27,N,3
24,45000,RENT,1,DEBTCONSOLIDATION,B,12000,10.99,0,0.27,N,3
24,92000,MORTGAGE,8,VENTURE,B,11000,10.99,0,0.12,N,3
24,125000,MORTGAGE,8,PERSONAL,B,10000,10.99,0,0.08,N,3
24,54000,OWN,8,PERSONAL,B,10000,10.99,0,0.19,N,3
24,37000,MORTGAGE,8,MEDICAL,B,10000,10.99,0,0.27,N,3
24,78000,MORTGAGE,8,HOMEIMPROVEMENT,B,9800,10.99,0,0.13,N,3
24,54000,MORTGAGE,8,HOMEIMPROVEMENT,B,8500,10.99,0,0.16,N,3
24,40500,MORTGAGE,8,DEBTCONSOLIDATION,B,8500,10.99,1,0.21,N,3
24,50000,MORTGAGE,8,PERSONAL,B,8000,10.99,0,0.16,N,3
24,54000,MORTGAGE,3,PERSONAL,B,8000,10.99,0,0.15,N,3
24,65000,MORTGAGE,0,MEDICAL,B,8000,10.99,0,0.12,N,3
24,90000,MORTGAGE,8,VENTURE,B,7000,10.99,0,0.08,N,3
24,145000,MORTGAGE,0,HOMEIMPROVEMENT,B,7000,10.99,0,0.05,N,3
24,77500,RENT,0,DEBTCONSOLIDATION,B,6800,10.99,0,0.09,N,3
24,30000,RENT,0,VENTURE,B,6500,10.99,0,0.22,N,3
24,120000,RENT,0,PERSONAL,B,6000,10.99,0,0.05,N,3
24,24000,RENT,0,MEDICAL,B,5375,10.99,0,0.22,N,3
24,137481,RENT,8,VENTURE,B,5000,10.99,0,0.04,N,3
24,52000,MORTGAGE,8,PERSONAL,B,5000,10.99,0,0.1,N,3
24,123000,MORTGAGE,6,PERSONAL,B,4750,10.99,0,0.04,N,3
24,43000,MORTGAGE,2,DEBTCONSOLIDATION,B,3000,10.99,1,0.07,N,3
24,29000,RENT,4,PERSONAL,B,2500,10.99,0,0.09,N,3
24,70000,MORTGAGE,8,MEDICAL,B,1600,10.99,0,0.02,N,3
24,40000,RENT,1,MEDICAL,B,1000,10.99,0,0.03,N,3
24,51000,MORTGAGE,5,EDUCATION,B,8000,10.96,0,0.16,N,3
24,105000,RENT,8,DEBTCONSOLIDATION,B,15000,10.95,0,0.14,N,3
24,54996,MORTGAGE,8,MEDICAL,B,19000,10.83,0,0.35,N,3
24,28000,OTHER,0,EDUCATION,B,9000,10.83,1,0.32,N,3
24,100000,MORTGAGE,5,PERSONAL,B,14000,10.75,0,0.14,N,3
24,51160,RENT,5,DEBTCONSOLIDATION,B,10000,10.75,0,0.2,N,3
24,63996,MORTGAGE,5,VENTURE,B,6000,10.75,0,0.09,N,3
24,34000,RENT,1,VENTURE,B,5750,10.75,0,0.17,N,3
24,24468,OWN,,HOMEIMPROVEMENT,B,5000,10.75,0,0.2,N,3
24,109500,MORTGAGE,3,EDUCATION,B,3500,10.75,0,0.03,N,3
24,90000,MORTGAGE,4,VENTURE,B,1700,10.75,0,0.02,N,3
24,72444,MORTGAGE,7,EDUCATION,B,25000,10.74,0,0.35,N,3
24,105000,MORTGAGE,6,EDUCATION,B,25000,10.74,0,0.24,N,3
24,130000,MORTGAGE,4,HOMEIMPROVEMENT,B,25000,10.74,0,0.19,N,3
24,120000,MORTGAGE,8,HOMEIMPROVEMENT,B,14000,10.74,0,0.12,N,3
24,51996,MORTGAGE,0,PERSONAL,B,12000,10.74,0,0.23,N,3
24,74000,RENT,3,EDUCATION,B,11500,10.74,0,0.16,N,3
24,103000,MORTGAGE,8,PERSONAL,B,8000,10.74,0,0.08,N,3
24,75000,RENT,2,HOMEIMPROVEMENT,B,7000,10.74,0,0.09,N,3
24,40000,RENT,1,PERSONAL,B,3000,10.74,0,0.07,N,3
24,24000,RENT,1,MEDICAL,B,2500,10.74,0,0.1,N,3
24,90000,MORTGAGE,7,EDUCATION,B,35000,10.65,0,0.39,N,3
24,53004,MORTGAGE,6,DEBTCONSOLIDATION,B,21000,10.65,0,0.4,N,3
24,109000,RENT,3,EDUCATION,B,15000,10.65,0,0.14,N,3
24,70000,RENT,8,PERSONAL,B,12000,10.65,0,0.17,N,3
24,63000,RENT,8,VENTURE,B,12000,10.65,0,0.19,N,3
24,86000,RENT,1,HOMEIMPROVEMENT,B,12000,10.65,0,0.14,N,3
24,35000,MORTGAGE,6,VENTURE,B,8575,10.65,0,0.24,N,3
24,55680,MORTGAGE,4,DEBTCONSOLIDATION,B,7875,10.65,0,0.14,N,3
24,55680,MORTGAGE,4,PERSONAL,B,7875,10.65,0,0.14,N,3
24,43000,MORTGAGE,6,MEDICAL,B,6000,10.65,0,0.14,N,3
24,49000,RENT,4,MEDICAL,B,5000,10.65,0,0.1,N,3
24,44475,OWN,1,VENTURE,B,5000,10.65,0,0.11,N,3
24,51600,RENT,8,HOMEIMPROVEMENT,B,3000,10.65,0,0.06,N,3
24,51600,RENT,8,MEDICAL,B,3000,10.65,0,0.06,N,3
24,29000,MORTGAGE,1,HOMEIMPROVEMENT,B,20000,10.62,0,0.69,N,3
24,73000,RENT,8,HOMEIMPROVEMENT,B,19000,10.62,0,0.26,N,3
24,34132,RENT,0,EDUCATION,B,12000,10.62,1,0.35,N,3
24,41600,RENT,2,MEDICAL,B,11200,10.62,0,0.27,N,3
24,69000,MORTGAGE,3,PERSONAL,B,11000,10.62,0,0.16,N,3
24,22680,RENT,9,DEBTCONSOLIDATION,B,7000,10.62,1,0.31,N,3
24,24000,RENT,8,DEBTCONSOLIDATION,B,4750,10.62,0,0.2,N,3
24,61080,MORTGAGE,8,VENTURE,B,25000,10.59,0,0.41,N,3
24,82800,RENT,4,DEBTCONSOLIDATION,B,10000,10.59,0,0.12,N,3
24,20856,OWN,,PERSONAL,B,10000,10.59,0,0.48,N,3
24,60000,MORTGAGE,0,VENTURE,B,8500,10.59,0,0.14,N,3
24,54000,RENT,8,HOMEIMPROVEMENT,B,6800,10.59,0,0.13,N,3
24,80490,RENT,8,HOMEIMPROVEMENT,B,6000,10.59,0,0.07,N,3
24,33360,MORTGAGE,6,DEBTCONSOLIDATION,B,6000,10.59,0,0.18,N,3
24,35004,RENT,2,VENTURE,B,6000,10.59,0,0.17,N,3
24,19200,RENT,0,EDUCATION,B,6000,10.59,1,0.31,N,3
24,35000,RENT,4,EDUCATION,B,2000,10.59,0,0.06,N,3
24,32000,RENT,2,EDUCATION,B,2000,10.59,1,0.06,N,3
24,42000,OWN,1,VENTURE,B,7500,10.51,0,0.18,N,3
24,118068,RENT,0,DEBTCONSOLIDATION,B,4000,10.51,1,0.03,N,3
24,150000,MORTGAGE,2,PERSONAL,B,24250,10.38,0,0.16,N,3
24,51000,RENT,8,VENTURE,B,20000,10.38,1,0.39,N,3
24,45792,RENT,3,PERSONAL,B,17000,10.38,1,0.37,N,3
24,62500,MORTGAGE,8,DEBTCONSOLIDATION,B,16000,10.38,0,0.26,N,3
24,90474,MORTGAGE,8,EDUCATION,B,15000,10.38,0,0.17,N,3
24,38400,RENT,9,DEBTCONSOLIDATION,B,10000,10.38,0,0.26,N,3
24,23500,MORTGAGE,2,DEBTCONSOLIDATION,B,7000,10.38,0,0.3,N,3
24,48200,RENT,3,VENTURE,B,5000,10.38,0,0.1,N,3
24,96000,MORTGAGE,8,MEDICAL,B,2000,10.38,0,0.02,N,3
24,75000,RENT,9,MEDICAL,B,24000,10.37,1,0.32,N,3
24,64000,MORTGAGE,3,MEDICAL,B,13225,10.37,0,0.21,N,3
24,67000,MORTGAGE,2,HOMEIMPROVEMENT,B,12150,10.37,0,0.18,N,3
24,67000,MORTGAGE,2,HOMEIMPROVEMENT,B,12150,10.37,0,0.18,N,3
24,103000,MORTGAGE,8,HOMEIMPROVEMENT,B,6400,10.37,0,0.06,N,3
24,26400,RENT,2,MEDICAL,B,6400,10.37,0,0.24,N,3
24,54000,RENT,7,PERSONAL,B,5200,10.37,1,0.1,N,3
24,52000,RENT,3,DEBTCONSOLIDATION,B,4000,10.37,0,0.08,N,3
24,36500,MORTGAGE,3,VENTURE,B,2500,10.37,0,0.07,N,3
24,36500,MORTGAGE,3,EDUCATION,B,2500,10.37,0,0.07,N,3
24,102400,RENT,8,PERSONAL,B,25000,10.36,0,0.24,N,3
24,85000,MORTGAGE,8,MEDICAL,B,25000,10.36,0,0.29,N,3
24,80004,OWN,8,HOMEIMPROVEMENT,B,25000,10.36,0,0.31,N,3
24,60000,RENT,1,DEBTCONSOLIDATION,B,12000,10.36,0,0.2,N,3
24,39600,RENT,7,HOMEIMPROVEMENT,B,10000,10.36,1,0.25,N,3
24,87000,MORTGAGE,5,MEDICAL,B,10000,10.36,0,0.11,N,3
24,102000,MORTGAGE,8,VENTURE,B,20000,10.25,0,0.2,N,3
24,61781,MORTGAGE,6,EDUCATION,B,17800,10.25,0,0.29,N,3
24,72000,MORTGAGE,1,EDUCATION,B,16000,10.25,0,0.22,N,3
24,156000,MORTGAGE,8,EDUCATION,B,15000,10.25,0,0.1,N,3
24,144000,MORTGAGE,8,PERSONAL,B,14400,10.25,0,0.1,N,3
24,65000,RENT,4,MEDICAL,B,10000,10.25,0,0.15,N,3
24,89523,RENT,8,PERSONAL,B,3000,10.25,0,0.03,N,3
24,28000,RENT,4,MEDICAL,B,3000,10.25,0,0.11,N,3
24,62000,MORTGAGE,2,HOMEIMPROVEMENT,B,8000,10.08,0,0.13,N,3
24,50000,RENT,2,HOMEIMPROVEMENT,B,7500,10.01,0,0.15,N,3
24,120000,RENT,2,MEDICAL,B,14000,10,0,0.12,N,3
24,72000,RENT,5,HOMEIMPROVEMENT,B,8000,10,0,0.11,N,3
24,56004,MORTGAGE,5,DEBTCONSOLIDATION,B,6000,10,1,0.11,N,3
24,14880,RENT,2,EDUCATION,B,6000,10,1,0.4,N,3
24,38000,MORTGAGE,8,PERSONAL,B,5000,10,0,0.13,N,3
24,56950,MORTGAGE,4,MEDICAL,B,4500,10,1,0.07,N,3
24,40000,RENT,1,VENTURE,B,3825,10,0,0.1,N,3
24,36000,RENT,5,PERSONAL,B,1500,10,0,0.04,N,3
24,300000,MORTGAGE,8,DEBTCONSOLIDATION,B,35000,9.99,0,0.12,N,3
24,65000,RENT,6,HOMEIMPROVEMENT,B,32500,9.99,1,0.5,N,3
24,70000,RENT,5,HOMEIMPROVEMENT,B,21500,9.99,1,0.31,N,3
24,200000,MORTGAGE,0,VENTURE,B,18000,9.99,0,0.09,N,3
24,50000,MORTGAGE,8,EDUCATION,B,15000,9.99,0,0.3,N,3
24,104000,MORTGAGE,9,PERSONAL,B,14000,9.99,0,0.13,N,3
24,88000,RENT,0,HOMEIMPROVEMENT,B,14000,9.99,0,0.16,N,3
24,76000,MORTGAGE,8,DEBTCONSOLIDATION,B,13500,9.99,0,0.18,N,3
24,61000,RENT,8,PERSONAL,B,11200,9.99,0,0.18,N,3
24,44000,MORTGAGE,7,PERSONAL,B,10000,9.99,0,0.23,N,3
24,100000,MORTGAGE,4,MEDICAL,B,8000,9.99,0,0.08,N,3
24,65000,RENT,1,MEDICAL,B,6400,9.99,0,0.1,N,3
24,37200,RENT,2,PERSONAL,B,6000,9.99,0,0.16,N,3
24,28440,MORTGAGE,,MEDICAL,B,6000,9.99,0,0.21,N,3
24,69000,RENT,1,VENTURE,B,5600,9.99,0,0.08,N,3
24,90000,RENT,5,VENTURE,B,5000,9.99,0,0.06,N,3
24,51630,RENT,0,MEDICAL,B,4900,9.99,0,0.09,N,3
24,40000,MORTGAGE,2,VENTURE,B,2500,9.99,0,0.06,N,3
24,29000,RENT,1,MEDICAL,B,4000,9.96,1,0.14,N,3
24,29000,RENT,1,MEDICAL,B,4000,9.96,1,0.14,N,3
24,125000,OWN,3,HOMEIMPROVEMENT,B,28000,9.91,0,0.22,N,3
24,50000,MORTGAGE,0,EDUCATION,B,18650,9.91,0,0.37,N,3
24,55000,MORTGAGE,8,MEDICAL,B,15000,9.91,0,0.27,N,3
24,105000,MORTGAGE,8,EDUCATION,B,13000,9.91,0,0.12,N,3
24,47500,MORTGAGE,7,DEBTCONSOLIDATION,B,12000,9.91,0,0.25,N,3
24,65000,MORTGAGE,3,PERSONAL,B,12000,9.91,0,0.18,N,3
24,36000,RENT,2,PERSONAL,B,12000,9.91,1,0.33,N,3
24,75000,RENT,8,PERSONAL,B,10000,9.91,0,0.13,N,3
24,40000,MORTGAGE,6,VENTURE,B,10000,9.91,0,0.25,N,3
24,21600,RENT,,MEDICAL,B,10000,9.91,1,0.46,N,3
24,21600,RENT,,EDUCATION,B,10000,9.91,1,0.46,N,3
24,96000,RENT,6,VENTURE,B,7000,9.91,0,0.07,N,3
24,72000,RENT,8,EDUCATION,B,5500,9.91,0,0.08,N,3
24,36000,MORTGAGE,2,VENTURE,B,5200,9.91,0,0.14,N,3
24,12960,MORTGAGE,1,HOMEIMPROVEMENT,B,3650,9.91,1,0.28,N,3
24,32304,RENT,8,MEDICAL,B,1500,9.91,1,0.05,N,3
24,25632,MORTGAGE,4,EDUCATION,B,1500,9.91,0,0.06,N,3
24,85000,MORTGAGE,4,DEBTCONSOLIDATION,B,15000,9.88,0,0.18,N,3
24,91700,RENT,1,EDUCATION,B,6500,9.88,0,0.07,N,3
24,48000,RENT,0,PERSONAL,B,4800,9.88,0,0.1,N,3
24,36000,MORTGAGE,3,EDUCATION,B,8000,9.83,0,0.22,N,3
24,114000,MORTGAGE,2,DEBTCONSOLIDATION,B,15000,9.76,0,0.13,N,3
24,100000,RENT,0,HOMEIMPROVEMENT,B,3000,9.76,0,0.03,N,3
24,35004,OTHER,6,MEDICAL,A,18225,9.63,1,0.52,N,3
24,82000,OTHER,2,PERSONAL,A,14700,9.63,0,0.18,N,3
24,43000,RENT,4,MEDICAL,B,10000,9.63,0,0.23,N,3
24,65000,RENT,5,PERSONAL,B,8000,9.63,0,0.12,N,3
24,40000,RENT,4,MEDICAL,B,8000,9.63,0,0.2,N,3
24,50000,MORTGAGE,4,HOMEIMPROVEMENT,A,6000,9.63,0,0.12,N,3
24,50740,RENT,0,MEDICAL,A,6000,9.63,0,0.12,N,3
24,28704,RENT,3,DEBTCONSOLIDATION,B,4000,9.63,0,0.14,N,3
24,41745,RENT,2,PERSONAL,A,3200,9.63,0,0.08,N,3
24,48000,RENT,2,DEBTCONSOLIDATION,B,14550,9.62,0,0.3,N,3
24,99750,MORTGAGE,8,HOMEIMPROVEMENT,B,12000,9.62,0,0.12,N,3
24,65000,MORTGAGE,5,MEDICAL,B,2000,9.62,0,0.03,N,3
24,29000,RENT,0,VENTURE,B,4000,9.45,0,0.14,N,3
24,24996,RENT,0,PERSONAL,B,4000,9.45,0,0.16,N,3
24,75000,RENT,8,EDUCATION,B,17000,9.33,0,0.23,N,3
24,50000,MORTGAGE,2,EDUCATION,A,12500,9.32,0,0.25,N,3
24,60000,RENT,0,EDUCATION,A,7000,9.32,0,0.12,N,3
24,83290,MORTGAGE,5,DEBTCONSOLIDATION,A,6000,9.32,1,0.07,N,3
24,18500,MORTGAGE,8,PERSONAL,A,5000,9.32,1,0.27,N,3
24,56496,RENT,5,EDUCATION,A,2000,9.32,0,0.04,N,3
24,160000,MORTGAGE,6,VENTURE,B,17000,9.25,0,0.11,N,3
24,42000,RENT,0,VENTURE,B,8000,9.25,0,0.19,N,3
24,50000,RENT,8,MEDICAL,B,5000,9.25,0,0.1,N,3
24,165000,RENT,2,PERSONAL,B,10000,9.2,0,0.06,N,3
24,37000,RENT,3,VENTURE,B,5500,9.2,0,0.15,N,3
24,105000,MORTGAGE,0,VENTURE,A,18000,8.94,0,0.17,N,3
24,77000,MORTGAGE,8,MEDICAL,A,14000,8.94,0,0.18,N,3
24,56000,MORTGAGE,5,VENTURE,A,13000,8.94,0,0.23,N,3
24,110000,MORTGAGE,7,PERSONAL,A,12000,8.94,0,0.11,N,3
24,56000,RENT,4,HOMEIMPROVEMENT,A,12000,8.94,0,0.21,N,3
24,43000,RENT,9,EDUCATION,A,11000,8.94,0,0.26,N,3
24,55000,RENT,6,DEBTCONSOLIDATION,A,10000,8.94,0,0.18,N,3
24,75000,OWN,4,MEDICAL,A,9600,8.94,0,0.13,N,3
24,27000,OWN,9,MEDICAL,A,9475,8.94,0,0.35,N,3
24,40000,OWN,1,HOMEIMPROVEMENT,A,9000,8.94,0,0.23,N,3
24,47000,MORTGAGE,0,MEDICAL,A,9000,8.94,0,0.19,N,3
24,51000,MORTGAGE,4,HOMEIMPROVEMENT,A,8500,8.94,0,0.17,N,3
24,31776,RENT,6,VENTURE,A,4700,8.94,0,0.15,N,3
24,42000,MORTGAGE,2,DEBTCONSOLIDATION,A,3500,8.94,1,0.08,N,3
24,48000,MORTGAGE,8,EDUCATION,A,3100,8.94,0,0.06,N,3
24,20000,OWN,2,PERSONAL,A,3000,8.94,0,0.15,N,3
24,121000,RENT,8,VENTURE,A,20000,8.9,0,0.17,N,3
24,42856,RENT,8,DEBTCONSOLIDATION,A,16000,8.9,1,0.37,N,3
24,65000,RENT,5,MEDICAL,A,12000,8.9,0,0.18,N,3
24,60000,RENT,4,EDUCATION,A,12000,8.9,0,0.2,N,3
24,76000,MORTGAGE,8,DEBTCONSOLIDATION,A,6000,8.9,0,0.08,N,3
24,47000,RENT,7,VENTURE,A,6000,8.9,0,0.13,N,3
24,41000,RENT,3,EDUCATION,A,6000,8.9,0,0.15,N,3
24,195000,MORTGAGE,4,MEDICAL,A,5000,8.9,0,0.03,N,3
24,115000,RENT,1,HOMEIMPROVEMENT,A,5000,8.9,0,0.04,N,3
24,59000,RENT,5,MEDICAL,A,3500,8.9,0,0.06,N,3
24,42000,MORTGAGE,6,MEDICAL,A,3125,8.9,0,0.07,N,3
24,55160,RENT,0,EDUCATION,A,3000,8.9,1,0.05,N,3
24,33600,MORTGAGE,3,PERSONAL,A,2500,8.9,0,0.07,N,3
24,28800,MORTGAGE,8,HOMEIMPROVEMENT,A,1400,8.9,1,0.05,N,3
24,75000,RENT,4,HOMEIMPROVEMENT,B,20000,8.88,0,0.27,N,3
24,87000,RENT,0,VENTURE,B,12000,8.88,0,0.14,N,3
24,60000,MORTGAGE,2,MEDICAL,B,9700,8.88,0,0.16,N,3
24,87504,OWN,9,VENTURE,B,7000,8.88,0,0.08,N,3
24,70000,RENT,0,VENTURE,B,2000,8.7,0,0.03,N,3
24,87000,MORTGAGE,0,HOMEIMPROVEMENT,A,12000,8.59,0,0.14,N,3
24,64000,MORTGAGE,0,EDUCATION,A,12000,8.59,0,0.19,N,3
24,98518,MORTGAGE,8,VENTURE,A,10000,8.59,0,0.1,N,3
24,65000,MORTGAGE,1,MEDICAL,A,10000,8.59,0,0.15,N,3
24,56000,RENT,7,VENTURE,A,7000,8.59,0,0.13,N,3
24,60140,RENT,2,VENTURE,A,7000,8.59,0,0.12,N,3
24,42000,MORTGAGE,2,HOMEIMPROVEMENT,A,7000,8.59,0,0.17,N,3
24,61193,MORTGAGE,5,EDUCATION,A,6400,8.59,0,0.1,N,3
24,110000,MORTGAGE,8,EDUCATION,A,6000,8.59,0,0.05,N,3
24,55000,MORTGAGE,8,VENTURE,A,5500,8.59,0,0.1,N,3
24,40000,MORTGAGE,3,VENTURE,A,5000,8.59,0,0.13,N,3
24,24000,RENT,2,VENTURE,A,4000,8.59,0,0.17,N,3
24,70399,RENT,0,MEDICAL,A,1000,8.59,0,0.01,N,3
24,132652,MORTGAGE,8,MEDICAL,A,28000,8.49,0,0.21,N,3
24,132132,MORTGAGE,8,MEDICAL,A,28000,8.49,0,0.21,N,3
24,90000,MORTGAGE,7,MEDICAL,A,15000,8.49,0,0.17,N,3
24,65000,MORTGAGE,0,EDUCATION,A,14000,8.49,0,0.22,N,3
24,40000,RENT,0,PERSONAL,A,10000,8.49,0,0.25,N,3
24,55000,MORTGAGE,1,DEBTCONSOLIDATION,A,8000,8.49,0,0.15,N,3
24,80000,MORTGAGE,8,MEDICAL,A,5550,8.49,0,0.07,N,3
24,30000,RENT,1,VENTURE,A,3600,8.49,0,0.12,N,3
24,98004,MORTGAGE,5,HOMEIMPROVEMENT,A,2500,8.49,1,0.03,N,3
24,39000,RENT,3,EDUCATION,A,1500,8.49,1,0.04,N,3
24,45000,OTHER,8,MEDICAL,A,7500,8.32,0,0.17,N,3
24,82000,MORTGAGE,1,EDUCATION,A,7500,8.32,0,0.09,N,3
24,35020,RENT,0,MEDICAL,A,5800,8.32,0,0.17,N,3
24,54000,RENT,6,DEBTCONSOLIDATION,A,5500,8.07,0,0.1,N,3
24,91000,MORTGAGE,8,VENTURE,A,7000,8,0,0.08,N,3
24,57000,MORTGAGE,3,VENTURE,A,5500,8,0,0.1,N,3
24,55000,RENT,4,VENTURE,A,5000,8,0,0.09,N,3
24,57996,RENT,1,HOMEIMPROVEMENT,A,5000,8,0,0.09,N,3
24,23000,RENT,0,EDUCATION,A,3000,8,0,0.13,N,3
24,54000,RENT,5,PERSONAL,A,2400,8,0,0.04,N,3
24,44000,RENT,0,PERSONAL,A,2000,8,1,0.05,N,3
24,90000,MORTGAGE,4,VENTURE,A,20000,7.9,0,0.22,N,3
24,60000,MORTGAGE,8,PERSONAL,A,18000,7.9,0,0.3,N,3
24,58000,MORTGAGE,8,DEBTCONSOLIDATION,A,15700,7.9,0,0.27,N,3
24,70000,RENT,0,HOMEIMPROVEMENT,A,13000,7.9,0,0.19,N,3
24,110000,RENT,5,PERSONAL,A,12000,7.9,0,0.11,N,3
24,60000,MORTGAGE,,VENTURE,A,12000,7.9,0,0.2,N,3
24,24000,RENT,1,PERSONAL,A,8500,7.9,1,0.35,N,3
24,45000,RENT,1,EDUCATION,A,8400,7.9,0,0.19,N,3
24,35000,MORTGAGE,2,HOMEIMPROVEMENT,A,7500,7.9,0,0.21,N,3
24,59400,RENT,8,DEBTCONSOLIDATION,A,6000,7.9,0,0.1,N,3
24,57000,RENT,0,VENTURE,A,6000,7.9,0,0.11,N,3
24,64000,MORTGAGE,5,DEBTCONSOLIDATION,A,5200,7.9,0,0.08,N,3
24,64600,RENT,2,PERSONAL,A,5000,7.9,0,0.08,N,3
24,60000,MORTGAGE,4,EDUCATION,A,4000,7.9,0,0.07,N,3
24,52800,MORTGAGE,8,DEBTCONSOLIDATION,A,3600,7.9,0,0.07,N,3
24,10000,RENT,8,PERSONAL,A,3000,7.9,1,0.3,N,3
24,10000,RENT,8,PERSONAL,A,3000,7.9,1,0.3,N,3
24,80000,MORTGAGE,6,EDUCATION,A,16000,7.88,0,0.2,N,3
24,90996,MORTGAGE,2,EDUCATION,A,16000,7.88,0,0.18,N,3
24,81996,MORTGAGE,4,EDUCATION,A,14000,7.88,0,0.17,N,3
24,18000,OWN,6,PERSONAL,A,13000,7.88,1,0.72,N,3
24,70000,RENT,3,HOMEIMPROVEMENT,A,12500,7.88,0,0.18,N,3
24,50000,RENT,0,DEBTCONSOLIDATION,A,12500,7.88,0,0.25,N,3
24,95000,RENT,3,PERSONAL,A,12000,7.88,0,0.13,N,3
24,51000,RENT,3,PERSONAL,A,12000,7.88,1,0.24,N,3
24,85000,MORTGAGE,1,DEBTCONSOLIDATION,A,12000,7.88,0,0.14,N,3
24,425000,MORTGAGE,8,EDUCATION,A,10000,7.88,0,0.02,N,3
24,38244,RENT,6,PERSONAL,A,10000,7.88,0,0.26,N,3
24,40000,RENT,5,PERSONAL,A,10000,7.88,0,0.25,N,3
24,40000,RENT,5,DEBTCONSOLIDATION,A,10000,7.88,0,0.25,N,3
24,42000,RENT,2,EDUCATION,A,10000,7.88,0,0.24,N,3
24,35004,MORTGAGE,3,PERSONAL,A,9600,7.88,0,0.27,N,3
24,68000,RENT,2,VENTURE,A,8400,7.88,0,0.12,N,3
24,72000,MORTGAGE,8,DEBTCONSOLIDATION,A,8000,7.88,0,0.11,N,3
24,54000,RENT,7,MEDICAL,A,8000,7.88,0,0.15,N,3
24,20796,RENT,2,VENTURE,A,7500,7.88,1,0.36,N,3
24,60000,RENT,0,VENTURE,A,7000,7.88,0,0.12,N,3
24,70000,MORTGAGE,8,VENTURE,A,6000,7.88,0,0.09,N,3
24,70000,MORTGAGE,6,VENTURE,A,6000,7.88,0,0.09,N,3
24,113217,MORTGAGE,2,EDUCATION,A,6000,7.88,0,0.05,N,3
24,45000,MORTGAGE,0,VENTURE,A,6000,7.88,0,0.13,N,3
24,35000,RENT,8,PERSONAL,A,5000,7.88,0,0.14,N,3
24,95000,MORTGAGE,2,EDUCATION,A,5000,7.88,0,0.05,N,3
24,45000,RENT,0,MEDICAL,A,5000,7.88,0,0.11,N,3
24,10668,RENT,0,HOMEIMPROVEMENT,A,5000,7.88,1,0.47,N,3
24,72000,RENT,4,DEBTCONSOLIDATION,A,4000,7.88,0,0.06,N,3
24,50000,RENT,1,VENTURE,A,4000,7.88,0,0.08,N,3
24,49000,MORTGAGE,7,MEDICAL,A,3500,7.88,0,0.07,N,3
24,57000,RENT,1,MEDICAL,A,3000,7.88,0,0.05,N,3
24,70000,MORTGAGE,8,VENTURE,A,10000,7.74,0,0.14,N,3
24,47500,MORTGAGE,8,HOMEIMPROVEMENT,A,7000,7.74,0,0.15,N,3
24,78300,RENT,0,HOMEIMPROVEMENT,A,5000,7.74,0,0.06,N,3
24,65000,RENT,3,EDUCATION,A,3500,7.74,0,0.05,N,3
24,38112,RENT,2,PERSONAL,A,6800,7.68,0,0.18,N,3
24,50000,OTHER,0,HOMEIMPROVEMENT,A,5000,7.68,0,0.1,N,3
24,28000,RENT,0,MEDICAL,A,5000,7.68,0,0.18,N,3
24,55800,MORTGAGE,0,VENTURE,A,3200,7.68,0,0.06,N,3
24,91000,MORTGAGE,0,HOMEIMPROVEMENT,A,1000,7.68,0,0.01,N,3
24,47000,MORTGAGE,5,MEDICAL,A,15000,7.66,0,0.32,N,3
24,125000,MORTGAGE,2,PERSONAL,A,15000,7.66,0,0.12,N,3
24,144000,MORTGAGE,4,HOMEIMPROVEMENT,A,14700,7.66,0,0.1,N,3
24,105000,RENT,2,HOMEIMPROVEMENT,A,13800,7.66,0,0.13,N,3
24,29435,RENT,8,VENTURE,A,12000,7.66,1,0.41,N,3
24,42000,OWN,7,VENTURE,A,12000,7.66,0,0.29,N,3
24,75000,MORTGAGE,,PERSONAL,A,7000,7.66,0,0.09,N,3
24,47000,MORTGAGE,4,HOMEIMPROVEMENT,A,6000,7.66,0,0.13,N,3
24,72000,RENT,3,EDUCATION,A,6000,7.66,0,0.08,N,3
24,46000,RENT,8,DEBTCONSOLIDATION,A,5700,7.66,0,0.12,N,3
24,30000,RENT,2,DEBTCONSOLIDATION,A,2000,7.66,0,0.07,N,3
24,110000,MORTGAGE,8,PERSONAL,A,27300,7.51,0,0.25,N,3
24,80000,MORTGAGE,0,EDUCATION,A,18000,7.51,0,0.23,N,3
24,55782,RENT,3,DEBTCONSOLIDATION,A,17000,7.51,0,0.3,N,3
24,92341,RENT,9,HOMEIMPROVEMENT,A,12000,7.51,0,0.13,N,3
24,52000,RENT,7,PERSONAL,A,12000,7.51,0,0.23,N,3
24,90000,MORTGAGE,3,VENTURE,A,12000,7.51,0,0.13,N,3
24,120000,MORTGAGE,2,PERSONAL,A,12000,7.51,0,0.1,N,3
24,24000,RENT,0,EDUCATION,A,11500,7.51,1,0.48,N,3
24,115000,OWN,8,HOMEIMPROVEMENT,A,10000,7.51,0,0.09,N,3
24,105000,MORTGAGE,8,HOMEIMPROVEMENT,A,10000,7.51,0,0.1,N,3
24,100000,RENT,5,PERSONAL,A,10000,7.51,0,0.1,N,3
24,50000,RENT,0,HOMEIMPROVEMENT,A,9600,7.51,0,0.19,N,3
24,105000,RENT,8,DEBTCONSOLIDATION,A,8000,7.51,0,0.08,N,3
24,77000,RENT,2,DEBTCONSOLIDATION,A,8000,7.51,0,0.1,N,3
24,56000,RENT,2,MEDICAL,A,8000,7.51,0,0.14,N,3
24,30996,OWN,,EDUCATION,A,8000,7.51,0,0.26,N,3
24,45000,RENT,3,PERSONAL,A,7800,7.51,0,0.17,N,3
24,44208,MORTGAGE,2,VENTURE,A,7000,7.51,0,0.16,N,3
24,76800,RENT,0,EDUCATION,A,6400,7.51,0,0.08,N,3
24,60000,RENT,9,MEDICAL,A,6000,7.51,0,0.1,N,3
24,45000,MORTGAGE,8,VENTURE,A,6000,7.51,0,0.13,N,3
24,30000,RENT,6,MEDICAL,A,6000,7.51,0,0.2,N,3
24,30000,RENT,6,DEBTCONSOLIDATION,A,6000,7.51,0,0.2,N,3
24,50000,MORTGAGE,2,PERSONAL,A,6000,7.51,0,0.12,N,3
24,65000,RENT,0,DEBTCONSOLIDATION,A,4000,7.51,0,0.06,N,3
24,105996,MORTGAGE,7,MEDICAL,A,3000,7.51,0,0.03,N,3
24,15120,RENT,4,MEDICAL,A,1600,7.51,0,0.11,N,3
24,150000,MORTGAGE,9,MEDICAL,A,24000,7.49,0,0.16,N,3
24,105804,MORTGAGE,8,PERSONAL,A,15000,7.49,0,0.14,N,3
24,80000,OWN,8,VENTURE,A,12000,7.49,0,0.15,N,3
24,80000,OWN,8,VENTURE,A,12000,7.49,0,0.15,N,3
24,91228,MORTGAGE,2,MEDICAL,A,12000,7.49,0,0.13,N,3
24,62000,MORTGAGE,8,DEBTCONSOLIDATION,A,10000,7.49,0,0.16,N,3
24,56000,MORTGAGE,8,EDUCATION,A,10000,7.49,0,0.18,N,3
24,48000,MORTGAGE,8,MEDICAL,A,10000,7.49,0,0.21,N,3
24,48000,MORTGAGE,8,MEDICAL,A,10000,7.49,0,0.21,N,3
24,73000,MORTGAGE,3,MEDICAL,A,10000,7.49,0,0.14,N,3
24,70446,RENT,1,PERSONAL,A,9550,7.49,0,0.14,N,3
24,49000,RENT,8,EDUCATION,A,7000,7.49,1,0.14,N,3
24,75360,OWN,4,VENTURE,A,7000,7.49,0,0.09,N,3
24,51996,MORTGAGE,3,PERSONAL,A,7000,7.49,0,0.13,N,3
24,39000,MORTGAGE,,DEBTCONSOLIDATION,A,7000,7.49,1,0.18,N,3
24,14400,OWN,5,PERSONAL,A,6000,7.49,1,0.42,N,3
24,60000,RENT,4,VENTURE,A,5850,7.49,0,0.1,N,3
24,135000,MORTGAGE,8,VENTURE,A,5225,7.49,0,0.04,N,3
24,67000,MORTGAGE,0,DEBTCONSOLIDATION,A,4000,7.49,0,0.06,N,3
24,32000,RENT,9,MEDICAL,A,3600,7.49,0,0.11,N,3
24,30000,RENT,2,PERSONAL,A,3000,7.49,0,0.1,N,3
24,30000,RENT,2,VENTURE,A,3000,7.49,0,0.1,N,3
24,55000,MORTGAGE,8,MEDICAL,A,1800,7.49,0,0.03,N,3
24,39996,RENT,2,EDUCATION,A,1000,7.49,0,0.03,N,3
24,85000,MORTGAGE,1,PERSONAL,A,4400,7.4,0,0.05,N,3
24,133000,OWN,4,VENTURE,A,4000,7.4,0,0.03,N,3
24,40000,MORTGAGE,2,DEBTCONSOLIDATION,A,3400,7.4,0,0.09,N,3
24,58000,MORTGAGE,6,DEBTCONSOLIDATION,A,2200,7.4,0,0.04,N,3
24,113000,MORTGAGE,8,VENTURE,A,2100,7.4,0,0.02,N,3
24,45000,RENT,5,EDUCATION,A,1000,7.4,0,0.02,N,3
24,48000,OWN,5,VENTURE,A,10400,7.37,0,0.22,N,3
24,86376,MORTGAGE,2,MEDICAL,A,20000,7.29,0,0.23,N,3
24,72000,RENT,3,HOMEIMPROVEMENT,A,13200,7.29,0,0.18,N,3
24,36000,RENT,7,DEBTCONSOLIDATION,A,13000,7.29,1,0.36,N,3
24,86400,MORTGAGE,2,DEBTCONSOLIDATION,A,12200,7.29,0,0.14,N,3
24,48000,MORTGAGE,7,MEDICAL,A,12000,7.29,0,0.25,N,3
24,80004,RENT,1,VENTURE,A,12000,7.29,0,0.15,N,3
24,55400,MORTGAGE,8,VENTURE,A,11000,7.29,0,0.2,N,3
24,70000,RENT,0,MEDICAL,A,10000,7.29,0,0.14,N,3
24,85392,RENT,9,EDUCATION,A,9600,7.29,0,0.11,N,3
24,85392,RENT,9,MEDICAL,A,9600,7.29,0,0.11,N,3
24,65000,OWN,8,PERSONAL,A,9000,7.29,0,0.14,N,3
24,27360,MORTGAGE,5,PERSONAL,A,8000,7.29,0,0.29,N,3
24,58800,RENT,5,HOMEIMPROVEMENT,A,5000,7.29,0,0.09,N,3
24,38400,RENT,4,DEBTCONSOLIDATION,A,4000,7.29,0,0.1,N,3
24,38400,RENT,4,VENTURE,A,4000,7.29,0,0.1,N,3
24,74400,RENT,1,MEDICAL,A,3500,7.29,0,0.05,N,3
24,10980,OWN,0,PERSONAL,A,1500,7.29,0,0.14,N,3
24,51000,OWN,8,HOMEIMPROVEMENT,A,9000,7.14,0,0.18,N,3
24,38000,MORTGAGE,4,HOMEIMPROVEMENT,A,8000,7.14,0,0.21,N,3
24,55000,MORTGAGE,,HOMEIMPROVEMENT,A,7000,7.14,1,0.13,N,3
24,54000,RENT,2,EDUCATION,A,6000,7.14,0,0.11,N,3
24,50004,RENT,5,PERSONAL,A,5000,7.14,0,0.1,N,3
24,62000,RENT,4,PERSONAL,A,4800,7.14,0,0.08,N,3
24,60000,RENT,3,DEBTCONSOLIDATION,A,3200,7.14,0,0.05,N,3
24,33360,MORTGAGE,7,HOMEIMPROVEMENT,A,2500,7.14,0,0.07,N,3
24,35000,RENT,0,PERSONAL,A,1800,7.14,0,0.05,N,3
24,35000,RENT,4,MEDICAL,A,1850,7.12,0,0.05,N,3
24,42000,MORTGAGE,,MEDICAL,A,19000,6.99,1,0.45,N,3
24,46800,MORTGAGE,6,DEBTCONSOLIDATION,A,12000,6.99,0,0.26,N,3
24,42000,MORTGAGE,4,HOMEIMPROVEMENT,A,12000,6.99,0,0.29,N,3
24,68000,RENT,0,VENTURE,A,10000,6.99,0,0.15,N,3
24,50000,MORTGAGE,8,EDUCATION,A,9600,6.99,0,0.19,N,3
24,75000,MORTGAGE,7,EDUCATION,A,8500,6.99,0,0.11,N,3
24,86000,RENT,8,EDUCATION,A,6575,6.99,0,0.08,N,3
24,37920,RENT,4,DEBTCONSOLIDATION,A,6000,6.99,0,0.16,N,3
24,67644,RENT,3,DEBTCONSOLIDATION,A,6000,6.99,0,0.09,N,3
24,21648,RENT,8,EDUCATION,A,5000,6.99,0,0.23,N,3
24,24000,OWN,5,VENTURE,A,4200,6.99,0,0.17,N,3
24,83000,RENT,3,HOMEIMPROVEMENT,A,3200,6.99,0,0.04,N,3
24,56000,OWN,8,VENTURE,A,2000,6.99,0,0.04,N,3
24,85000,RENT,1,VENTURE,A,10500,6.92,0,0.12,N,3
24,185000,MORTGAGE,8,PERSONAL,A,10000,6.92,0,0.05,N,3
24,43000,MORTGAGE,1,MEDICAL,A,7000,6.92,0,0.16,N,3
24,38400,RENT,2,DEBTCONSOLIDATION,A,5500,6.92,0,0.14,N,3
24,29004,RENT,4,EDUCATION,A,5000,6.92,1,0.17,N,3
24,55000,RENT,8,PERSONAL,A,4800,6.92,0,0.09,N,3
24,49000,MORTGAGE,5,EDUCATION,A,2700,6.92,0,0.06,N,3
24,14400,RENT,3,DEBTCONSOLIDATION,A,1800,6.92,0,0.13,N,3
24,85000,RENT,0,HOMEIMPROVEMENT,A,16000,6.91,0,0.19,N,3
24,30000,RENT,0,EDUCATION,A,12000,6.91,1,0.4,N,3
24,28000,RENT,8,MEDICAL,A,10000,6.91,1,0.36,N,3
24,20352,OWN,3,VENTURE,A,7750,6.91,0,0.38,N,3
24,40000,OWN,0,PERSONAL,A,6900,6.91,0,0.17,N,3
24,36000,MORTGAGE,8,PERSONAL,A,4800,6.91,0,0.13,N,3
24,100000,MORTGAGE,5,VENTURE,A,7000,6.76,0,0.07,N,3
24,82000,MORTGAGE,8,PERSONAL,A,6000,6.76,0,0.07,N,3
24,125000,RENT,6,PERSONAL,A,4800,6.76,0,0.04,N,3
24,25000,RENT,0,DEBTCONSOLIDATION,A,4400,6.76,0,0.18,N,3
24,57431,MORTGAGE,8,PERSONAL,A,4000,6.76,0,0.07,N,3
24,52000,MORTGAGE,3,VENTURE,A,3500,6.76,0,0.07,N,3
24,52000,MORTGAGE,3,VENTURE,A,3500,6.76,0,0.07,N,3
24,48000,MORTGAGE,4,PERSONAL,A,1200,6.76,0,0.03,N,3
24,40000,OWN,6,VENTURE,A,1000,6.76,0,0.03,N,3
24,55000,MORTGAGE,3,PERSONAL,A,15000,6.62,0,0.27,N,3
24,101900,MORTGAGE,0,VENTURE,A,13600,6.62,0,0.13,N,3
24,75000,RENT,0,EDUCATION,A,12000,6.62,0,0.16,N,3
24,57600,MORTGAGE,8,HOMEIMPROVEMENT,A,10500,6.62,0,0.18,N,3
24,98000,MORTGAGE,8,VENTURE,A,10000,6.62,0,0.1,N,3
24,45000,RENT,2,PERSONAL,A,10000,6.62,0,0.22,N,3
24,26400,RENT,4,EDUCATION,A,8875,6.62,1,0.34,N,3
24,62000,RENT,8,PERSONAL,A,8850,6.62,0,0.14,N,3
24,42000,MORTGAGE,,VENTURE,A,8000,6.62,0,0.19,N,3
24,70000,MORTGAGE,3,EDUCATION,A,7750,6.62,0,0.11,N,3
24,47000,RENT,8,VENTURE,A,7000,6.62,0,0.15,N,3
24,40000,RENT,3,EDUCATION,A,6000,6.62,0,0.15,N,3
24,45000,MORTGAGE,0,VENTURE,A,5000,6.62,0,0.11,N,3
24,40000,MORTGAGE,8,DEBTCONSOLIDATION,A,4500,6.62,0,0.11,N,3
24,90000,RENT,9,DEBTCONSOLIDATION,A,20000,6.54,0,0.22,N,3
24,138000,OWN,8,PERSONAL,A,16500,6.54,0,0.12,N,3
24,30000,OWN,7,HOMEIMPROVEMENT,A,15250,6.54,0,0.51,N,3
24,66500,RENT,0,PERSONAL,A,15000,6.54,0,0.23,N,3
24,115000,RENT,8,EDUCATION,A,12000,6.54,0,0.1,N,3
24,100000,MORTGAGE,8,HOMEIMPROVEMENT,A,10000,6.54,0,0.1,N,3
24,45000,RENT,1,EDUCATION,A,10000,6.54,0,0.22,N,3
24,75000,OWN,0,PERSONAL,A,6675,6.54,0,0.09,N,3
24,23000,RENT,4,MEDICAL,A,5500,6.54,0,0.24,N,3
24,23000,RENT,4,VENTURE,A,5500,6.54,0,0.24,N,3
24,68004,MORTGAGE,7,EDUCATION,A,4000,6.39,0,0.06,N,3
24,74900,MORTGAGE,8,HOMEIMPROVEMENT,A,3500,6.39,0,0.05,N,3
24,69996,MORTGAGE,8,EDUCATION,A,3000,6.39,0,0.04,N,3
24,120000,MORTGAGE,1,MEDICAL,A,3000,6.39,0,0.03,N,3
24,65000,MORTGAGE,8,PERSONAL,A,2500,6.39,0,0.04,N,3
24,33600,OWN,8,VENTURE,A,2500,6.39,0,0.07,N,3
24,77237,MORTGAGE,8,MEDICAL,A,15000,6.17,0,0.19,N,3
24,60000,RENT,4,VENTURE,A,15000,6.17,0,0.25,N,3
24,49812,RENT,4,MEDICAL,A,15000,6.17,0,0.3,N,3
24,38001,RENT,4,DEBTCONSOLIDATION,A,12000,6.17,1,0.32,N,3
24,44000,MORTGAGE,8,DEBTCONSOLIDATION,A,10750,6.17,0,0.24,N,3
24,60000,RENT,7,PERSONAL,A,8400,6.17,0,0.14,N,3
24,80004,MORTGAGE,8,HOMEIMPROVEMENT,A,6000,6.17,0,0.07,N,3
24,40000,RENT,6,MEDICAL,A,5000,6.17,0,0.13,N,3
24,200000,MORTGAGE,0,DEBTCONSOLIDATION,A,3025,6.17,0,0.02,N,3
24,50000,MORTGAGE,8,VENTURE,A,13700,6.03,0,0.27,N,3
24,98000,OWN,8,HOMEIMPROVEMENT,A,12000,6.03,0,0.12,N,3
24,243600,MORTGAGE,6,MEDICAL,A,12000,6.03,0,0.05,N,3
24,128000,MORTGAGE,4,EDUCATION,A,12000,6.03,0,0.09,N,3
24,60000,MORTGAGE,8,EDUCATION,A,10000,6.03,0,0.17,N,3
24,77385,RENT,6,DEBTCONSOLIDATION,A,9200,6.03,0,0.12,N,3
24,55000,RENT,0,EDUCATION,A,7500,6.03,0,0.14,N,3
24,78300,RENT,2,VENTURE,A,7000,6.03,0,0.09,N,3
24,36000,RENT,1,MEDICAL,A,7000,6.03,0,0.19,N,3
24,65000,MORTGAGE,3,EDUCATION,A,6000,6.03,0,0.09,N,3
24,84996,RENT,1,MEDICAL,A,6000,6.03,0,0.07,N,3
24,56000,RENT,8,EDUCATION,A,5600,6.03,0,0.1,N,3
24,41100,OWN,,PERSONAL,A,5600,6.03,0,0.14,N,3
24,72000,MORTGAGE,8,HOMEIMPROVEMENT,A,5000,6.03,0,0.07,N,3
24,36396,RENT,8,DEBTCONSOLIDATION,A,5000,6.03,0,0.14,N,3
24,70000,MORTGAGE,3,DEBTCONSOLIDATION,A,5000,6.03,0,0.07,N,3
24,30000,RENT,2,EDUCATION,A,3000,6.03,0,0.1,N,3
24,59600,RENT,8,HOMEIMPROVEMENT,A,10000,5.99,0,0.17,N,3
24,36000,RENT,3,EDUCATION,A,10000,5.99,0,0.28,N,3
24,141000,MORTGAGE,0,VENTURE,A,10000,5.99,0,0.07,N,3
24,28000,RENT,1,MEDICAL,A,9500,5.99,1,0.34,N,3
24,110000,RENT,4,PERSONAL,A,8000,5.99,0,0.07,N,3
24,79000,MORTGAGE,4,PERSONAL,A,8000,5.99,0,0.1,N,3
24,37000,MORTGAGE,3,MEDICAL,A,6075,5.99,0,0.16,N,3
24,57000,MORTGAGE,8,EDUCATION,A,6000,5.99,0,0.11,N,3
24,96000,MORTGAGE,8,VENTURE,A,4200,5.99,0,0.04,N,3
24,12000,RENT,0,PERSONAL,A,3200,5.99,1,0.27,N,3
24,112000,MORTGAGE,0,EDUCATION,A,3000,5.99,0,0.03,N,3
24,95000,RENT,4,PERSONAL,A,2400,5.99,0,0.03,N,3
24,86000,MORTGAGE,8,EDUCATION,A,15000,5.79,0,0.17,N,3
24,80400,MORTGAGE,5,VENTURE,A,12000,5.79,0,0.15,N,3
24,62500,RENT,5,EDUCATION,A,11500,5.79,0,0.18,N,3
24,64800,MORTGAGE,5,VENTURE,A,11000,5.79,0,0.17,N,3
24,83000,MORTGAGE,6,HOMEIMPROVEMENT,A,10400,5.79,0,0.13,N,3
24,55000,MORTGAGE,8,DEBTCONSOLIDATION,A,10000,5.79,0,0.18,N,3
24,71000,OWN,,HOMEIMPROVEMENT,A,10000,5.79,0,0.14,N,3
24,45888,RENT,5,MEDICAL,A,9000,5.79,0,0.2,N,3
24,51000,RENT,3,MEDICAL,A,9000,5.79,0,0.18,N,3
24,82000,MORTGAGE,2,PERSONAL,A,8000,5.79,0,0.1,N,3
24,51500,MORTGAGE,2,VENTURE,A,6300,5.79,0,0.12,N,3
24,62500,MORTGAGE,2,EDUCATION,A,6000,5.79,0,0.1,N,3
24,19800,RENT,1,DEBTCONSOLIDATION,A,5600,5.79,1,0.28,N,3
24,65000,MORTGAGE,9,HOMEIMPROVEMENT,A,5500,5.79,0,0.08,N,3
24,45000,MORTGAGE,8,MEDICAL,A,5000,5.79,0,0.11,N,3
24,60000,OWN,4,EDUCATION,A,5000,5.79,0,0.08,N,3
24,13200,RENT,1,EDUCATION,A,4000,5.79,1,0.3,N,3
24,44000,MORTGAGE,8,EDUCATION,A,2000,5.79,0,0.05,N,3
24,105000,MORTGAGE,8,PERSONAL,A,11000,5.42,0,0.1,N,3
24,175000,MORTGAGE,9,EDUCATION,A,10000,5.42,0,0.06,N,3
24,57000,MORTGAGE,5,EDUCATION,A,8000,5.42,0,0.14,N,3
24,35004,MORTGAGE,5,EDUCATION,A,7000,5.42,0,0.2,N,3
24,50000,MORTGAGE,2,HOMEIMPROVEMENT,A,7000,5.42,0,0.14,N,3
24,55000,MORTGAGE,8,HOMEIMPROVEMENT,A,6000,5.42,0,0.11,N,3
24,65000,MORTGAGE,7,VENTURE,A,6000,5.42,0,0.09,N,3
24,60000,MORTGAGE,0,DEBTCONSOLIDATION,A,6000,5.42,0,0.1,N,3
24,81000,RENT,6,MEDICAL,A,5000,5.42,0,0.06,N,3
24,35000,MORTGAGE,5,DEBTCONSOLIDATION,A,4800,5.42,0,0.14,N,3
24,45000,MORTGAGE,6,HOMEIMPROVEMENT,A,4075,5.42,0,0.09,N,3
24,78386,OWN,3,EDUCATION,A,4000,5.42,0,0.05,N,3
24,75000,MORTGAGE,8,EDUCATION,A,3000,5.42,0,0.04,N,3
24,65000,MORTGAGE,8,HOMEIMPROVEMENT,A,2000,5.42,0,0.03,N,3
24,65000,MORTGAGE,7,PERSONAL,A,1525,5.42,0,0.02,N,3
24,65000,MORTGAGE,7,VENTURE,A,1525,5.42,0,0.02,N,3
24,54000,MORTGAGE,1,DEBTCONSOLIDATION,A,1500,5.42,1,0.03,N,3
24,63750,MORTGAGE,8,MEDICAL,D,35000,,1,0.47,N,3
24,66300,RENT,4,MEDICAL,D,30000,,1,0.38,N,3
24,75000,OWN,8,VENTURE,B,29800,,0,0.4,N,3
24,73399,RENT,0,VENTURE,D,27000,,1,0.37,N,3
24,70000,MORTGAGE,6,HOMEIMPROVEMENT,C,25000,,0,0.36,N,3
24,41000,RENT,2,HOMEIMPROVEMENT,D,25000,,1,0.61,N,3
24,100000,OTHER,1,MEDICAL,B,25000,,0,0.25,N,3
24,75000,RENT,7,HOMEIMPROVEMENT,C,24000,,1,0.32,N,3
24,130000,OWN,8,VENTURE,B,22800,,0,0.18,N,3
24,60000,MORTGAGE,8,DEBTCONSOLIDATION,C,21000,,0,0.35,Y,3
24,52559,RENT,9,HOMEIMPROVEMENT,B,20000,,1,0.38,N,3
24,200000,MORTGAGE,8,DEBTCONSOLIDATION,B,20000,,0,0.1,N,3
24,65000,MORTGAGE,7,DEBTCONSOLIDATION,B,20000,,0,0.31,N,3
24,50866,RENT,6,MEDICAL,B,20000,,1,0.39,N,3
24,95000,RENT,4,HOMEIMPROVEMENT,D,20000,,0,0.21,Y,3
24,52500,RENT,3,HOMEIMPROVEMENT,B,17000,,1,0.32,N,3
24,120000,MORTGAGE,8,PERSONAL,A,16000,,0,0.13,N,3
24,110004,MORTGAGE,8,DEBTCONSOLIDATION,C,16000,,0,0.15,N,3
24,55000,OWN,3,MEDICAL,B,16000,,0,0.29,N,3
24,55000,MORTGAGE,8,PERSONAL,D,15000,,0,0.27,Y,3
24,120000,RENT,5,MEDICAL,A,15000,,0,0.13,N,3
24,32000,OWN,3,HOMEIMPROVEMENT,B,15000,,0,0.47,N,3
24,72400,MORTGAGE,0,HOMEIMPROVEMENT,B,15000,,0,0.21,N,3
24,45600,RENT,0,VENTURE,C,14500,,1,0.32,N,3
24,35500,MORTGAGE,,DEBTCONSOLIDATION,A,14500,,0,0.41,N,3
24,45871,RENT,5,HOMEIMPROVEMENT,D,14400,,1,0.31,Y,3
24,35000,RENT,8,MEDICAL,B,13400,,1,0.38,N,3
24,135000,RENT,8,PERSONAL,A,13050,,0,0.1,N,3
24,67000,OWN,3,VENTURE,C,13000,,0,0.19,Y,3
24,82800,MORTGAGE,0,VENTURE,B,12500,,0,0.15,N,3
24,42000,RENT,9,DEBTCONSOLIDATION,A,12125,,0,0.29,N,3
24,56000,MORTGAGE,8,DEBTCONSOLIDATION,A,12000,,0,0.21,N,3
24,51000,MORTGAGE,8,DEBTCONSOLIDATION,B,12000,,1,0.24,N,3
24,75000,RENT,7,PERSONAL,C,12000,,0,0.16,Y,3
24,48000,MORTGAGE,4,DEBTCONSOLIDATION,B,12000,,0,0.25,N,3
24,76494,MORTGAGE,3,DEBTCONSOLIDATION,A,12000,,0,0.16,N,3
24,61000,RENT,3,VENTURE,B,12000,,0,0.2,N,3
24,50000,MORTGAGE,3,HOMEIMPROVEMENT,B,12000,,0,0.24,N,3
24,36000,OWN,0,MEDICAL,D,12000,,0,0.33,Y,3
24,52000,MORTGAGE,9,VENTURE,B,11300,,0,0.22,N,3
24,70000,MORTGAGE,3,DEBTCONSOLIDATION,B,11000,,0,0.16,N,3
24,117000,MORTGAGE,8,MEDICAL,A,10800,,0,0.09,N,3
24,65600,MORTGAGE,8,VENTURE,A,10000,,0,0.15,N,3
24,49639,RENT,8,MEDICAL,C,10000,,0,0.2,N,3
24,45000,OWN,8,HOMEIMPROVEMENT,A,10000,,0,0.22,N,3
24,34000,OWN,8,VENTURE,C,10000,,0,0.29,Y,3
24,135000,MORTGAGE,4,HOMEIMPROVEMENT,B,10000,,0,0.07,N,3
24,30000,RENT,4,DEBTCONSOLIDATION,D,10000,,1,0.33,Y,3
24,38700,RENT,2,MEDICAL,B,10000,,0,0.26,N,3
24,38700,RENT,2,DEBTCONSOLIDATION,B,10000,,0,0.26,N,3
24,60000,RENT,1,MEDICAL,B,10000,,0,0.17,N,3
24,44000,RENT,1,VENTURE,D,10000,,1,0.23,Y,3
24,55000,MORTGAGE,8,EDUCATION,B,9600,,0,0.17,N,3
24,55000,MORTGAGE,8,EDUCATION,B,9600,,0,0.17,N,3
24,50000,MORTGAGE,7,PERSONAL,D,9000,,0,0.18,Y,3
24,110000,MORTGAGE,2,EDUCATION,B,9000,,0,0.08,N,3
24,120000,MORTGAGE,8,PERSONAL,B,8575,,0,0.07,N,3
24,45996,MORTGAGE,6,EDUCATION,C,8500,,0,0.18,N,3
24,47000,MORTGAGE,1,DEBTCONSOLIDATION,B,8500,,0,0.18,N,3
24,64000,MORTGAGE,8,VENTURE,B,8000,,0,0.13,N,3
24,87220,MORTGAGE,7,VENTURE,C,8000,,1,0.09,Y,3
24,28800,RENT,5,PERSONAL,A,8000,,0,0.28,N,3
24,36996,MORTGAGE,7,PERSONAL,D,7800,,0,0.21,Y,3
24,90000,MORTGAGE,2,EDUCATION,B,7500,,0,0.08,N,3
24,54996,RENT,8,EDUCATION,B,7200,,0,0.13,N,3
24,102000,MORTGAGE,7,MEDICAL,B,7200,,0,0.07,N,3
24,75000,MORTGAGE,5,EDUCATION,C,7200,,0,0.1,Y,3
24,63000,MORTGAGE,8,DEBTCONSOLIDATION,B,7000,,0,0.11,N,3
24,52000,RENT,3,HOMEIMPROVEMENT,A,6600,,0,0.13,N,3
24,49200,RENT,2,MEDICAL,D,6400,,1,0.13,N,3
24,101400,MORTGAGE,0,PERSONAL,A,6400,,0,0.06,N,3
24,62000,MORTGAGE,7,PERSONAL,A,6200,,0,0.1,N,3
24,45000,RENT,8,PERSONAL,B,6000,,0,0.13,N,3
24,45000,RENT,5,EDUCATION,B,6000,,0,0.13,N,3
24,40000,RENT,2,MEDICAL,B,6000,,0,0.15,N,3
24,100000,MORTGAGE,1,DEBTCONSOLIDATION,A,6000,,0,0.06,N,3
24,48000,RENT,0,EDUCATION,A,6000,,0,0.13,N,3
24,38000,RENT,6,VENTURE,A,5600,,0,0.15,N,3
24,28800,MORTGAGE,5,DEBTCONSOLIDATION,C,5500,,0,0.19,Y,3
24,50000,MORTGAGE,0,HOMEIMPROVEMENT,B,5500,,0,0.11,N,3
24,82000,MORTGAGE,8,VENTURE,B,5325,,0,0.06,N,3
24,80155,RENT,8,MEDICAL,F,5000,,1,0.05,N,3
24,39000,MORTGAGE,8,HOMEIMPROVEMENT,C,5000,,1,0.13,N,3
24,33000,RENT,8,MEDICAL,C,5000,,0,0.15,N,3
24,72000,RENT,6,MEDICAL,A,5000,,0,0.07,N,3
24,132996,MORTGAGE,3,VENTURE,B,5000,,0,0.04,N,3
24,19200,RENT,2,DEBTCONSOLIDATION,B,5000,,1,0.26,N,3
24,100000,RENT,1,DEBTCONSOLIDATION,A,5000,,0,0.05,N,3
24,100000,MORTGAGE,1,VENTURE,A,5000,,0,0.05,N,3
24,32000,RENT,1,MEDICAL,A,5000,,0,0.16,N,3
24,108000,MORTGAGE,8,DEBTCONSOLIDATION,A,4200,,0,0.04,N,3
24,26400,RENT,3,DEBTCONSOLIDATION,B,4000,,1,0.15,N,3
24,41160,RENT,2,DEBTCONSOLIDATION,A,4000,,0,0.1,N,3
24,18000,RENT,0,DEBTCONSOLIDATION,B,4000,,1,0.22,N,3
24,44000,MORTGAGE,,MEDICAL,A,4000,,0,0.09,N,3
24,16800,MORTGAGE,,DEBTCONSOLIDATION,A,3900,,1,0.23,N,3
24,42000,RENT,1,PERSONAL,A,3500,,0,0.08,N,3
24,77300,RENT,4,PERSONAL,A,3350,,0,0.04,N,3
24,42000,RENT,9,DEBTCONSOLIDATION,E,3000,,1,0.07,Y,3
24,105000,MORTGAGE,8,EDUCATION,C,3000,,0,0.03,Y,3
24,39996,RENT,2,EDUCATION,C,3000,,1,0.08,Y,3
24,45000,MORTGAGE,0,MEDICAL,B,3000,,0,0.07,N,3
24,32000,RENT,1,VENTURE,A,2700,,0,0.08,N,3
24,120000,MORTGAGE,7,EDUCATION,B,2500,,0,0.02,N,3
24,22000,RENT,,MEDICAL,A,2200,,0,0.1,N,3
24,76248,RENT,8,EDUCATION,B,2000,,0,0.03,N,3
24,24000,RENT,8,MEDICAL,B,2000,,0,0.08,N,3
24,12000,OWN,2,VENTURE,E,1750,,0,0.15,Y,3
24,35000,RENT,9,EDUCATION,A,1500,,0,0.04,N,3
24,35000,RENT,9,EDUCATION,A,1500,,0,0.04,N,3
24,24000,RENT,1,EDUCATION,A,1500,,0,0.06,N,3
24,21600,RENT,0,MEDICAL,A,1450,,0,0.07,N,3
24,40800,MORTGAGE,8,EDUCATION,A,1200,,0,0.03,N,3
24,33000,RENT,1,MEDICAL,F,5000,21.36,1,0.15,N,2
24,64000,MORTGAGE,7,VENTURE,F,4000,20.89,1,0.06,N,2
24,64000,MORTGAGE,7,DEBTCONSOLIDATION,F,4000,20.89,1,0.06,Y,2
24,74000,RENT,7,DEBTCONSOLIDATION,E,6800,20.3,1,0.09,Y,2
24,54000,RENT,0,PERSONAL,G,16750,20.11,1,0.31,Y,2
24,37680,RENT,8,EDUCATION,G,15000,19.82,1,0.4,N,2
24,88000,MORTGAGE,5,DEBTCONSOLIDATION,E,24000,19.69,1,0.27,N,2
24,160000,MORTGAGE,8,HOMEIMPROVEMENT,E,20000,19.69,0,0.13,Y,2
24,58575,RENT,2,MEDICAL,F,16000,19.47,1,0.27,N,2
24,91800,OWN,8,MEDICAL,E,10000,19.29,1,0.09,N,2
24,30000,RENT,4,DEBTCONSOLIDATION,E,3000,19.29,1,0.1,Y,2
24,80000,RENT,7,EDUCATION,E,4400,19.03,0,0.06,Y,2
24,88000,MORTGAGE,2,EDUCATION,G,25000,18.84,1,0.28,N,2
24,88000,MORTGAGE,2,DEBTCONSOLIDATION,G,25000,18.84,1,0.28,Y,2
24,55000,RENT,2,VENTURE,E,20000,18.64,1,0.36,N,2
24,94000,RENT,8,HOMEIMPROVEMENT,E,10000,18.64,0,0.11,N,2
24,100000,MORTGAGE,8,VENTURE,F,30000,18.62,0,0.3,Y,2
24,120000,MORTGAGE,1,EDUCATION,F,25000,18.53,0,0.21,N,2
24,72400,MORTGAGE,4,PERSONAL,E,25000,17.99,0,0.35,Y,2
24,72400,MORTGAGE,4,EDUCATION,E,25000,17.99,0,0.35,Y,2
24,92000,MORTGAGE,9,PERSONAL,E,25000,17.93,0,0.27,Y,2
24,47000,RENT,3,PERSONAL,F,24000,17.8,1,0.51,N,2
24,59000,OWN,2,MEDICAL,E,12000,17.74,1,0.2,Y,2
24,48661,MORTGAGE,7,EDUCATION,D,8000,17.58,0,0.16,N,2
24,33900,RENT,3,EDUCATION,D,5500,17.58,0,0.16,N,2
24,39000,MORTGAGE,3,DEBTCONSOLIDATION,D,4150,17.58,1,0.11,Y,2
24,44000,RENT,1,DEBTCONSOLIDATION,D,4000,17.58,1,0.09,N,2
24,38400,RENT,8,PERSONAL,E,3000,17.56,0,0.08,Y,2
24,132000,MORTGAGE,8,VENTURE,D,14000,17.49,0,0.11,Y,2
24,50000,MORTGAGE,5,PERSONAL,D,22800,17.27,0,0.46,N,2
24,128000,MORTGAGE,7,DEBTCONSOLIDATION,D,18000,17.27,1,0.14,Y,2
24,40000,RENT,,EDUCATION,D,3000,17.27,1,0.07,N,2
24,40000,RENT,,PERSONAL,D,3000,17.27,1,0.07,Y,2
24,13288,RENT,5,VENTURE,D,2400,17.27,1,0.18,N,2
24,132000,MORTGAGE,8,DEBTCONSOLIDATION,D,1500,17.27,1,0.01,N,2
24,51000,RENT,,DEBTCONSOLIDATION,E,10000,17.19,1,0.2,N,2
24,69000,MORTGAGE,7,HOMEIMPROVEMENT,E,5200,17.19,0,0.08,N,2
24,16020,OWN,3,VENTURE,E,3625,17.14,1,0.23,Y,2
24,34000,RENT,0,EDUCATION,E,7000,17.04,1,0.21,N,2
24,60000,OWN,1,VENTURE,D,15000,16.89,0,0.25,Y,2
24,50000,MORTGAGE,7,HOMEIMPROVEMENT,D,11000,16.89,0,0.22,Y,2
24,43000,MORTGAGE,8,DEBTCONSOLIDATION,D,10000,16.89,1,0.23,Y,2
24,65000,OWN,6,PERSONAL,D,4400,16.89,0,0.07,N,2
24,53000,RENT,1,DEBTCONSOLIDATION,D,15000,16.77,1,0.28,N,2
24,64000,MORTGAGE,5,VENTURE,D,12000,16.77,0,0.19,N,2
24,36000,MORTGAGE,8,PERSONAL,D,3600,16.77,0,0.1,Y,2
24,62000,MORTGAGE,8,VENTURE,E,20000,16.7,0,0.32,N,2
24,135000,RENT,3,EDUCATION,E,16000,16.69,0,0.12,N,2
24,43400,RENT,2,DEBTCONSOLIDATION,E,18000,16.63,1,0.41,Y,2
24,26000,RENT,8,EDUCATION,E,10000,16.63,1,0.38,Y,2
24,30996,RENT,7,VENTURE,E,7000,16.63,0,0.23,Y,2
24,54000,RENT,2,VENTURE,D,20000,16.49,1,0.37,N,2
24,60500,RENT,9,EDUCATION,D,12000,16.49,0,0.2,N,2
24,55000,OWN,4,VENTURE,D,9000,16.49,0,0.16,Y,2
24,59000,RENT,2,MEDICAL,E,16000,16.45,1,0.27,N,2
24,74800,RENT,4,MEDICAL,E,14000,16.45,1,0.16,N,2
24,134300,MORTGAGE,2,MEDICAL,E,12000,16.45,1,0.08,N,2
24,70000,RENT,8,VENTURE,E,10000,16.45,0,0.14,N,2
24,100000,RENT,4,HOMEIMPROVEMENT,E,10000,16.4,0,0.1,Y,2
24,44000,MORTGAGE,6,EDUCATION,F,7500,16.33,1,0.17,N,2
24,73000,MORTGAGE,9,EDUCATION,E,25000,16.32,1,0.34,N,2
24,98004,RENT,0,DEBTCONSOLIDATION,D,16000,16.32,1,0.16,N,2
24,91800,MORTGAGE,8,MEDICAL,D,15000,16.32,1,0.14,Y,2
24,15600,RENT,3,MEDICAL,E,4000,16.32,1,0.26,N,2
24,22320,OWN,4,MEDICAL,E,1000,16.32,1,0.04,N,2
24,48000,RENT,4,VENTURE,D,24000,16.29,1,0.5,Y,2
24,105000,MORTGAGE,5,PERSONAL,D,12000,16.29,0,0.11,N,2
24,115500,MORTGAGE,2,EDUCATION,D,3200,16.29,0,0.03,N,2
24,30972,RENT,1,VENTURE,D,2000,16.29,1,0.06,N,2
24,67600,RENT,7,HOMEIMPROVEMENT,D,10000,16.02,0,0.15,Y,2
24,68000,RENT,3,PERSONAL,D,10000,16.02,0,0.15,Y,2
24,75996,RENT,1,DEBTCONSOLIDATION,E,10000,16,1,0.13,N,2
24,33996,RENT,1,EDUCATION,E,9000,16,1,0.26,Y,2
24,38400,OTHER,0,VENTURE,E,8000,16,0,0.21,Y,2
24,26000,RENT,0,PERSONAL,E,4200,16,1,0.16,N,2
24,22000,OWN,1,DEBTCONSOLIDATION,D,3000,16,0,0.14,Y,2
24,22000,OWN,1,EDUCATION,D,3000,16,0,0.14,N,2
24,24000,RENT,0,VENTURE,E,2000,16,1,0.08,Y,2
24,30000,MORTGAGE,4,MEDICAL,D,10000,15.99,1,0.33,Y,2
24,131400,RENT,8,DEBTCONSOLIDATION,D,8000,15.99,1,0.06,N,2
24,91800,MORTGAGE,8,MEDICAL,D,5000,15.99,1,0.05,N,2
24,30996,RENT,0,HOMEIMPROVEMENT,D,1500,15.99,1,0.05,Y,2
24,162000,MORTGAGE,8,DEBTCONSOLIDATION,C,16000,15.96,0,0.1,Y,2
24,47000,MORTGAGE,9,VENTURE,C,9600,15.96,0,0.2,N,2
24,97000,MORTGAGE,3,DEBTCONSOLIDATION,C,6400,15.96,0,0.07,Y,2
24,36000,RENT,6,MEDICAL,E,15250,15.95,1,0.42,Y,2
24,49992,RENT,5,VENTURE,D,8000,15.95,0,0.16,Y,2
24,70000,OWN,4,VENTURE,D,8000,15.95,0,0.11,Y,2
24,79631,RENT,8,PERSONAL,D,25000,15.7,1,0.31,Y,2
24,110000,RENT,7,HOMEIMPROVEMENT,D,25000,15.7,0,0.23,Y,2
24,65453,RENT,9,MEDICAL,D,24250,15.7,1,0.31,N,2
24,48442,MORTGAGE,8,DEBTCONSOLIDATION,D,9800,15.7,1,0.2,N,2
24,24000,MORTGAGE,4,EDUCATION,D,8500,15.7,0,0.35,N,2
24,38000,MORTGAGE,0,PERSONAL,D,2500,15.7,1,0.07,N,2
24,52000,RENT,8,EDUCATION,D,20000,15.65,1,0.38,Y,2
24,61499,MORTGAGE,8,DEBTCONSOLIDATION,D,19600,15.65,1,0.32,N,2
24,28590,RENT,7,MEDICAL,D,8000,15.65,0,0.28,Y,2
24,28590,RENT,7,DEBTCONSOLIDATION,D,8000,15.65,1,0.28,Y,2
24,40000,MORTGAGE,8,EDUCATION,D,3000,15.65,0,0.07,N,2
24,62900,RENT,8,MEDICAL,D,12000,15.62,1,0.16,Y,2
24,74000,RENT,7,EDUCATION,D,8000,15.62,0,0.11,Y,2
24,49000,RENT,2,VENTURE,D,7800,15.62,1,0.16,N,2
24,120000,MORTGAGE,3,HOMEIMPROVEMENT,D,7000,15.62,0,0.06,N,2
24,24000,RENT,0,PERSONAL,D,7000,15.62,1,0.29,N,2
24,27600,MORTGAGE,5,MEDICAL,D,6000,15.62,1,0.22,Y,2
24,33000,RENT,3,DEBTCONSOLIDATION,D,6000,15.62,1,0.18,N,2
24,50160,MORTGAGE,2,EDUCATION,D,6000,15.62,1,0.12,N,2
24,80000,MORTGAGE,8,VENTURE,D,5000,15.62,0,0.06,Y,2
24,80000,MORTGAGE,8,VENTURE,D,5000,15.62,0,0.06,N,2
24,20000,RENT,0,DEBTCONSOLIDATION,D,2400,15.62,1,0.12,N,2
24,42000,RENT,1,HOMEIMPROVEMENT,D,2000,15.62,1,0.05,Y,2
24,57655,MORTGAGE,7,MEDICAL,D,9925,15.58,1,0.17,N,2
24,69000,MORTGAGE,4,DEBTCONSOLIDATION,D,25000,15.57,1,0.36,N,2
24,84996,OWN,4,PERSONAL,D,8000,15.57,0,0.09,Y,2
24,45295,RENT,8,DEBTCONSOLIDATION,D,19650,15.37,1,0.43,Y,2
24,62050,RENT,8,MEDICAL,D,25000,15.33,1,0.34,Y,2
24,100000,MORTGAGE,6,VENTURE,D,25000,15.33,0,0.25,Y,2
24,91800,RENT,5,MEDICAL,D,25000,15.33,1,0.23,Y,2
24,44000,RENT,2,DEBTCONSOLIDATION,D,25000,15.33,1,0.57,N,2
24,78000,RENT,1,VENTURE,F,18500,15.33,1,0.24,N,2
24,79000,MORTGAGE,4,HOMEIMPROVEMENT,D,5000,15.33,1,0.06,N,2
24,148000,MORTGAGE,8,DEBTCONSOLIDATION,D,25000,15.31,1,0.17,Y,2
24,44000,MORTGAGE,0,EDUCATION,D,15000,15.31,1,0.34,N,2
24,51000,OWN,9,VENTURE,D,10000,15.31,0,0.2,Y,2
24,34000,MORTGAGE,3,PERSONAL,D,10000,15.31,1,0.29,Y,2
24,44000,OWN,8,PERSONAL,D,9000,15.31,0,0.2,Y,2
24,59000,RENT,5,MEDICAL,D,12000,15.28,1,0.2,Y,2
24,104606,MORTGAGE,8,VENTURE,D,5000,15.28,0,0.05,N,2
24,42000,MORTGAGE,8,HOMEIMPROVEMENT,D,2500,15.28,0,0.06,N,2
24,42000,MORTGAGE,8,PERSONAL,D,2500,15.28,0,0.06,Y,2
24,31000,RENT,6,PERSONAL,C,15075,15.27,1,0.49,Y,2
24,29000,RENT,5,MEDICAL,C,6000,15.27,0,0.21,N,2
24,29000,RENT,5,MEDICAL,C,6000,15.27,0,0.21,N,2
24,65000,MORTGAGE,9,PERSONAL,C,4200,15.27,0,0.06,N,2
24,18000,RENT,5,PERSONAL,C,3000,15.27,1,0.17,Y,2
24,18000,RENT,5,EDUCATION,C,3000,15.27,1,0.17,N,2
24,38400,MORTGAGE,7,MEDICAL,C,15000,15.23,0,0.39,N,2
24,46500,RENT,2,HOMEIMPROVEMENT,C,8000,15.23,1,0.17,Y,2
24,46500,RENT,2,VENTURE,C,8000,15.23,1,0.17,N,2
24,70000,MORTGAGE,2,PERSONAL,C,6000,15.23,0,0.09,Y,2
24,44000,RENT,2,EDUCATION,C,5000,15.23,1,0.11,N,2
24,42000,RENT,2,EDUCATION,C,4800,15.23,1,0.11,Y,2
24,25200,OWN,1,MEDICAL,C,3200,15.23,0,0.13,Y,2
24,36000,RENT,2,EDUCATION,C,1500,15.23,0,0.04,N,2
24,24000,RENT,0,HOMEIMPROVEMENT,D,10750,15.2,1,0.45,Y,2
24,29000,RENT,0,MEDICAL,D,12000,15.05,1,0.41,Y,2
24,103044,MORTGAGE,8,MEDICAL,D,11600,15.05,1,0.1,Y,2
24,70550,RENT,8,MEDICAL,D,9000,15.05,1,0.11,Y,2
24,45000,RENT,,EDUCATION,D,17000,14.96,1,0.38,Y,2
24,56400,RENT,4,MEDICAL,D,8000,14.96,1,0.14,Y,2
24,36000,RENT,2,VENTURE,D,8000,14.96,1,0.22,Y,2
24,36000,RENT,5,MEDICAL,D,6000,14.96,0,0.17,N,2
24,33996,RENT,2,HOMEIMPROVEMENT,D,5000,14.96,1,0.15,N,2
24,36000,MORTGAGE,4,VENTURE,D,2000,14.96,0,0.06,N,2
24,98000,RENT,2,DEBTCONSOLIDATION,E,15000,14.93,1,0.15,N,2
24,53000,MORTGAGE,8,PERSONAL,D,10000,14.91,0,0.19,N,2
24,58650,RENT,6,MEDICAL,D,6300,14.91,1,0.09,Y,2
24,85000,OWN,4,HOMEIMPROVEMENT,D,6250,14.91,0,0.07,N,2
24,33996,MORTGAGE,8,VENTURE,D,4000,14.91,0,0.12,Y,2
24,142800,MORTGAGE,8,MEDICAL,D,25000,14.84,1,0.15,Y,2
24,87996,RENT,8,DEBTCONSOLIDATION,D,10000,14.84,1,0.11,Y,2
24,55000,MORTGAGE,3,EDUCATION,D,7500,14.84,0,0.14,Y,2
24,38500,RENT,0,MEDICAL,D,5000,14.84,1,0.13,N,2
24,21600,MORTGAGE,0,DEBTCONSOLIDATION,D,2000,14.84,1,0.09,N,2
24,98000,MORTGAGE,1,DEBTCONSOLIDATION,C,16000,14.79,1,0.16,Y,2
24,63000,RENT,3,VENTURE,C,11500,14.79,0,0.18,N,2
24,28000,RENT,3,VENTURE,E,6400,14.75,0,0.23,N,2
24,56400,RENT,0,EDUCATION,E,4000,14.75,1,0.07,Y,2
24,39000,RENT,5,MEDICAL,D,20000,14.74,1,0.51,N,2
24,51000,RENT,2,DEBTCONSOLIDATION,D,5000,14.74,1,0.1,Y,2
24,100000,MORTGAGE,0,DEBTCONSOLIDATION,C,16000,14.72,0,0.16,N,2
24,38400,MORTGAGE,7,EDUCATION,C,10000,14.72,0,0.26,N,2
24,55000,RENT,2,HOMEIMPROVEMENT,C,9000,14.72,0,0.16,Y,2
24,30000,RENT,2,DEBTCONSOLIDATION,C,3350,14.72,0,0.11,Y,2
24,64500,MORTGAGE,8,EDUCATION,C,1200,14.72,0,0.02,N,2
24,64000,MORTGAGE,7,HOMEIMPROVEMENT,C,16000,14.65,1,0.25,N,2
24,31000,RENT,2,VENTURE,C,10000,14.65,1,0.32,N,2
24,54000,MORTGAGE,6,HOMEIMPROVEMENT,C,6300,14.65,1,0.12,Y,2
24,31200,RENT,3,PERSONAL,C,2000,14.65,0,0.06,Y,2
24,34000,RENT,0,VENTURE,D,14000,14.61,1,0.41,Y,2
24,55000,RENT,2,HOMEIMPROVEMENT,D,8000,14.61,1,0.15,N,2
24,24000,RENT,1,HOMEIMPROVEMENT,D,2000,14.61,1,0.08,Y,2
24,158004,RENT,0,HOMEIMPROVEMENT,D,25000,14.59,1,0.16,Y,2
24,36000,RENT,2,DEBTCONSOLIDATION,D,5000,14.59,1,0.14,N,2
24,88000,MORTGAGE,8,HOMEIMPROVEMENT,D,25000,14.54,0,0.28,N,2
24,88000,RENT,1,VENTURE,D,23000,14.54,1,0.26,N,2
24,74000,RENT,1,HOMEIMPROVEMENT,D,10000,14.54,1,0.14,N,2
24,80000,MORTGAGE,8,PERSONAL,D,25000,14.46,0,0.31,Y,2
24,92004,RENT,8,VENTURE,D,12000,14.46,0,0.13,Y,2
24,46000,RENT,0,EDUCATION,D,5975,14.46,1,0.13,Y,2
24,100896,RENT,7,HOMEIMPROVEMENT,D,15000,14.42,0,0.15,N,2
24,77964,RENT,4,DEBTCONSOLIDATION,D,9600,14.42,1,0.12,N,2
24,55200,MORTGAGE,0,MEDICAL,D,6000,14.42,1,0.11,Y,2
24,54000,MORTGAGE,8,VENTURE,D,1500,14.42,1,0.03,Y,2
24,40800,OWN,0,VENTURE,C,14400,14.35,0,0.35,N,2
24,58000,RENT,2,VENTURE,C,3200,14.35,0,0.06,N,2
24,40000,OWN,4,PERSONAL,C,2000,14.35,0,0.05,N,2
24,48720,RENT,2,MEDICAL,C,1500,14.35,0,0.03,Y,2
24,151000,MORTGAGE,8,HOMEIMPROVEMENT,C,35000,14.27,0,0.23,Y,2
24,35000,MORTGAGE,3,MEDICAL,C,15000,14.27,0,0.43,N,2
24,125375,RENT,0,MEDICAL,C,12000,14.27,1,0.08,N,2
24,45000,MORTGAGE,0,VENTURE,C,10625,14.27,1,0.24,Y,2
24,24000,RENT,5,MEDICAL,C,5500,14.27,0,0.23,N,2
24,115154,RENT,8,HOMEIMPROVEMENT,C,3000,14.27,0,0.03,N,2
24,115154,RENT,8,DEBTCONSOLIDATION,C,3000,14.27,0,0.03,Y,2
24,27600,MORTGAGE,1,PERSONAL,C,2000,14.27,0,0.07,Y,2
24,60000,RENT,3,VENTURE,C,22000,14.26,1,0.37,Y,2
24,120000,OWN,8,HOMEIMPROVEMENT,C,21000,14.26,0,0.17,Y,2
24,120000,RENT,9,MEDICAL,C,15400,14.26,0,0.13,N,2
24,56000,RENT,0,VENTURE,C,12000,14.26,0,0.21,Y,2
24,30000,RENT,5,VENTURE,C,8000,14.26,0,0.27,Y,2
24,31200,MORTGAGE,2,EDUCATION,C,6700,14.26,0,0.21,Y,2
24,50000,RENT,1,DEBTCONSOLIDATION,C,1500,14.26,0,0.03,N,2
24,52000,MORTGAGE,7,MEDICAL,C,5000,14.22,0,0.1,N,2
24,38272,RENT,1,VENTURE,C,15250,14.17,1,0.4,Y,2
24,32500,RENT,4,MEDICAL,C,14000,14.17,1,0.43,N,2
24,44000,RENT,5,PERSONAL,C,2800,14.17,1,0.06,N,2
24,54000,RENT,8,MEDICAL,C,1500,14.17,0,0.03,Y,2
24,28000,RENT,0,PERSONAL,D,5600,14.12,1,0.2,Y,2
24,78996,RENT,2,HOMEIMPROVEMENT,D,20000,14.11,1,0.25,N,2
24,39000,MORTGAGE,1,EDUCATION,D,12000,14.11,1,0.31,N,2
24,39996,RENT,0,EDUCATION,D,5000,14.11,1,0.13,N,2
24,34000,MORTGAGE,1,DEBTCONSOLIDATION,D,7000,14.09,1,0.21,N,2
24,205000,MORTGAGE,8,EDUCATION,C,35000,13.99,0,0.17,N,2
24,108000,MORTGAGE,1,DEBTCONSOLIDATION,D,25000,13.99,1,0.23,Y,2
24,50000,RENT,6,HOMEIMPROVEMENT,C,16000,13.99,1,0.32,Y,2
24,57772,RENT,6,VENTURE,C,13500,13.99,0,0.23,N,2
24,66000,MORTGAGE,7,VENTURE,C,11200,13.99,0,0.17,N,2
24,52000,RENT,8,EDUCATION,C,8000,13.99,1,0.15,Y,2
24,85000,MORTGAGE,2,PERSONAL,C,7500,13.99,0,0.09,Y,2
24,60000,RENT,2,MEDICAL,C,5000,13.99,0,0.08,Y,2
24,45000,RENT,1,PERSONAL,C,2000,13.99,0,0.04,Y,2
24,8400,RENT,,EDUCATION,C,1500,13.99,1,0.18,Y,2
24,40000,MORTGAGE,2,VENTURE,C,15250,13.98,0,0.38,Y,2
24,32400,RENT,1,MEDICAL,C,7000,13.98,0,0.22,Y,2
24,24000,OWN,3,EDUCATION,C,3000,13.98,0,0.13,N,2
24,30000,RENT,1,DEBTCONSOLIDATION,C,3000,13.98,1,0.1,Y,2
24,52000,MORTGAGE,0,EDUCATION,C,1200,13.98,0,0.02,Y,2
24,72000,MORTGAGE,8,HOMEIMPROVEMENT,E,5000,13.93,0,0.07,Y,2
24,30000,RENT,1,VENTURE,C,9500,13.92,1,0.32,N,2
24,60000,RENT,7,HOMEIMPROVEMENT,C,15000,13.85,0,0.25,Y,2
24,19000,OWN,3,MEDICAL,C,7400,13.85,1,0.39,N,2
24,42500,MORTGAGE,8,DEBTCONSOLIDATION,C,10000,13.8,0,0.24,N,2
24,55000,RENT,8,HOMEIMPROVEMENT,C,8000,13.8,0,0.15,Y,2
24,33500,RENT,5,HOMEIMPROVEMENT,C,2000,13.8,1,0.06,N,2
24,135000,RENT,4,HOMEIMPROVEMENT,C,24000,13.79,0,0.18,N,2
24,72800,MORTGAGE,8,PERSONAL,C,11200,13.79,0,0.15,N,2
24,31944,RENT,8,MEDICAL,C,7200,13.79,0,0.23,N,2
24,45000,RENT,0,MEDICAL,C,5000,13.79,0,0.11,Y,2
24,53117,RENT,1,PERSONAL,C,2000,13.79,0,0.04,N,2
24,55000,MORTGAGE,4,DEBTCONSOLIDATION,C,1600,13.79,0,0.03,N,2
24,85000,RENT,6,PERSONAL,C,10000,13.72,0,0.12,Y,2
24,120000,MORTGAGE,8,DEBTCONSOLIDATION,C,8400,13.72,0,0.07,Y,2
24,70000,RENT,0,MEDICAL,C,6425,13.72,0,0.09,N,2
24,26400,RENT,4,MEDICAL,C,4000,13.72,0,0.15,N,2
24,238000,RENT,2,VENTURE,D,10000,13.67,1,0.04,N,2
24,53000,MORTGAGE,1,EDUCATION,D,6400,13.67,0,0.12,N,2
24,90000,MORTGAGE,8,DEBTCONSOLIDATION,C,19750,13.61,0,0.22,Y,2
24,120000,RENT,4,HOMEIMPROVEMENT,C,10000,13.61,0,0.08,N,2
24,36000,MORTGAGE,3,MEDICAL,C,8000,13.61,0,0.22,N,2
24,55600,MORTGAGE,2,HOMEIMPROVEMENT,C,11700,13.57,0,0.21,Y,2
24,16000,RENT,0,HOMEIMPROVEMENT,C,8000,13.57,1,0.5,N,2
24,30000,MORTGAGE,0,DEBTCONSOLIDATION,C,6000,13.57,0,0.2,N,2
24,83000,RENT,5,PERSONAL,C,27000,13.49,1,0.33,Y,2
24,54000,RENT,5,VENTURE,C,21600,13.49,1,0.4,N,2
24,103000,MORTGAGE,8,VENTURE,C,21000,13.49,0,0.2,Y,2
24,45000,RENT,1,PERSONAL,C,16425,13.49,1,0.36,Y,2
24,65000,RENT,6,EDUCATION,C,13000,13.49,0,0.2,Y,2
24,200000,MORTGAGE,8,HOMEIMPROVEMENT,C,12000,13.49,0,0.06,N,2
24,40000,RENT,6,MEDICAL,C,12000,13.49,0,0.3,N,2
24,72000,MORTGAGE,8,MEDICAL,C,6000,13.49,0,0.08,N,2
24,30000,RENT,0,MEDICAL,C,6000,13.49,0,0.2,N,2
24,57600,RENT,3,PERSONAL,C,5275,13.49,0,0.09,Y,2
24,33000,MORTGAGE,8,HOMEIMPROVEMENT,C,2050,13.49,1,0.06,N,2
24,32000,RENT,5,MEDICAL,C,1900,13.49,0,0.06,Y,2
24,14400,RENT,1,EDUCATION,C,1875,13.49,0,0.13,Y,2
24,67000,RENT,5,HOMEIMPROVEMENT,C,20000,13.48,0,0.3,Y,2
24,78400,MORTGAGE,5,VENTURE,C,17400,13.48,0,0.22,N,2
24,30000,MORTGAGE,8,HOMEIMPROVEMENT,C,5000,13.48,1,0.17,Y,2
24,45996,RENT,1,MEDICAL,C,13000,13.47,1,0.28,Y,2
24,50000,MORTGAGE,8,EDUCATION,C,3000,13.47,0,0.06,N,2
24,36000,RENT,8,VENTURE,E,15450,13.43,1,0.43,N,2
24,21000,RENT,0,EDUCATION,C,4000,13.43,0,0.19,N,2
24,110000,OWN,0,HOMEIMPROVEMENT,C,10000,13.35,0,0.09,Y,2
24,38004,OWN,3,EDUCATION,C,3000,13.35,0,0.08,Y,2
24,23196,RENT,1,EDUCATION,D,7500,13.24,1,0.32,N,2
24,22100,RENT,4,EDUCATION,C,8000,13.23,1,0.36,N,2
24,73000,MORTGAGE,3,EDUCATION,C,8000,13.23,0,0.11,Y,2
24,32004,RENT,3,DEBTCONSOLIDATION,C,5000,13.23,0,0.16,N,2
24,42000,MORTGAGE,7,MEDICAL,C,4200,13.23,0,0.1,N,2
24,100000,MORTGAGE,8,DEBTCONSOLIDATION,C,3600,13.23,0,0.04,Y,2
24,80689,MORTGAGE,1,DEBTCONSOLIDATION,C,16000,13.22,0,0.2,Y,2
24,49278,RENT,4,VENTURE,C,11000,13.22,0,0.22,N,2
24,49278,RENT,4,DEBTCONSOLIDATION,C,11000,13.22,0,0.22,Y,2
24,78000,MORTGAGE,5,DEBTCONSOLIDATION,C,8000,13.22,0,0.1,N,2
24,62500,OWN,8,PERSONAL,C,6500,13.22,0,0.1,Y,2
24,42000,RENT,2,VENTURE,C,1000,13.16,0,0.02,N,2
24,58000,RENT,6,EDUCATION,C,12000,13.11,0,0.21,N,2
24,43000,MORTGAGE,6,DEBTCONSOLIDATION,C,9250,13.11,0,0.22,N,2
24,38000,OWN,0,VENTURE,C,8500,13.11,0,0.22,N,2
24,15000,RENT,8,DEBTCONSOLIDATION,C,4200,13.11,1,0.28,Y,2
24,12600,RENT,2,VENTURE,C,2500,13.11,1,0.2,Y,2
24,30000,MORTGAGE,9,DEBTCONSOLIDATION,C,2400,13.11,0,0.08,Y,2
24,32400,RENT,0,MEDICAL,C,1200,13.11,0,0.04,Y,2
24,90000,MORTGAGE,0,DEBTCONSOLIDATION,C,24000,13.06,0,0.27,Y,2
24,72000,RENT,8,PERSONAL,C,16000,13.06,0,0.22,Y,2
24,39000,RENT,2,HOMEIMPROVEMENT,C,16000,13.06,1,0.41,N,2
24,85000,RENT,0,HOMEIMPROVEMENT,C,8000,13.06,0,0.09,Y,2
24,30000,RENT,2,HOMEIMPROVEMENT,C,6600,13.06,1,0.22,N,2
24,69996,RENT,0,HOMEIMPROVEMENT,C,6000,13.06,0,0.09,N,2
24,46000,MORTGAGE,8,PERSONAL,C,29100,12.99,1,0.63,Y,2
24,120000,MORTGAGE,8,PERSONAL,C,20000,12.99,0,0.17,Y,2
24,54996,RENT,5,MEDICAL,C,10000,12.99,0,0.18,N,2
24,60000,MORTGAGE,8,PERSONAL,C,9600,12.99,0,0.16,N,2
24,94000,RENT,6,PERSONAL,C,9600,12.99,0,0.1,Y,2
24,94000,RENT,6,HOMEIMPROVEMENT,C,9600,12.99,0,0.1,N,2
24,90000,MORTGAGE,0,DEBTCONSOLIDATION,C,8000,12.99,0,0.09,N,2
24,28900,MORTGAGE,2,DEBTCONSOLIDATION,C,5500,12.98,0,0.19,Y,2
24,45996,RENT,3,MEDICAL,C,2000,12.98,0,0.04,Y,2
24,56000,RENT,1,DEBTCONSOLIDATION,C,15000,12.87,0,0.27,N,2
24,54996,RENT,0,MEDICAL,C,12500,12.87,0,0.23,N,2
24,54996,RENT,0,DEBTCONSOLIDATION,C,12500,12.87,0,0.23,N,2
24,32000,RENT,8,DEBTCONSOLIDATION,C,12000,12.87,1,0.38,Y,2
24,58000,RENT,3,VENTURE,C,6000,12.87,0,0.1,Y,2
24,56000,MORTGAGE,2,EDUCATION,C,5250,12.87,0,0.09,N,2
24,104000,MORTGAGE,8,EDUCATION,C,25000,12.84,0,0.24,N,2
24,81600,RENT,5,VENTURE,C,8000,12.84,0,0.1,Y,2
24,42252,MORTGAGE,3,PERSONAL,C,8000,12.84,0,0.19,N,2
24,60000,RENT,1,MEDICAL,C,10000,12.73,0,0.17,Y,2
24,27000,RENT,0,DEBTCONSOLIDATION,C,10000,12.73,1,0.37,N,2
24,45000,RENT,8,PERSONAL,C,8000,12.73,0,0.18,N,2
24,62472,RENT,2,EDUCATION,C,5500,12.73,0,0.09,N,2
24,9600,RENT,3,EDUCATION,C,1300,12.73,1,0.14,N,2
24,86610,MORTGAGE,7,EDUCATION,C,8750,12.72,0,0.1,Y,2
24,135000,MORTGAGE,8,VENTURE,B,21000,12.69,0,0.16,N,2
24,50000,OWN,7,HOMEIMPROVEMENT,B,20000,12.69,0,0.4,N,2
24,67000,OWN,2,MEDICAL,B,16000,12.69,0,0.24,N,2
24,95000,MORTGAGE,7,DEBTCONSOLIDATION,B,15000,12.69,0,0.16,N,2
24,62800,RENT,5,PERSONAL,B,14000,12.69,0,0.22,N,2
24,200000,RENT,8,MEDICAL,B,12000,12.69,0,0.06,N,2
24,200000,RENT,8,VENTURE,B,12000,12.69,0,0.06,N,2
24,80000,RENT,5,MEDICAL,B,12000,12.69,0,0.15,N,2
24,34000,RENT,1,HOMEIMPROVEMENT,B,10000,12.69,1,0.29,N,2
24,86250,RENT,1,HOMEIMPROVEMENT,B,9000,12.69,0,0.1,N,2
24,109000,MORTGAGE,3,DEBTCONSOLIDATION,B,8800,12.69,0,0.08,N,2
24,65000,MORTGAGE,2,PERSONAL,B,8000,12.69,0,0.12,N,2
24,23000,RENT,1,DEBTCONSOLIDATION,B,7200,12.69,1,0.31,N,2
24,35000,RENT,8,MEDICAL,B,7000,12.69,0,0.2,N,2
24,56000,RENT,2,VENTURE,B,6650,12.69,0,0.12,N,2
24,30000,RENT,6,EDUCATION,B,5000,12.69,1,0.17,N,2
24,43000,RENT,8,VENTURE,B,4000,12.69,0,0.09,N,2
24,44000,RENT,3,EDUCATION,B,3500,12.69,0,0.08,N,2
24,24000,RENT,,HOMEIMPROVEMENT,B,2000,12.69,1,0.08,N,2
24,90000,MORTGAGE,8,EDUCATION,C,35000,12.68,0,0.39,Y,2
24,185000,RENT,7,HOMEIMPROVEMENT,C,25000,12.68,0,0.14,Y,2
24,98400,MORTGAGE,0,EDUCATION,C,8000,12.68,0,0.08,N,2
24,41300,RENT,2,EDUCATION,C,2400,12.68,0,0.06,N,2
24,79200,RENT,3,EDUCATION,D,16000,12.67,1,0.2,Y,2
24,97908,RENT,8,HOMEIMPROVEMENT,D,25000,12.61,1,0.26,Y,2
24,69000,RENT,3,VENTURE,C,14000,12.61,0,0.2,Y,2
24,56004,RENT,2,MEDICAL,C,14000,12.61,0,0.25,N,2
24,30000,OWN,7,HOMEIMPROVEMENT,C,10000,12.61,0,0.33,Y,2
24,76554,RENT,8,HOMEIMPROVEMENT,D,7600,12.61,0,0.1,N,2
24,51600,RENT,,HOMEIMPROVEMENT,C,1500,12.61,0,0.03,Y,2
24,110004,MORTGAGE,8,EDUCATION,B,25000,12.53,0,0.23,N,2
24,75000,RENT,0,DEBTCONSOLIDATION,B,17000,12.53,0,0.23,N,2
24,46000,MORTGAGE,2,PERSONAL,B,15250,12.53,1,0.33,N,2
24,61100,RENT,1,DEBTCONSOLIDATION,B,15000,12.53,0,0.25,N,2
24,50000,MORTGAGE,1,PERSONAL,C,11400,12.53,0,0.23,N,2
24,73000,MORTGAGE,8,HOMEIMPROVEMENT,C,9325,12.53,1,0.13,N,2
24,37000,MORTGAGE,0,MEDICAL,C,8500,12.53,1,0.23,Y,2
24,55000,RENT,1,HOMEIMPROVEMENT,B,7500,12.53,0,0.14,N,2
24,41000,RENT,3,EDUCATION,B,7200,12.53,0,0.18,N,2
24,54600,RENT,2,EDUCATION,C,7200,12.53,0,0.13,N,2
24,41000,RENT,1,MEDICAL,C,7000,12.53,0,0.17,N,2
24,41000,RENT,1,DEBTCONSOLIDATION,C,7000,12.53,0,0.17,N,2
24,59000,MORTGAGE,3,EDUCATION,C,6800,12.53,1,0.12,N,2
24,62100,MORTGAGE,8,EDUCATION,C,6000,12.53,0,0.1,N,2
24,47928,RENT,1,MEDICAL,B,6000,12.53,0,0.13,N,2
24,26650,MORTGAGE,6,MEDICAL,B,1000,12.53,0,0.04,N,2
24,185000,MORTGAGE,,EDUCATION,B,35000,12.42,0,0.19,N,2
24,75000,MORTGAGE,4,VENTURE,B,16000,12.42,0,0.21,N,2
24,72000,OWN,,EDUCATION,B,16000,12.42,0,0.22,N,2
24,77000,MORTGAGE,6,DEBTCONSOLIDATION,B,12000,12.42,0,0.16,N,2
24,46000,MORTGAGE,2,DEBTCONSOLIDATION,B,10075,12.42,0,0.22,N,2
24,65000,RENT,3,PERSONAL,B,10000,12.42,0,0.15,N,2
24,52000,RENT,3,EDUCATION,B,10000,12.42,0,0.19,N,2
24,41100,OWN,2,VENTURE,B,9200,12.42,0,0.22,N,2
24,29000,RENT,4,HOMEIMPROVEMENT,B,8000,12.42,1,0.28,N,2
24,50000,RENT,3,MEDICAL,B,8000,12.42,0,0.16,N,2
24,30000,RENT,0,VENTURE,B,6000,12.42,0,0.2,N,2
24,130000,MORTGAGE,3,DEBTCONSOLIDATION,B,5000,12.42,0,0.04,N,2
24,60000,MORTGAGE,9,HOMEIMPROVEMENT,B,1500,12.42,0,0.03,N,2
24,70000,RENT,4,VENTURE,C,10000,12.41,0,0.14,Y,2
24,133000,RENT,3,EDUCATION,D,20000,12.36,0,0.15,Y,2
24,105000,RENT,2,HOMEIMPROVEMENT,C,19000,12.29,0,0.18,Y,2
24,32000,RENT,4,MEDICAL,C,3000,12.29,0,0.09,Y,2
24,61400,RENT,1,DEBTCONSOLIDATION,C,12250,12.23,0,0.2,Y,2
24,34000,RENT,2,EDUCATION,C,5000,12.23,1,0.15,N,2
24,120000,MORTGAGE,0,VENTURE,B,15200,12.21,0,0.13,N,2
24,100000,MORTGAGE,3,EDUCATION,B,15000,12.21,0,0.15,N,2
24,68000,RENT,3,EDUCATION,B,13500,12.21,0,0.2,N,2
24,60000,RENT,0,PERSONAL,B,12000,12.21,0,0.2,N,2
24,56000,RENT,3,MEDICAL,B,10000,12.21,0,0.18,N,2
24,25000,RENT,0,HOMEIMPROVEMENT,B,8500,12.21,1,0.34,N,2
24,18000,RENT,8,PERSONAL,B,6000,12.21,1,0.33,N,2
24,21000,OTHER,4,PERSONAL,B,6000,12.21,0,0.29,N,2
24,74000,MORTGAGE,6,MEDICAL,B,5000,12.21,0,0.07,N,2
24,24000,RENT,0,VENTURE,B,4000,12.21,0,0.17,N,2
24,45996,RENT,9,PERSONAL,B,3500,12.21,1,0.08,N,2
24,70000,OWN,8,PERSONAL,B,24250,12.18,0,0.35,N,2
24,70000,OWN,8,PERSONAL,B,24250,12.18,0,0.35,N,2
24,44000,RENT,6,VENTURE,B,18000,12.18,1,0.41,N,2
24,75000,OWN,8,MEDICAL,B,16500,12.18,0,0.22,N,2
24,90000,RENT,7,EDUCATION,B,16000,12.18,0,0.18,N,2
24,108600,MORTGAGE,4,DEBTCONSOLIDATION,B,15000,12.18,0,0.14,N,2
24,70000,OWN,0,EDUCATION,B,15000,12.18,0,0.21,N,2
24,31200,OWN,8,PERSONAL,B,10000,12.18,0,0.32,N,2
24,18000,MORTGAGE,0,DEBTCONSOLIDATION,B,10000,12.18,1,0.56,N,2
24,29004,RENT,5,MEDICAL,B,8725,12.18,0,0.3,N,2
24,46809,RENT,4,MEDICAL,B,5000,12.18,0,0.11,N,2
24,60000,MORTGAGE,3,VENTURE,B,4000,12.18,0,0.07,N,2
24,119500,OWN,8,HOMEIMPROVEMENT,B,3500,12.18,0,0.03,N,2
24,95000,MORTGAGE,3,DEBTCONSOLIDATION,B,35000,11.99,0,0.37,N,2
24,85000,OWN,2,EDUCATION,B,27500,11.99,0,0.32,N,2
24,113000,RENT,3,VENTURE,B,16000,11.99,0,0.14,N,2
24,180000,MORTGAGE,7,VENTURE,B,14000,11.99,0,0.08,N,2
24,73000,MORTGAGE,1,MEDICAL,B,10000,11.99,0,0.14,N,2
24,94837,RENT,8,HOMEIMPROVEMENT,B,9600,11.99,0,0.1,N,2
24,68000,RENT,0,PERSONAL,B,7500,11.99,0,0.11,N,2
24,55000,MORTGAGE,8,EDUCATION,B,6000,11.99,1,0.11,N,2
24,77000,MORTGAGE,1,HOMEIMPROVEMENT,B,4000,11.99,0,0.05,N,2
24,100000,RENT,1,VENTURE,B,15000,11.89,0,0.15,N,2
24,60000,MORTGAGE,0,PERSONAL,B,15000,11.89,0,0.25,N,2
24,70000,MORTGAGE,2,MEDICAL,B,8950,11.89,0,0.13,N,2
24,48000,RENT,3,EDUCATION,B,5000,11.89,0,0.1,N,2
24,13000,RENT,1,MEDICAL,B,1200,11.89,0,0.09,N,2
24,70000,RENT,3,PERSONAL,B,25000,11.86,1,0.36,N,2
24,90000,RENT,3,HOMEIMPROVEMENT,B,15000,11.86,0,0.17,N,2
24,37950,RENT,8,EDUCATION,B,11000,11.86,0,0.29,N,2
24,40800,RENT,0,MEDICAL,B,7000,11.86,0,0.17,N,2
24,64151,RENT,0,VENTURE,B,5000,11.86,0,0.08,N,2
24,33600,RENT,0,MEDICAL,B,4800,11.86,0,0.14,N,2
24,42000,RENT,8,HOMEIMPROVEMENT,B,4000,11.86,1,0.1,N,2
24,60000,MORTGAGE,3,HOMEIMPROVEMENT,B,4000,11.86,0,0.07,N,2
24,45000,RENT,3,MEDICAL,D,2850,11.86,0,0.06,N,2
24,75000,MORTGAGE,8,HOMEIMPROVEMENT,B,25000,11.83,0,0.33,N,2
24,72000,RENT,5,MEDICAL,B,20000,11.83,0,0.28,N,2
24,68900,MORTGAGE,2,HOMEIMPROVEMENT,B,19500,11.83,0,0.28,N,2
24,47250,RENT,5,EDUCATION,B,12600,11.83,0,0.27,N,2
24,51000,RENT,1,EDUCATION,B,10000,11.83,0,0.2,N,2
24,24000,RENT,5,MEDICAL,B,8975,11.83,1,0.37,N,2
24,65000,RENT,0,DEBTCONSOLIDATION,B,7000,11.83,0,0.11,N,2
24,48000,MORTGAGE,0,EDUCATION,B,4400,11.83,0,0.09,N,2
24,45000,RENT,8,MEDICAL,B,4000,11.83,0,0.09,N,2
24,54731,RENT,2,DEBTCONSOLIDATION,B,3200,11.83,0,0.06,N,2
24,38000,RENT,1,MEDICAL,B,2000,11.83,0,0.05,N,2
24,75000,RENT,8,PERSONAL,C,5000,11.78,0,0.07,Y,2
24,67500,MORTGAGE,2,EDUCATION,B,14400,11.71,0,0.21,N,2
24,29232,MORTGAGE,1,VENTURE,B,11000,11.71,0,0.38,N,2
24,60000,MORTGAGE,2,DEBTCONSOLIDATION,B,10000,11.71,0,0.17,N,2
24,70000,RENT,1,EDUCATION,B,10000,11.71,0,0.14,N,2
24,50000,RENT,1,PERSONAL,B,10000,11.71,0,0.2,N,2
24,35000,MORTGAGE,9,HOMEIMPROVEMENT,B,8000,11.71,0,0.23,N,2
24,50000,RENT,0,VENTURE,B,7200,11.71,0,0.14,N,2
24,50000,RENT,0,VENTURE,B,7200,11.71,0,0.14,N,2
24,60000,MORTGAGE,8,EDUCATION,B,7000,11.71,0,0.12,N,2
24,65000,MORTGAGE,8,PERSONAL,B,6300,11.71,0,0.1,N,2
24,21120,RENT,3,PERSONAL,B,5000,11.71,1,0.24,N,2
24,55000,MORTGAGE,5,PERSONAL,B,3100,11.71,0,0.06,N,2
24,80400,MORTGAGE,8,PERSONAL,C,10000,11.66,1,0.12,N,2
24,30000,RENT,4,DEBTCONSOLIDATION,C,10000,11.66,1,0.33,N,2
24,120000,MORTGAGE,8,HOMEIMPROVEMENT,C,9500,11.66,0,0.08,Y,2
24,220000,MORTGAGE,1,EDUCATION,B,25000,11.58,0,0.11,N,2
24,130000,MORTGAGE,6,PERSONAL,B,20000,11.58,0,0.15,N,2
24,122000,RENT,4,DEBTCONSOLIDATION,B,15000,11.58,0,0.12,N,2
24,55152,MORTGAGE,8,PERSONAL,B,16000,11.49,0,0.29,N,2
24,60000,RENT,4,EDUCATION,B,12500,11.49,0,0.21,N,2
24,26000,RENT,1,MEDICAL,B,12250,11.49,1,0.47,N,2
24,36000,RENT,0,DEBTCONSOLIDATION,B,12250,11.49,1,0.34,N,2
24,56000,RENT,8,VENTURE,B,12000,11.49,0,0.21,N,2
24,65000,MORTGAGE,6,PERSONAL,B,11000,11.49,0,0.17,N,2
24,38000,RENT,8,MEDICAL,B,8000,11.49,0,0.21,N,2
24,31200,RENT,7,MEDICAL,B,8000,11.49,0,0.26,N,2
24,79000,RENT,0,MEDICAL,B,8000,11.49,0,0.1,N,2
24,53000,RENT,0,EDUCATION,B,6000,11.49,0,0.11,N,2
24,30000,RENT,8,VENTURE,B,4800,11.49,0,0.16,N,2
24,71000,MORTGAGE,8,EDUCATION,B,3500,11.49,0,0.05,N,2
24,61500,MORTGAGE,8,VENTURE,B,3200,11.49,0,0.05,N,2
24,80000,MORTGAGE,2,MEDICAL,B,2500,11.49,0,0.03,N,2
24,56000,OWN,8,EDUCATION,B,2000,11.49,0,0.04,N,2
24,75000,MORTGAGE,8,PERSONAL,B,1200,11.49,0,0.02,N,2
24,36000,RENT,5,EDUCATION,B,1200,11.49,0,0.03,N,2
24,25000,RENT,2,MEDICAL,B,9000,11.48,1,0.36,N,2
24,60000,RENT,0,HOMEIMPROVEMENT,B,6000,11.48,0,0.1,N,2
24,70000,MORTGAGE,1,VENTURE,B,15000,11.46,0,0.21,N,2
24,73600,MORTGAGE,7,HOMEIMPROVEMENT,B,24000,11.36,0,0.33,N,2
24,71000,MORTGAGE,8,EDUCATION,B,20000,11.36,0,0.28,N,2
24,35000,RENT,8,DEBTCONSOLIDATION,B,19000,11.36,1,0.54,N,2
24,50000,RENT,2,VENTURE,B,15000,11.36,0,0.3,N,2
24,42500,RENT,9,PERSONAL,B,12000,11.36,0,0.28,N,2
24,40000,MORTGAGE,3,MEDICAL,B,10500,11.36,0,0.26,N,2
24,25000,RENT,4,VENTURE,B,10000,11.36,1,0.4,N,2
24,40944,RENT,0,MEDICAL,B,8200,11.36,0,0.2,N,2
24,24000,RENT,0,EDUCATION,B,6500,11.36,0,0.27,N,2
24,65000,OWN,3,PERSONAL,B,6000,11.36,0,0.09,N,2
24,70000,MORTGAGE,8,HOMEIMPROVEMENT,B,4800,11.36,0,0.07,N,2
24,40000,RENT,2,EDUCATION,C,7000,11.34,0,0.17,Y,2
24,40000,RENT,2,EDUCATION,C,7000,11.34,0,0.17,N,2
24,41628,RENT,6,DEBTCONSOLIDATION,C,6000,11.28,1,0.14,Y,2
24,42000,MORTGAGE,2,PERSONAL,C,2000,11.28,0,0.05,N,2
24,24000,RENT,0,MEDICAL,B,1800,11.26,0,0.07,N,2
24,50000,RENT,3,MEDICAL,C,6625,11.22,0,0.13,N,2
24,60000,RENT,0,PERSONAL,B,20000,11.14,1,0.33,N,2
24,70092,MORTGAGE,0,DEBTCONSOLIDATION,B,13950,11.14,0,0.2,N,2
24,41004,RENT,2,DEBTCONSOLIDATION,B,10000,11.14,0,0.24,N,2
24,140000,RENT,0,HOMEIMPROVEMENT,B,10000,11.14,0,0.07,N,2
24,30000,RENT,0,EDUCATION,B,5000,11.14,0,0.17,N,2
24,27000,RENT,0,VENTURE,B,3000,11.14,0,0.11,N,2
24,54400,RENT,4,MEDICAL,B,2500,11.14,1,0.04,N,2
24,62400,RENT,8,HOMEIMPROVEMENT,B,20000,11.12,1,0.32,N,2
24,62400,RENT,8,VENTURE,B,20000,11.12,1,0.32,N,2
24,51000,RENT,6,MEDICAL,B,15000,11.12,0,0.29,N,2
24,50004,OWN,2,MEDICAL,B,10000,11.12,0,0.2,N,2
24,50004,OWN,2,VENTURE,B,10000,11.12,0,0.2,N,2
24,55000,MORTGAGE,3,DEBTCONSOLIDATION,B,3000,11.12,0,0.05,N,2
24,42000,MORTGAGE,8,VENTURE,B,22250,11.11,0,0.53,N,2
24,56533,MORTGAGE,,HOMEIMPROVEMENT,B,20000,11.11,0,0.35,N,2
24,40000,MORTGAGE,6,DEBTCONSOLIDATION,B,5000,11.11,0,0.13,N,2
24,25000,MORTGAGE,1,MEDICAL,B,4000,11.11,0,0.16,N,2
24,77000,MORTGAGE,2,EDUCATION,B,3850,11.11,0,0.05,N,2
24,69000,MORTGAGE,9,DEBTCONSOLIDATION,B,3000,11.11,0,0.04,N,2
24,42765,RENT,9,DEBTCONSOLIDATION,C,18000,11.03,1,0.42,Y,2
24,50000,RENT,2,EDUCATION,C,5000,11.03,0,0.1,Y,2
24,87000,MORTGAGE,7,HOMEIMPROVEMENT,B,25000,10.99,0,0.29,N,2
24,75000,MORTGAGE,6,VENTURE,B,25000,10.99,0,0.33,N,2
24,60000,RENT,0,PERSONAL,B,20000,10.99,1,0.33,N,2
24,74900,MORTGAGE,5,VENTURE,B,18300,10.99,0,0.24,N,2
24,55000,RENT,4,EDUCATION,B,18200,10.99,1,0.33,N,2
24,38000,MORTGAGE,3,DEBTCONSOLIDATION,B,16000,10.99,0,0.42,N,2
24,72000,RENT,4,EDUCATION,B,15000,10.99,0,0.21,N,2
24,145000,MORTGAGE,3,MEDICAL,B,12000,10.99,0,0.08,N,2
24,38400,MORTGAGE,8,HOMEIMPROVEMENT,B,10000,10.99,0,0.26,N,2
24,37157,RENT,4,MEDICAL,B,9500,10.99,0,0.26,N,2
24,90996,MORTGAGE,0,EDUCATION,B,8400,10.99,0,0.09,N,2
24,145000,MORTGAGE,0,PERSONAL,B,7000,10.99,0,0.05,N,2
24,55605,MORTGAGE,8,MEDICAL,B,6500,10.99,0,0.12,N,2
24,29000,RENT,0,DEBTCONSOLIDATION,B,6250,10.99,0,0.22,N,2
24,53800,MORTGAGE,4,DEBTCONSOLIDATION,B,6000,10.99,0,0.11,N,2
24,54000,RENT,3,HOMEIMPROVEMENT,B,6000,10.99,1,0.11,N,2
24,65000,MORTGAGE,1,PERSONAL,B,6000,10.99,0,0.09,N,2
24,38400,RENT,3,MEDICAL,B,5000,10.99,0,0.13,N,2
24,68648,RENT,1,VENTURE,B,5000,10.99,0,0.07,N,2
24,50000,MORTGAGE,5,PERSONAL,B,3500,10.99,0,0.07,N,2
24,40000,MORTGAGE,3,VENTURE,B,3200,10.99,0,0.08,N,2
24,10800,MORTGAGE,8,EDUCATION,B,1750,10.99,1,0.16,N,2
24,69000,MORTGAGE,1,EDUCATION,B,4900,10.96,1,0.07,N,2
24,45000,RENT,2,DEBTCONSOLIDATION,B,4700,10.96,0,0.1,N,2
24,51072,MORTGAGE,8,EDUCATION,B,13000,10.95,0,0.25,N,2
24,25000,RENT,3,MEDICAL,B,3000,10.95,0,0.12,N,2
24,130000,MORTGAGE,2,MEDICAL,B,1250,10.95,0,0.01,N,2
24,61200,MORTGAGE,9,MEDICAL,B,13500,10.83,1,0.19,N,2
24,38000,RENT,8,MEDICAL,B,4500,10.83,0,0.12,N,2
24,121000,MORTGAGE,0,EDUCATION,B,20400,10.75,0,0.17,N,2
24,43000,RENT,3,PERSONAL,B,14500,10.75,1,0.34,N,2
24,67992,MORTGAGE,8,DEBTCONSOLIDATION,B,12000,10.75,0,0.18,N,2
24,51000,OWN,6,VENTURE,B,6000,10.75,0,0.12,N,2
24,135000,MORTGAGE,8,PERSONAL,B,21000,10.74,0,0.16,N,2
24,47000,MORTGAGE,7,MEDICAL,B,15000,10.74,0,0.32,N,2
24,30000,RENT,1,EDUCATION,B,12300,10.74,1,0.41,N,2
24,62000,MORTGAGE,6,HOMEIMPROVEMENT,B,10000,10.74,0,0.16,N,2
24,29000,RENT,1,VENTURE,B,10000,10.74,1,0.34,N,2
24,100000,MORTGAGE,2,EDUCATION,B,7700,10.74,0,0.08,N,2
24,28800,OWN,8,VENTURE,B,6000,10.74,0,0.21,N,2
24,65544,OWN,4,EDUCATION,B,5000,10.74,0,0.08,N,2
24,103641,RENT,8,VENTURE,B,4800,10.74,0,0.05,N,2
24,35256,RENT,2,DEBTCONSOLIDATION,B,3000,10.74,0,0.09,N,2
24,31200,RENT,4,PERSONAL,B,2725,10.74,0,0.09,N,2
24,34300,RENT,4,MEDICAL,B,18500,10.71,1,0.54,N,2
24,39996,RENT,1,MEDICAL,B,16000,10.71,1,0.4,N,2
24,41000,MORTGAGE,1,MEDICAL,B,6600,10.71,1,0.16,N,2
24,30000,MORTGAGE,4,PERSONAL,B,5000,10.71,0,0.17,N,2
24,69500,RENT,8,PERSONAL,B,12000,10.65,0,0.17,N,2
24,36000,OWN,5,PERSONAL,B,8000,10.65,0,0.22,N,2
24,65000,MORTGAGE,8,DEBTCONSOLIDATION,B,6600,10.65,0,0.1,N,2
24,65000,RENT,2,DEBTCONSOLIDATION,B,6400,10.65,0,0.1,N,2
24,60000,MORTGAGE,8,EDUCATION,B,3000,10.65,0,0.05,N,2
24,21000,RENT,2,MEDICAL,B,1800,10.65,0,0.09,N,2
24,70000,MORTGAGE,1,VENTURE,B,25000,10.62,0,0.36,N,2
24,43300,MORTGAGE,2,DEBTCONSOLIDATION,B,24000,10.62,0,0.55,N,2
24,43300,MORTGAGE,2,EDUCATION,B,24000,10.62,0,0.55,N,2
24,46500,RENT,5,EDUCATION,B,20000,10.62,1,0.43,N,2
24,80000,MORTGAGE,8,EDUCATION,B,18000,10.62,0,0.23,N,2
24,70000,RENT,1,HOMEIMPROVEMENT,B,17600,10.62,0,0.25,N,2
24,70000,MORTGAGE,9,DEBTCONSOLIDATION,B,16000,10.62,0,0.23,N,2
24,135000,RENT,8,VENTURE,B,16000,10.62,0,0.12,N,2
24,50000,RENT,8,VENTURE,B,16000,10.62,1,0.32,N,2
24,45000,MORTGAGE,2,HOMEIMPROVEMENT,B,13000,10.62,0,0.29,N,2
24,52582,RENT,5,MEDICAL,B,8500,10.62,0,0.16,N,2
24,58033,RENT,4,VENTURE,B,8000,10.62,0,0.14,N,2
24,22680,RENT,9,VENTURE,B,7000,10.62,1,0.31,N,2
24,48000,RENT,7,PERSONAL,B,5600,10.62,0,0.12,N,2
24,53636,RENT,8,EDUCATION,B,4000,10.62,0,0.07,N,2
24,76000,MORTGAGE,9,DEBTCONSOLIDATION,B,20050,10.59,0,0.26,N,2
24,130000,MORTGAGE,8,DEBTCONSOLIDATION,B,6000,10.59,0,0.05,N,2
24,90000,RENT,0,DEBTCONSOLIDATION,B,5000,10.59,0,0.06,N,2
24,32000,RENT,6,MEDICAL,B,4800,10.59,0,0.15,N,2
24,59500,MORTGAGE,0,EDUCATION,B,4200,10.59,0,0.07,N,2
24,65000,RENT,0,EDUCATION,B,3600,10.59,0,0.06,N,2
24,40000,RENT,0,EDUCATION,B,3600,10.59,0,0.09,N,2
24,51684,RENT,8,PERSONAL,B,3000,10.59,0,0.06,N,2
24,26400,OWN,8,VENTURE,B,3000,10.59,0,0.11,N,2
24,61200,MORTGAGE,5,EDUCATION,B,5100,10.51,0,0.08,N,2
24,27000,MORTGAGE,1,DEBTCONSOLIDATION,B,7500,10.39,0,0.28,N,2
24,91000,MORTGAGE,0,DEBTCONSOLIDATION,B,7500,10.39,0,0.08,N,2
24,38000,RENT,0,DEBTCONSOLIDATION,B,6000,10.39,0,0.16,N,2
24,71000,MORTGAGE,6,EDUCATION,B,5000,10.39,1,0.07,N,2
24,54996,RENT,0,HOMEIMPROVEMENT,B,5000,10.39,0,0.09,N,2
24,45792,RENT,3,DEBTCONSOLIDATION,B,17000,10.38,1,0.37,N,2
24,140000,MORTGAGE,8,MEDICAL,B,16000,10.38,0,0.11,N,2
24,75744,MORTGAGE,2,PERSONAL,B,15000,10.38,0,0.2,N,2
24,34500,RENT,4,MEDICAL,B,12000,10.38,1,0.35,N,2
24,125000,RENT,4,VENTURE,B,11500,10.38,0,0.09,N,2
24,48200,RENT,3,MEDICAL,B,5000,10.38,0,0.1,N,2
24,34800,OWN,8,VENTURE,B,1700,10.38,0,0.05,N,2
24,133300,RENT,6,DEBTCONSOLIDATION,B,25000,10.37,0,0.19,N,2
24,78000,MORTGAGE,3,DEBTCONSOLIDATION,B,20000,10.37,0,0.26,N,2
24,96000,RENT,1,DEBTCONSOLIDATION,B,17400,10.37,0,0.18,N,2
24,28000,OWN,6,HOMEIMPROVEMENT,B,10000,10.37,0,0.36,N,2
24,54000,RENT,5,PERSONAL,B,10000,10.37,1,0.19,N,2
24,30000,RENT,1,PERSONAL,B,3000,10.37,0,0.1,N,2
24,35000,MORTGAGE,8,VENTURE,B,2000,10.37,0,0.06,N,2
24,17616,RENT,,VENTURE,B,2000,10.37,0,0.11,N,2
24,140000,MORTGAGE,8,HOMEIMPROVEMENT,B,25000,10.36,0,0.18,N,2
24,44640,RENT,0,VENTURE,B,10500,10.36,0,0.24,N,2
24,87000,MORTGAGE,5,DEBTCONSOLIDATION,B,10000,10.36,0,0.11,N,2
24,102000,MORTGAGE,6,VENTURE,B,9800,10.36,0,0.1,N,2
24,39500,RENT,0,PERSONAL,B,6400,10.36,0,0.16,N,2
24,53004,MORTGAGE,1,DEBTCONSOLIDATION,B,2400,10.36,0,0.05,N,2
24,53000,RENT,3,HOMEIMPROVEMENT,B,2000,10.36,0,0.04,N,2
24,22000,RENT,3,PERSONAL,B,3000,10.33,0,0.14,N,2
24,97000,MORTGAGE,2,HOMEIMPROVEMENT,C,12000,10.28,0,0.12,N,2
24,82000,RENT,8,VENTURE,B,25000,10.25,0,0.3,N,2
24,80000,RENT,2,MEDICAL,B,24000,10.25,0,0.3,N,2
24,156000,MORTGAGE,8,PERSONAL,B,15000,10.25,0,0.1,N,2
24,66000,MORTGAGE,5,DEBTCONSOLIDATION,B,13000,10.25,0,0.2,N,2
24,65000,RENT,1,HOMEIMPROVEMENT,B,5000,10.25,0,0.08,N,2
24,40000,RENT,8,MEDICAL,B,2800,10.25,0,0.07,N,2
24,10000,RENT,2,DEBTCONSOLIDATION,B,2000,10.25,1,0.2,N,2
24,62677,MORTGAGE,2,MEDICAL,B,6000,10.2,0,0.1,N,2
24,69996,MORTGAGE,6,HOMEIMPROVEMENT,B,5000,10.2,0,0.07,N,2
24,37000,MORTGAGE,4,MEDICAL,B,25000,10.08,0,0.68,N,2
24,125000,MORTGAGE,9,DEBTCONSOLIDATION,B,25000,10,0,0.2,N,2
24,85500,MORTGAGE,8,EDUCATION,B,20675,10,0,0.24,N,2
24,52000,MORTGAGE,8,HOMEIMPROVEMENT,B,15000,10,0,0.29,N,2
24,70000,RENT,2,DEBTCONSOLIDATION,B,13000,10,0,0.19,N,2
24,70000,RENT,2,EDUCATION,B,13000,10,0,0.19,N,2
24,72000,RENT,5,HOMEIMPROVEMENT,B,8000,10,0,0.11,N,2
24,62000,MORTGAGE,8,EDUCATION,B,7750,10,0,0.13,N,2
24,64000,MORTGAGE,8,VENTURE,B,4000,10,0,0.06,N,2
24,32640,RENT,5,EDUCATION,B,2000,10,1,0.06,N,2
24,57000,MORTGAGE,8,HOMEIMPROVEMENT,B,19725,9.99,0,0.35,N,2
24,84000,MORTGAGE,8,EDUCATION,B,18000,9.99,0,0.21,N,2
24,74909,MORTGAGE,8,MEDICAL,B,14000,9.99,1,0.16,N,2
24,60000,MORTGAGE,2,MEDICAL,B,12000,9.99,0,0.2,N,2
24,46000,MORTGAGE,5,EDUCATION,B,10000,9.99,0,0.22,N,2
24,67524,MORTGAGE,4,PERSONAL,B,10000,9.99,1,0.15,N,2
24,50000,RENT,9,DEBTCONSOLIDATION,B,8000,9.99,0,0.16,N,2
24,27168,OWN,5,VENTURE,B,7500,9.99,0,0.28,N,2
24,37000,RENT,2,PERSONAL,B,7000,9.99,0,0.19,N,2
24,33000,RENT,8,MEDICAL,B,6400,9.99,0,0.19,N,2
24,105000,MORTGAGE,8,MEDICAL,B,6000,9.99,0,0.06,N,2
24,72000,MORTGAGE,1,VENTURE,B,6000,9.99,0,0.08,N,2
24,47700,RENT,0,MEDICAL,B,5600,9.99,0,0.12,N,2
24,69600,RENT,8,PERSONAL,B,4900,9.99,0,0.07,N,2
24,48000,MORTGAGE,3,DEBTCONSOLIDATION,B,4800,9.99,0,0.1,N,2
24,73000,RENT,2,MEDICAL,B,4600,9.99,0,0.06,N,2
24,16800,RENT,,DEBTCONSOLIDATION,B,4375,9.99,1,0.26,N,2
24,54000,MORTGAGE,8,PERSONAL,B,4000,9.99,0,0.07,N,2
24,62000,RENT,7,EDUCATION,B,3000,9.99,0,0.05,N,2
24,40000,MORTGAGE,2,HOMEIMPROVEMENT,B,2500,9.99,0,0.06,N,2
24,75000,RENT,2,MEDICAL,B,2000,9.99,0,0.03,N,2
24,88128,MORTGAGE,0,EDUCATION,B,1950,9.99,1,0.02,N,2
24,26000,RENT,3,MEDICAL,B,7850,9.96,0,0.3,N,2
24,66000,RENT,3,EDUCATION,B,25000,9.91,1,0.38,N,2
24,80000,RENT,5,VENTURE,B,12000,9.91,0,0.15,N,2
24,90000,RENT,4,PERSONAL,B,12000,9.91,0,0.13,N,2
24,52000,RENT,2,DEBTCONSOLIDATION,B,10000,9.91,0,0.19,N,2
24,96000,RENT,6,DEBTCONSOLIDATION,B,7000,9.91,0,0.07,N,2
24,100000,MORTGAGE,1,EDUCATION,B,6600,9.91,0,0.07,N,2
24,88000,MORTGAGE,4,MEDICAL,B,6000,9.91,0,0.07,N,2
24,93000,RENT,2,HOMEIMPROVEMENT,B,2100,9.91,1,0.02,N,2
24,70000,RENT,1,HOMEIMPROVEMENT,B,18000,9.88,0,0.26,N,2
24,65000,RENT,8,MEDICAL,B,15000,9.88,0,0.23,N,2
24,40000,MORTGAGE,8,DEBTCONSOLIDATION,B,15000,9.88,0,0.38,N,2
24,50000,RENT,2,HOMEIMPROVEMENT,B,14000,9.88,0,0.28,N,2
24,99000,MORTGAGE,8,EDUCATION,B,12250,9.88,0,0.12,N,2
24,40000,MORTGAGE,8,PERSONAL,B,10000,9.88,0,0.25,N,2
24,70000,RENT,1,EDUCATION,B,10000,9.88,0,0.14,N,2
24,41000,MORTGAGE,3,DEBTCONSOLIDATION,B,9000,9.88,0,0.22,N,2
24,55000,RENT,5,DEBTCONSOLIDATION,B,8500,9.88,0,0.15,N,2
24,40000,RENT,5,EDUCATION,B,8000,9.88,1,0.2,N,2
24,92000,OWN,4,MEDICAL,B,7200,9.88,0,0.08,N,2
24,47480,RENT,8,MEDICAL,B,6900,9.88,0,0.15,N,2
24,13000,RENT,4,PERSONAL,B,4000,9.88,1,0.31,N,2
24,52000,RENT,3,MEDICAL,B,4000,9.88,0,0.08,N,2
24,90000,RENT,1,HOMEIMPROVEMENT,B,19500,9.76,0,0.22,N,2
24,22000,RENT,0,DEBTCONSOLIDATION,B,2500,9.76,0,0.11,N,2
24,120000,MORTGAGE,0,DEBTCONSOLIDATION,A,16000,9.63,0,0.13,N,2
24,120000,MORTGAGE,0,PERSONAL,A,16000,9.63,0,0.13,N,2
24,55032,RENT,8,EDUCATION,A,12000,9.63,0,0.22,N,2
24,60000,RENT,5,MEDICAL,A,12000,9.63,0,0.2,N,2
24,54000,MORTGAGE,9,MEDICAL,A,10000,9.63,1,0.19,N,2
24,60000,MORTGAGE,7,PERSONAL,A,10000,9.63,0,0.17,N,2
24,105000,MORTGAGE,2,MEDICAL,B,9850,9.63,0,0.09,N,2
24,70000,OTHER,4,PERSONAL,A,9000,9.63,0,0.13,N,2
24,37876,RENT,4,MEDICAL,B,8000,9.63,0,0.21,N,2
24,70000,MORTGAGE,8,VENTURE,B,25000,9.62,0,0.36,N,2
24,66996,MORTGAGE,5,EDUCATION,B,10000,9.62,0,0.15,N,2
24,55243,MORTGAGE,6,MEDICAL,B,2900,9.62,1,0.04,N,2
24,79800,RENT,8,HOMEIMPROVEMENT,B,2500,9.62,0,0.03,N,2
24,80000,OWN,8,MEDICAL,B,20000,9.51,0,0.25,N,2
24,62400,RENT,8,EDUCATION,B,15000,9.45,0,0.24,N,2
24,24996,RENT,0,EDUCATION,B,4000,9.45,0,0.16,N,2
24,135000,MORTGAGE,8,EDUCATION,A,12000,9.38,0,0.09,N,2
24,52739,MORTGAGE,8,HOMEIMPROVEMENT,A,8000,9.38,0,0.15,N,2
24,36600,RENT,4,DEBTCONSOLIDATION,B,3000,9.33,0,0.08,N,2
24,50000,MORTGAGE,2,VENTURE,A,12500,9.32,0,0.25,N,2
24,60000,RENT,6,VENTURE,A,10000,9.32,0,0.17,N,2
24,112000,OTHER,4,PERSONAL,A,9000,9.32,0,0.08,N,2
24,25000,MORTGAGE,3,DEBTCONSOLIDATION,A,7000,9.32,0,0.28,N,2
24,189000,MORTGAGE,4,EDUCATION,A,5000,9.32,0,0.03,N,2
24,45000,RENT,4,VENTURE,A,3000,9.32,0,0.07,N,2
24,76597,RENT,5,EDUCATION,B,22000,9.25,0,0.29,N,2
24,30000,RENT,8,PERSONAL,B,8000,9.25,0,0.27,N,2
24,30000,RENT,8,MEDICAL,B,8000,9.25,0,0.27,N,2
24,72000,MORTGAGE,4,MEDICAL,B,5000,9.25,0,0.07,N,2
24,37000,RENT,3,PERSONAL,B,5500,9.2,0,0.15,N,2
24,73000,RENT,1,DEBTCONSOLIDATION,B,5000,9.01,0,0.07,N,2
24,73000,MORTGAGE,7,DEBTCONSOLIDATION,A,14400,8.94,0,0.2,N,2
24,60000,MORTGAGE,6,HOMEIMPROVEMENT,A,14000,8.94,0,0.23,N,2
24,110000,MORTGAGE,7,DEBTCONSOLIDATION,A,12000,8.94,0,0.11,N,2
24,41600,MORTGAGE,0,HOMEIMPROVEMENT,A,10000,8.94,0,0.24,N,2
24,80000,OWN,0,VENTURE,A,5500,8.94,0,0.07,N,2
24,25000,RENT,2,DEBTCONSOLIDATION,A,5000,8.94,1,0.2,N,2
24,18200,RENT,8,EDUCATION,A,4500,8.94,1,0.25,N,2
24,39000,RENT,0,DEBTCONSOLIDATION,A,3250,8.94,1,0.08,N,2
24,20000,OWN,2,HOMEIMPROVEMENT,A,3000,8.94,0,0.15,N,2
24,34000,RENT,3,DEBTCONSOLIDATION,A,1500,8.94,1,0.04,N,2
24,83000,RENT,8,PERSONAL,A,35000,8.9,1,0.42,N,2
24,102000,OWN,5,PERSONAL,A,23800,8.9,0,0.23,N,2
24,50000,MORTGAGE,3,VENTURE,A,15000,8.9,0,0.3,N,2
24,110000,RENT,4,DEBTCONSOLIDATION,A,13000,8.9,0,0.12,N,2
24,65000,RENT,5,DEBTCONSOLIDATION,A,12000,8.9,0,0.18,N,2
24,60000,MORTGAGE,6,DEBTCONSOLIDATION,A,10000,8.9,0,0.17,N,2
24,65000,RENT,0,VENTURE,A,6200,8.9,0,0.1,N,2
24,100000,OWN,4,MEDICAL,A,6000,8.9,0,0.06,N,2
24,19200,RENT,0,DEBTCONSOLIDATION,A,5600,8.9,1,0.29,N,2
24,46000,RENT,0,PERSONAL,A,4800,8.9,0,0.1,N,2
24,51000,RENT,1,DEBTCONSOLIDATION,A,3000,8.9,0,0.06,N,2
24,33600,MORTGAGE,3,PERSONAL,A,2500,8.9,0,0.07,N,2
24,75000,RENT,4,VENTURE,B,20000,8.88,0,0.27,N,2
24,40000,MORTGAGE,4,MEDICAL,B,3500,8.88,0,0.09,N,2
24,24000,RENT,3,VENTURE,B,10000,8.7,1,0.42,N,2
24,44000,RENT,1,EDUCATION,B,4000,8.7,0,0.09,N,2
24,21000,RENT,0,DEBTCONSOLIDATION,A,5000,8.63,0,0.24,N,2
24,42000,MORTGAGE,2,HOMEIMPROVEMENT,A,7000,8.59,0,0.17,N,2
24,80000,MORTGAGE,0,PERSONAL,A,6000,8.59,0,0.07,N,2
24,54870,OWN,3,VENTURE,A,1000,8.59,0,0.02,N,2
24,70399,RENT,0,DEBTCONSOLIDATION,A,1000,8.59,0,0.01,N,2
24,51500,RENT,8,EDUCATION,A,15000,8.49,0,0.29,N,2
24,56000,MORTGAGE,3,EDUCATION,A,15000,8.49,0,0.27,N,2
24,79000,RENT,2,HOMEIMPROVEMENT,A,13800,8.49,0,0.17,N,2
24,62467,RENT,0,HOMEIMPROVEMENT,A,10625,8.49,0,0.17,N,2
24,62467,RENT,0,PERSONAL,A,10625,8.49,0,0.17,N,2
24,108288,MORTGAGE,5,DEBTCONSOLIDATION,A,10000,8.49,0,0.09,N,2
24,65450,RENT,7,DEBTCONSOLIDATION,A,9600,8.49,0,0.15,N,2
24,47300,MORTGAGE,5,PERSONAL,A,9500,8.49,0,0.2,N,2
24,65004,RENT,4,PERSONAL,A,8000,8.49,0,0.12,N,2
24,28800,OWN,,EDUCATION,A,7500,8.49,0,0.26,N,2
24,60000,RENT,2,VENTURE,A,7200,8.49,0,0.12,N,2
24,118000,RENT,5,HOMEIMPROVEMENT,A,7000,8.49,0,0.06,N,2
24,95000,RENT,8,PERSONAL,A,6500,8.49,0,0.07,N,2
24,28800,MORTGAGE,6,DEBTCONSOLIDATION,A,6075,8.49,0,0.21,N,2
24,80000,MORTGAGE,8,HOMEIMPROVEMENT,A,5550,8.49,0,0.07,N,2
24,54000,RENT,0,HOMEIMPROVEMENT,A,4850,8.49,0,0.09,N,2
24,100000,RENT,1,EDUCATION,A,4600,8.49,0,0.05,N,2
24,69600,RENT,2,PERSONAL,A,10000,8.38,0,0.14,N,2
24,30000,RENT,0,PERSONAL,A,10000,8.38,1,0.33,N,2
24,70000,MORTGAGE,9,MEDICAL,A,7500,8.32,0,0.11,N,2
24,52000,MORTGAGE,8,PERSONAL,A,5000,8.32,0,0.1,N,2
24,25000,RENT,3,EDUCATION,A,3000,8.32,0,0.12,N,2
24,54000,RENT,6,DEBTCONSOLIDATION,A,5500,8.07,0,0.1,N,2
24,25000,MORTGAGE,2,DEBTCONSOLIDATION,A,10000,8,0,0.4,N,2
24,55000,MORTGAGE,2,HOMEIMPROVEMENT,A,8000,8,0,0.15,N,2
24,55000,MORTGAGE,2,VENTURE,A,6000,8,0,0.11,N,2
24,44000,RENT,1,MEDICAL,A,6000,8,0,0.14,N,2
24,60400,OWN,5,VENTURE,A,5500,8,0,0.09,N,2
24,13000,RENT,0,DEBTCONSOLIDATION,A,5000,8,1,0.38,N,2
24,15996,OWN,8,EDUCATION,A,4000,8,1,0.25,N,2
24,44000,RENT,1,MEDICAL,A,3200,8,0,0.07,N,2
24,43500,RENT,1,PERSONAL,A,3000,8,0,0.07,N,2
24,30000,MORTGAGE,2,EDUCATION,A,1000,8,0,0.03,N,2
24,112140,RENT,8,MEDICAL,A,21600,7.9,0,0.19,N,2
24,79000,RENT,8,HOMEIMPROVEMENT,A,21000,7.9,0,0.27,N,2
24,42000,MORTGAGE,5,DEBTCONSOLIDATION,A,19200,7.9,0,0.46,N,2
24,73000,RENT,0,HOMEIMPROVEMENT,A,18500,7.9,1,0.25,N,2
24,43000,RENT,9,MEDICAL,A,18000,7.9,1,0.42,N,2
24,80000,MORTGAGE,8,HOMEIMPROVEMENT,A,18000,7.9,0,0.23,N,2
24,72000,MORTGAGE,8,PERSONAL,A,18000,7.9,0,0.25,N,2
24,85000,MORTGAGE,8,VENTURE,A,15000,7.9,0,0.18,N,2
24,90000,RENT,0,DEBTCONSOLIDATION,A,15000,7.9,0,0.17,N,2
24,72000,RENT,8,MEDICAL,A,14000,7.9,0,0.19,N,2
24,30000,RENT,2,DEBTCONSOLIDATION,A,14000,7.9,1,0.47,N,2
24,110000,RENT,5,PERSONAL,A,12000,7.9,0,0.11,N,2
24,100000,RENT,5,HOMEIMPROVEMENT,A,12000,7.9,0,0.12,N,2
24,26000,RENT,5,MEDICAL,A,12000,7.9,1,0.46,N,2
24,38400,RENT,6,DEBTCONSOLIDATION,A,9000,7.9,0,0.23,N,2
24,52800,RENT,2,VENTURE,A,9000,7.9,0,0.17,N,2
24,24000,RENT,1,MEDICAL,A,8500,7.9,1,0.35,N,2
24,64000,RENT,8,HOMEIMPROVEMENT,A,8000,7.9,0,0.13,N,2
24,37200,RENT,8,EDUCATION,A,7200,7.9,0,0.19,N,2
24,27600,OWN,8,PERSONAL,A,7000,7.9,0,0.25,N,2
24,36000,MORTGAGE,5,VENTURE,A,5600,7.9,0,0.16,N,2
24,53000,RENT,5,EDUCATION,A,5100,7.9,0,0.1,N,2
24,55000,RENT,2,DEBTCONSOLIDATION,A,4500,7.9,0,0.08,N,2
24,42000,RENT,9,EDUCATION,A,4200,7.9,0,0.1,N,2
24,60000,MORTGAGE,3,VENTURE,A,20000,7.88,0,0.33,N,2
24,72000,RENT,4,VENTURE,A,18000,7.88,0,0.25,N,2
24,95000,MORTGAGE,3,HOMEIMPROVEMENT,A,18000,7.88,0,0.19,N,2
24,80000,MORTGAGE,6,PERSONAL,A,16000,7.88,0,0.2,N,2
24,102960,MORTGAGE,2,DEBTCONSOLIDATION,A,16000,7.88,0,0.16,N,2
24,91000,MORTGAGE,5,DEBTCONSOLIDATION,A,15000,7.88,0,0.16,N,2
24,110004,RENT,5,MEDICAL,A,14000,7.88,0,0.13,N,2
24,51480,MORTGAGE,7,MEDICAL,A,12000,7.88,0,0.23,N,2
24,42000,RENT,8,DEBTCONSOLIDATION,A,11500,7.88,0,0.27,N,2
24,43000,MORTGAGE,3,PERSONAL,A,11500,7.88,0,0.27,N,2
24,425000,MORTGAGE,8,EDUCATION,A,10000,7.88,0,0.02,N,2
24,120000,RENT,3,MEDICAL,A,10000,7.88,0,0.08,N,2
24,83000,RENT,4,HOMEIMPROVEMENT,A,8300,7.88,0,0.1,N,2
24,142000,OWN,0,VENTURE,A,7500,7.88,0,0.05,N,2
24,69000,MORTGAGE,9,MEDICAL,A,7200,7.88,0,0.1,N,2
24,68000,MORTGAGE,7,EDUCATION,A,6000,7.88,0,0.09,N,2
24,10800,RENT,8,VENTURE,A,5000,7.88,1,0.46,N,2
24,50004,RENT,5,EDUCATION,A,4000,7.88,0,0.08,N,2
24,148000,MORTGAGE,0,EDUCATION,A,4000,7.88,0,0.03,N,2
24,19000,RENT,4,MEDICAL,A,3500,7.88,1,0.18,N,2
24,9600,OWN,2,VENTURE,A,3200,7.88,1,0.33,N,2
24,110000,RENT,8,VENTURE,A,3000,7.88,0,0.03,N,2
24,185000,MORTGAGE,6,MEDICAL,A,3000,7.88,0,0.02,N,2
24,142000,RENT,3,DEBTCONSOLIDATION,A,3000,7.88,0,0.02,N,2
24,26000,MORTGAGE,8,MEDICAL,A,7000,7.74,0,0.27,N,2
24,30300,MORTGAGE,0,MEDICAL,A,5000,7.74,0,0.17,N,2
24,52000,RENT,4,DEBTCONSOLIDATION,A,3500,7.68,0,0.07,N,2
24,58000,MORTGAGE,0,HOMEIMPROVEMENT,A,3500,7.68,0,0.06,N,2
24,23000,RENT,2,EDUCATION,A,1600,7.68,0,0.07,N,2
24,23004,RENT,9,DEBTCONSOLIDATION,A,1500,7.68,0,0.07,N,2
24,105000,RENT,2,VENTURE,A,13800,7.66,0,0.13,N,2
24,42000,RENT,0,MEDICAL,A,12000,7.66,0,0.29,N,2
24,33600,RENT,2,PERSONAL,A,9450,7.66,1,0.28,N,2
24,40560,RENT,5,VENTURE,A,8000,7.66,0,0.2,N,2
24,238000,MORTGAGE,2,DEBTCONSOLIDATION,A,7000,7.66,1,0.03,N,2
24,47000,RENT,3,PERSONAL,A,6000,7.66,0,0.13,N,2
24,37000,RENT,1,DEBTCONSOLIDATION,A,6000,7.66,0,0.16,N,2
24,96500,RENT,0,DEBTCONSOLIDATION,A,6000,7.66,0,0.06,N,2
24,54400,MORTGAGE,8,HOMEIMPROVEMENT,A,3300,7.66,0,0.06,N,2
24,50000,MORTGAGE,8,EDUCATION,A,3000,7.66,0,0.06,N,2
24,46000,MORTGAGE,8,MEDICAL,A,2000,7.66,0,0.04,N,2
24,46000,MORTGAGE,8,PERSONAL,A,2000,7.66,0,0.04,N,2
24,55782,RENT,3,HOMEIMPROVEMENT,A,17000,7.51,0,0.3,N,2
24,100995,MORTGAGE,6,DEBTCONSOLIDATION,A,16000,7.51,0,0.16,N,2
24,75000,MORTGAGE,8,MEDICAL,A,15000,7.51,0,0.2,N,2
24,60000,MORTGAGE,5,DEBTCONSOLIDATION,A,14000,7.51,0,0.23,N,2
24,42996,RENT,2,MEDICAL,A,14000,7.51,1,0.33,N,2
24,32000,RENT,4,MEDICAL,A,12000,7.51,1,0.38,N,2
24,22000,RENT,8,EDUCATION,A,11000,7.51,1,0.5,N,2
24,60629,RENT,7,HOMEIMPROVEMENT,A,10000,7.51,0,0.16,N,2
24,45000,RENT,3,DEBTCONSOLIDATION,A,10000,7.51,0,0.22,N,2
24,65000,MORTGAGE,1,EDUCATION,A,8500,7.51,0,0.13,N,2
24,84000,MORTGAGE,8,HOMEIMPROVEMENT,A,8000,7.51,0,0.1,N,2
24,45000,RENT,3,PERSONAL,A,7800,7.51,0,0.17,N,2
24,110000,RENT,1,MEDICAL,A,7000,7.51,0,0.06,N,2
24,60000,RENT,0,VENTURE,A,6800,7.51,0,0.11,N,2
24,24000,RENT,4,DEBTCONSOLIDATION,A,5000,7.51,0,0.21,N,2
24,42500,MORTGAGE,5,PERSONAL,A,4800,7.51,0,0.11,N,2
24,106000,MORTGAGE,8,DEBTCONSOLIDATION,A,4575,7.51,0,0.04,N,2
24,51500,MORTGAGE,6,MEDICAL,A,4000,7.51,0,0.08,N,2
24,65000,MORTGAGE,8,EDUCATION,A,3300,7.51,0,0.05,N,2
24,42000,OWN,7,MEDICAL,A,3000,7.51,0,0.07,N,2
24,63554,MORTGAGE,,DEBTCONSOLIDATION,A,2500,7.51,0,0.04,N,2
24,30000,RENT,0,EDUCATION,A,1000,7.51,0,0.03,N,2
24,135000,MORTGAGE,4,MEDICAL,A,25000,7.49,0,0.19,N,2
24,60000,MORTGAGE,8,MEDICAL,A,17000,7.49,0,0.28,N,2
24,44000,RENT,8,MEDICAL,A,16000,7.49,1,0.36,N,2
24,105804,MORTGAGE,8,EDUCATION,A,15000,7.49,0,0.14,N,2
24,40000,MORTGAGE,5,HOMEIMPROVEMENT,A,15000,7.49,0,0.38,N,2
24,100000,RENT,4,MEDICAL,A,15000,7.49,0,0.15,N,2
24,71040,RENT,1,VENTURE,A,13100,7.49,0,0.18,N,2
24,54000,MORTGAGE,8,PERSONAL,A,13000,7.49,0,0.24,N,2
24,98000,OWN,8,VENTURE,A,12000,7.49,0,0.12,N,2
24,98000,OWN,8,VENTURE,A,12000,7.49,0,0.12,N,2
24,113000,RENT,4,DEBTCONSOLIDATION,A,12000,7.49,0,0.11,N,2
24,45000,OWN,4,VENTURE,A,11000,7.49,0,0.24,N,2
24,141000,OWN,8,PERSONAL,A,10000,7.49,0,0.07,N,2
24,141000,OWN,8,EDUCATION,A,10000,7.49,0,0.07,N,2
24,50000,RENT,3,PERSONAL,A,10000,7.49,0,0.2,N,2
24,44000,RENT,2,PERSONAL,A,10000,7.49,0,0.23,N,2
24,26400,OWN,4,VENTURE,A,9600,7.49,0,0.36,N,2
24,48800,MORTGAGE,7,DEBTCONSOLIDATION,A,9000,7.49,0,0.18,N,2
24,69996,RENT,5,VENTURE,A,7500,7.49,0,0.11,N,2
24,25200,RENT,6,MEDICAL,A,6000,7.49,0,0.24,N,2
24,72000,MORTGAGE,2,HOMEIMPROVEMENT,A,6000,7.49,0,0.08,N,2
24,44582,MORTGAGE,8,PERSONAL,A,5600,7.49,0,0.13,N,2
24,30996,RENT,2,MEDICAL,A,5600,7.49,0,0.18,N,2
24,58000,RENT,5,MEDICAL,A,5000,7.49,0,0.09,N,2
24,50000,RENT,1,HOMEIMPROVEMENT,A,5000,7.49,0,0.1,N,2
24,45840,RENT,2,DEBTCONSOLIDATION,A,4800,7.49,0,0.1,N,2
24,24000,OWN,1,EDUCATION,A,2400,7.49,0,0.1,N,2
24,107203,MORTGAGE,8,PERSONAL,A,6000,7.4,0,0.06,N,2
24,52000,OWN,8,PERSONAL,A,5000,7.4,0,0.1,N,2
24,85000,MORTGAGE,1,DEBTCONSOLIDATION,A,4400,7.4,0,0.05,N,2
24,49600,MORTGAGE,8,HOMEIMPROVEMENT,A,2500,7.4,0,0.05,N,2
24,39996,OWN,0,PERSONAL,A,3000,7.37,0,0.08,N,2
24,40000,OWN,4,MEDICAL,A,1000,7.37,0,0.03,N,2
24,44000,OWN,8,VENTURE,A,14500,7.29,0,0.33,N,2
24,60000,MORTGAGE,8,MEDICAL,A,13000,7.29,0,0.22,N,2
24,86400,MORTGAGE,2,DEBTCONSOLIDATION,A,12200,7.29,0,0.14,N,2
24,32000,RENT,1,MEDICAL,A,12000,7.29,1,0.38,N,2
24,56000,RENT,6,PERSONAL,A,9000,7.29,0,0.16,N,2
24,37648,RENT,0,MEDICAL,A,8000,7.29,0,0.21,N,2
24,52000,RENT,2,MEDICAL,A,5600,7.29,0,0.11,N,2
24,32700,OWN,8,EDUCATION,A,4200,7.29,0,0.13,N,2
24,36000,RENT,1,DEBTCONSOLIDATION,A,3600,7.29,0,0.1,N,2
24,41000,MORTGAGE,3,VENTURE,A,2500,7.29,0,0.06,N,2
24,50000,MORTGAGE,8,HOMEIMPROVEMENT,A,9000,7.14,0,0.18,N,2
24,37000,RENT,5,VENTURE,A,9000,7.14,0,0.24,N,2
24,60000,MORTGAGE,5,DEBTCONSOLIDATION,A,7000,7.14,0,0.12,N,2
24,75200,OWN,5,EDUCATION,A,6500,7.14,0,0.09,N,2
24,20000,RENT,8,VENTURE,A,6000,7.14,0,0.3,N,2
24,40113,MORTGAGE,6,HOMEIMPROVEMENT,A,5000,7.14,0,0.12,N,2
24,25000,RENT,3,VENTURE,A,5000,7.14,0,0.2,N,2
24,60000,MORTGAGE,,MEDICAL,A,5000,7.14,0,0.08,N,2
24,72096,RENT,2,HOMEIMPROVEMENT,A,4800,7.14,0,0.07,N,2
24,54100,RENT,5,VENTURE,A,4500,7.14,0,0.08,N,2
24,45000,MORTGAGE,8,HOMEIMPROVEMENT,A,4200,7.14,0,0.09,N,2
24,40000,MORTGAGE,8,MEDICAL,A,4000,7.14,0,0.1,N,2
24,51000,MORTGAGE,5,HOMEIMPROVEMENT,A,3600,7.14,0,0.07,N,2
24,35000,RENT,0,MEDICAL,A,1800,7.14,0,0.05,N,2
24,35000,RENT,4,EDUCATION,A,1850,7.12,0,0.05,N,2
24,54000,MORTGAGE,8,DEBTCONSOLIDATION,A,3000,7.05,0,0.06,N,2
24,46800,MORTGAGE,6,DEBTCONSOLIDATION,A,12000,6.99,0,0.26,N,2
24,48852,MORTGAGE,4,VENTURE,A,10300,6.99,0,0.21,N,2
24,255000,MORTGAGE,9,EDUCATION,A,9600,6.99,0,0.04,N,2
24,66766,MORTGAGE,,HOMEIMPROVEMENT,A,9000,6.99,0,0.13,N,2
24,113676,MORTGAGE,8,EDUCATION,A,7200,6.99,0,0.06,N,2
24,73440,MORTGAGE,7,EDUCATION,A,7000,6.99,0,0.1,N,2
24,65000,OWN,8,PERSONAL,A,6000,6.99,0,0.09,N,2
24,35000,RENT,8,PERSONAL,A,4250,6.99,0,0.12,N,2
24,35000,RENT,7,EDUCATION,A,3500,6.99,0,0.1,N,2
24,80000,MORTGAGE,4,VENTURE,A,3000,6.99,0,0.04,N,2
24,57000,RENT,0,PERSONAL,A,13500,6.92,0,0.24,N,2
24,100000,MORTGAGE,8,HOMEIMPROVEMENT,A,12000,6.92,0,0.12,N,2
24,12480,RENT,1,VENTURE,A,7350,6.92,1,0.59,N,2
24,70000,RENT,8,VENTURE,A,7125,6.92,0,0.1,N,2
24,53000,MORTGAGE,8,VENTURE,A,6850,6.92,0,0.13,N,2
24,135000,MORTGAGE,0,EDUCATION,A,6000,6.92,0,0.04,N,2
24,35000,MORTGAGE,3,VENTURE,A,3600,6.92,0,0.1,N,2
24,12000,RENT,4,MEDICAL,A,2400,6.92,1,0.2,N,2
24,55000,RENT,8,HOMEIMPROVEMENT,A,20000,6.91,1,0.36,N,2
24,85000,RENT,0,EDUCATION,A,16000,6.91,0,0.19,N,2
24,37200,MORTGAGE,5,PERSONAL,A,13000,6.91,0,0.35,N,2
24,84000,RENT,1,PERSONAL,A,12000,6.91,0,0.14,N,2
24,84000,RENT,1,MEDICAL,A,12000,6.91,0,0.14,N,2
24,85000,RENT,1,MEDICAL,A,11000,6.91,0,0.13,N,2
24,47230,RENT,8,VENTURE,A,10950,6.91,0,0.23,N,2
24,45600,MORTGAGE,0,EDUCATION,A,7200,6.91,0,0.16,N,2
24,32000,MORTGAGE,7,VENTURE,A,4500,6.76,0,0.14,N,2
24,25000,RENT,0,EDUCATION,A,4400,6.76,0,0.18,N,2
24,54000,RENT,3,EDUCATION,A,4025,6.76,0,0.07,N,2
24,53000,OWN,8,MEDICAL,A,3350,6.76,0,0.06,N,2
24,29200,MORTGAGE,6,PERSONAL,A,2500,6.76,0,0.09,N,2
24,29200,MORTGAGE,6,DEBTCONSOLIDATION,A,2500,6.76,0,0.09,N,2
24,80000,RENT,6,EDUCATION,A,25000,6.62,1,0.31,N,2
24,75000,MORTGAGE,3,VENTURE,A,16000,6.62,0,0.21,N,2
24,55000,RENT,3,EDUCATION,A,14500,6.62,0,0.26,N,2
24,80000,MORTGAGE,7,VENTURE,A,12000,6.62,0,0.15,N,2
24,75000,RENT,0,VENTURE,A,12000,6.62,0,0.16,N,2
24,75000,RENT,4,VENTURE,A,10000,6.62,0,0.13,N,2
24,80004,RENT,3,EDUCATION,A,10000,6.62,0,0.12,N,2
24,43000,MORTGAGE,8,DEBTCONSOLIDATION,A,9500,6.62,0,0.22,N,2
24,42000,OWN,8,HOMEIMPROVEMENT,A,8000,6.62,0,0.19,N,2
24,112000,RENT,8,HOMEIMPROVEMENT,A,6400,6.62,0,0.06,N,2
24,130000,MORTGAGE,8,VENTURE,A,6000,6.62,0,0.05,N,2
24,40000,RENT,0,EDUCATION,A,4850,6.62,0,0.12,N,2
24,39456,OWN,8,PERSONAL,A,1325,6.62,0,0.03,N,2
24,48000,RENT,5,PERSONAL,A,18000,6.54,1,0.38,N,2
24,60000,RENT,8,EDUCATION,A,16800,6.54,0,0.28,N,2
24,100000,MORTGAGE,4,VENTURE,A,16000,6.54,0,0.16,N,2
24,63000,RENT,1,HOMEIMPROVEMENT,A,15675,6.54,0,0.25,N,2
24,35000,RENT,1,VENTURE,A,12000,6.54,1,0.34,N,2
24,35000,RENT,1,DEBTCONSOLIDATION,A,12000,6.54,1,0.34,N,2
24,60000,RENT,4,MEDICAL,A,10000,6.54,0,0.17,N,2
24,62400,MORTGAGE,3,EDUCATION,A,9500,6.54,0,0.15,N,2
24,50000,RENT,6,MEDICAL,A,5000,6.54,0,0.1,N,2
24,61800,MORTGAGE,0,MEDICAL,A,1500,6.54,0,0.02,N,2
24,74900,MORTGAGE,8,VENTURE,A,3500,6.39,0,0.05,N,2
24,36000,MORTGAGE,8,VENTURE,A,3250,6.39,0,0.09,N,2
24,65000,RENT,5,PERSONAL,A,15000,6.17,0,0.23,N,2
24,96900,MORTGAGE,8,DEBTCONSOLIDATION,A,9300,6.17,0,0.1,N,2
24,40000,RENT,2,PERSONAL,A,8000,6.17,0,0.2,N,2
24,30000,MORTGAGE,,HOMEIMPROVEMENT,A,8000,6.17,0,0.27,N,2
24,110000,MORTGAGE,8,PERSONAL,A,7500,6.17,0,0.07,N,2
24,50000,MORTGAGE,5,PERSONAL,A,6000,6.17,0,0.12,N,2
24,120000,RENT,0,VENTURE,A,5775,6.17,0,0.05,N,2
24,40000,RENT,6,EDUCATION,A,5000,6.17,0,0.13,N,2
24,75000,MORTGAGE,4,HOMEIMPROVEMENT,A,15000,6.03,0,0.2,N,2
24,115000,MORTGAGE,3,VENTURE,A,15000,6.03,0,0.13,N,2
24,40000,RENT,4,MEDICAL,A,14000,6.03,1,0.35,N,2
24,99000,MORTGAGE,8,DEBTCONSOLIDATION,A,12000,6.03,0,0.12,N,2
24,76000,MORTGAGE,8,PERSONAL,A,12000,6.03,0,0.16,N,2
24,72000,MORTGAGE,8,PERSONAL,A,12000,6.03,0,0.17,N,2
24,128000,MORTGAGE,4,EDUCATION,A,12000,6.03,0,0.09,N,2
24,135000,MORTGAGE,5,HOMEIMPROVEMENT,A,8800,6.03,0,0.07,N,2
24,53000,MORTGAGE,8,HOMEIMPROVEMENT,A,8000,6.03,0,0.15,N,2
24,35000,RENT,8,EDUCATION,A,8000,6.03,0,0.23,N,2
24,62000,MORTGAGE,8,PERSONAL,A,5875,6.03,0,0.09,N,2
24,87000,MORTGAGE,1,VENTURE,A,4000,6.03,0,0.05,N,2
24,73000,RENT,6,DEBTCONSOLIDATION,D,12500,6,1,0.17,N,2
24,56000,MORTGAGE,5,MEDICAL,A,17400,5.99,0,0.31,N,2
24,85000,MORTGAGE,7,VENTURE,A,12000,5.99,0,0.14,N,2
24,75000,MORTGAGE,5,HOMEIMPROVEMENT,A,12000,5.99,0,0.16,N,2
24,96000,MORTGAGE,8,HOMEIMPROVEMENT,A,11000,5.99,0,0.11,N,2
24,67000,MORTGAGE,9,EDUCATION,A,10400,5.99,0,0.16,N,2
24,45336,MORTGAGE,8,MEDICAL,A,10000,5.99,0,0.22,N,2
24,108000,MORTGAGE,4,PERSONAL,A,10000,5.99,0,0.09,N,2
24,100000,MORTGAGE,3,EDUCATION,A,10000,5.99,0,0.1,N,2
24,65000,MORTGAGE,3,EDUCATION,A,8000,5.99,0,0.12,N,2
24,75600,MORTGAGE,5,VENTURE,A,7200,5.99,0,0.1,N,2
24,35000,RENT,9,PERSONAL,A,7000,5.99,0,0.2,N,2
24,48000,MORTGAGE,4,EDUCATION,A,5000,5.99,0,0.1,N,2
24,30000,RENT,2,VENTURE,A,4000,5.99,0,0.13,N,2
24,30000,RENT,0,MEDICAL,A,3500,5.99,0,0.12,N,2
24,87600,MORTGAGE,8,EDUCATION,A,3000,5.99,0,0.03,N,2
24,35556,OWN,9,EDUCATION,A,13000,5.79,0,0.37,N,2
24,80400,MORTGAGE,5,PERSONAL,A,12000,5.79,0,0.15,N,2
24,65000,MORTGAGE,8,MEDICAL,A,10000,5.79,0,0.15,N,2
24,55000,MORTGAGE,8,HOMEIMPROVEMENT,A,10000,5.79,0,0.18,N,2
24,43000,RENT,8,EDUCATION,A,10000,5.79,0,0.23,N,2
24,40000,RENT,0,MEDICAL,A,10000,5.79,0,0.25,N,2
24,52000,MORTGAGE,6,VENTURE,A,9000,5.79,0,0.17,N,2
24,30000,RENT,8,EDUCATION,A,7500,5.79,0,0.25,N,2
24,100000,MORTGAGE,8,VENTURE,A,6000,5.79,0,0.06,N,2
24,62500,MORTGAGE,2,VENTURE,A,6000,5.79,0,0.1,N,2
24,45000,MORTGAGE,8,EDUCATION,A,5000,5.79,0,0.11,N,2
24,98000,MORTGAGE,,MEDICAL,A,5000,5.79,0,0.05,N,2
24,44000,MORTGAGE,,MEDICAL,A,3600,5.79,0,0.08,N,2
24,50000,RENT,0,DEBTCONSOLIDATION,A,2800,5.79,0,0.06,N,2
24,64000,MORTGAGE,8,PERSONAL,A,14500,5.42,1,0.23,N,2
24,148000,RENT,8,HOMEIMPROVEMENT,A,14000,5.42,0,0.09,N,2
24,50000,MORTGAGE,8,MEDICAL,A,12000,5.42,0,0.24,N,2
24,87278,MORTGAGE,3,VENTURE,A,12000,5.42,0,0.14,N,2
24,72000,MORTGAGE,1,PERSONAL,A,12000,5.42,0,0.17,N,2
24,33600,MORTGAGE,,VENTURE,A,12000,5.42,0,0.36,N,2
24,75000,MORTGAGE,9,HOMEIMPROVEMENT,A,11500,5.42,0,0.15,N,2
24,100000,RENT,6,VENTURE,A,11000,5.42,0,0.11,N,2
24,54000,MORTGAGE,5,VENTURE,A,11000,5.42,0,0.2,N,2
24,54000,MORTGAGE,5,PERSONAL,A,11000,5.42,0,0.2,N,2
24,43680,RENT,1,VENTURE,A,10800,5.42,0,0.25,N,2
24,55000,RENT,5,HOMEIMPROVEMENT,A,10000,5.42,0,0.18,N,2
24,108000,MORTGAGE,3,EDUCATION,A,9050,5.42,0,0.08,N,2
24,21600,MORTGAGE,8,MEDICAL,A,8000,5.42,0,0.37,N,2
24,80000,RENT,6,VENTURE,A,7250,5.42,0,0.09,N,2
24,73000,MORTGAGE,4,EDUCATION,A,6500,5.42,0,0.09,N,2
24,36000,OWN,,EDUCATION,A,6500,5.42,0,0.18,N,2
24,70000,OWN,,PERSONAL,A,6000,5.42,0,0.09,N,2
24,70000,OWN,,EDUCATION,A,6000,5.42,0,0.09,N,2
24,118000,MORTGAGE,8,HOMEIMPROVEMENT,A,5000,5.42,0,0.04,N,2
24,42000,RENT,8,MEDICAL,A,5000,5.42,0,0.12,N,2
24,31000,MORTGAGE,8,EDUCATION,A,5000,5.42,0,0.16,N,2
24,190000,MORTGAGE,6,PERSONAL,A,5000,5.42,0,0.03,N,2
24,93000,RENT,8,MEDICAL,A,4000,5.42,0,0.04,N,2
24,54000,MORTGAGE,5,VENTURE,A,4000,5.42,0,0.07,N,2
24,60000,MORTGAGE,3,EDUCATION,A,4000,5.42,0,0.07,N,2
24,40000,RENT,3,DEBTCONSOLIDATION,A,4000,5.42,0,0.1,N,2
24,34600,MORTGAGE,2,DEBTCONSOLIDATION,A,4000,5.42,0,0.12,N,2
24,65000,RENT,1,MEDICAL,A,4000,5.42,0,0.06,N,2
24,50000,RENT,1,HOMEIMPROVEMENT,A,4000,5.42,0,0.08,N,2
24,93600,MORTGAGE,,MEDICAL,A,3600,5.42,0,0.04,N,2
24,50112,OWN,,PERSONAL,A,1000,5.42,0,0.02,N,2
24,85000,MORTGAGE,8,PERSONAL,A,35000,,0,0.41,N,2
24,69000,RENT,2,HOMEIMPROVEMENT,A,27600,,1,0.4,N,2
24,73399,RENT,0,EDUCATION,D,27000,,1,0.37,N,2
24,150000,MORTGAGE,8,EDUCATION,B,25000,,0,0.17,N,2
24,70000,MORTGAGE,7,MEDICAL,B,25000,,0,0.36,N,2
24,83004,MORTGAGE,6,DEBTCONSOLIDATION,B,25000,,0,0.3,N,2
24,60000,RENT,2,DEBTCONSOLIDATION,E,25000,,1,0.42,Y,2
24,83300,RENT,0,MEDICAL,D,25000,,1,0.26,N,2
24,80000,MORTGAGE,0,MEDICAL,C,25000,,0,0.31,Y,2
24,88494,OWN,8,MEDICAL,B,24000,,0,0.27,N,2
24,43896,RENT,8,HOMEIMPROVEMENT,B,23975,,1,0.55,N,2
24,130000,OWN,8,VENTURE,B,22800,,0,0.18,N,2
24,192000,RENT,0,MEDICAL,C,22000,,0,0.11,Y,2
24,45000,RENT,8,MEDICAL,E,20000,,1,0.44,N,2
24,130000,MORTGAGE,8,EDUCATION,A,18500,,0,0.14,N,2
24,43200,MORTGAGE,3,HOMEIMPROVEMENT,C,16000,,0,0.37,Y,2
24,75000,OWN,8,EDUCATION,B,15000,,0,0.2,N,2
24,87000,MORTGAGE,7,VENTURE,B,15000,,0,0.17,N,2
24,42900,RENT,5,VENTURE,A,15000,,1,0.35,N,2
24,53000,MORTGAGE,4,VENTURE,A,15000,,0,0.28,N,2
24,150000,MORTGAGE,3,MEDICAL,C,15000,,0,0.1,N,2
24,85100,RENT,3,EDUCATION,C,15000,,0,0.18,Y,2
24,55000,RENT,2,PERSONAL,A,15000,,0,0.27,N,2
24,78000,MORTGAGE,0,PERSONAL,B,15000,,1,0.19,N,2
24,87663,MORTGAGE,5,HOMEIMPROVEMENT,B,14400,,0,0.16,N,2
24,50000,RENT,4,DEBTCONSOLIDATION,A,14400,,0,0.29,N,2
24,60000,MORTGAGE,8,DEBTCONSOLIDATION,C,14000,,0,0.23,N,2
24,33000,OWN,7,VENTURE,A,14000,,0,0.42,N,2
24,95000,RENT,5,VENTURE,B,14000,,0,0.15,N,2
24,46540,RENT,5,VENTURE,D,13000,,0,0.28,Y,2
24,65004,RENT,0,VENTURE,B,13000,,0,0.2,N,2
24,56000,MORTGAGE,8,EDUCATION,A,12000,,0,0.21,N,2
24,69996,MORTGAGE,5,VENTURE,A,12000,,0,0.17,N,2
24,126000,MORTGAGE,7,MEDICAL,C,11800,,0,0.09,Y,2
24,68298,RENT,3,VENTURE,A,11500,,0,0.17,N,2
24,43000,RENT,3,MEDICAL,A,11400,,0,0.27,N,2
24,37000,RENT,8,MEDICAL,D,10500,,0,0.28,N,2
24,35004,RENT,9,PERSONAL,E,10400,,0,0.3,N,2
24,80000,MORTGAGE,9,MEDICAL,A,10000,,0,0.13,N,2
24,95000,RENT,8,DEBTCONSOLIDATION,A,10000,,0,0.11,N,2
24,90000,RENT,8,HOMEIMPROVEMENT,B,10000,,0,0.11,N,2
24,37000,MORTGAGE,8,HOMEIMPROVEMENT,B,10000,,1,0.27,N,2
24,27000,MORTGAGE,7,EDUCATION,B,10000,,0,0.37,N,2
24,69996,OWN,4,MEDICAL,A,10000,,0,0.14,N,2
24,28932,MORTGAGE,4,PERSONAL,C,10000,,0,0.35,Y,2
24,40000,RENT,3,VENTURE,A,10000,,0,0.25,N,2
24,40000,RENT,3,MEDICAL,A,10000,,0,0.25,N,2
24,27600,OWN,2,MEDICAL,D,10000,,0,0.36,N,2
24,60000,RENT,1,EDUCATION,B,10000,,0,0.17,N,2
24,35000,RENT,1,MEDICAL,B,10000,,0,0.29,N,2
24,90000,RENT,0,DEBTCONSOLIDATION,A,10000,,0,0.11,N,2
24,50500,RENT,7,HOMEIMPROVEMENT,A,9600,,0,0.19,N,2
24,38000,OWN,2,EDUCATION,A,9600,,0,0.25,N,2
24,54996,RENT,6,MEDICAL,B,9100,,0,0.17,N,2
24,80000,MORTGAGE,8,PERSONAL,A,9000,,0,0.11,N,2
24,56000,RENT,8,HOMEIMPROVEMENT,D,9000,,0,0.16,Y,2
24,58800,RENT,4,EDUCATION,A,9000,,0,0.15,N,2
24,72000,MORTGAGE,0,EDUCATION,B,9000,,0,0.13,N,2
24,28800,RENT,2,PERSONAL,B,8875,,1,0.31,N,2
24,28800,RENT,1,DEBTCONSOLIDATION,A,8500,,0,0.3,N,2
24,66000,RENT,0,HOMEIMPROVEMENT,A,8400,,0,0.13,N,2
24,85000,RENT,6,HOMEIMPROVEMENT,A,8100,,0,0.1,N,2
24,90730,MORTGAGE,6,HOMEIMPROVEMENT,B,8000,,0,0.09,N,2
24,28800,RENT,5,MEDICAL,A,8000,,0,0.28,N,2
24,39000,RENT,4,DEBTCONSOLIDATION,C,8000,,1,0.21,N,2
24,39000,RENT,4,HOMEIMPROVEMENT,C,8000,,1,0.21,N,2
24,30000,RENT,3,MEDICAL,E,8000,,0,0.27,Y,2
24,40000,RENT,1,MEDICAL,A,7800,,0,0.2,N,2
24,35000,MORTGAGE,,MEDICAL,B,7775,,0,0.22,N,2
24,30000,RENT,6,EDUCATION,E,7750,,0,0.26,Y,2
24,33000,RENT,2,VENTURE,F,7750,,1,0.23,N,2
24,85000,MORTGAGE,2,HOMEIMPROVEMENT,B,7500,,0,0.09,N,2
24,35004,RENT,6,MEDICAL,D,7200,,0,0.21,N,2
24,57600,MORTGAGE,9,VENTURE,B,6500,,0,0.11,N,2
24,73000,RENT,2,PERSONAL,A,6500,,0,0.09,N,2
24,62000,MORTGAGE,7,PERSONAL,A,6200,,0,0.1,N,2
24,65000,RENT,3,MEDICAL,A,6000,,0,0.09,N,2
24,68000,MORTGAGE,1,VENTURE,A,6000,,0,0.09,N,2
24,150000,RENT,8,PERSONAL,B,5000,,0,0.03,N,2
24,60996,RENT,8,HOMEIMPROVEMENT,A,5000,,0,0.08,N,2
24,23000,RENT,1,PERSONAL,C,5000,,0,0.22,Y,2
24,105000,RENT,5,HOMEIMPROVEMENT,C,4800,,0,0.05,Y,2
24,52000,MORTGAGE,2,MEDICAL,A,4800,,0,0.09,N,2
24,30000,RENT,0,MEDICAL,C,4600,,0,0.15,Y,2
24,14400,RENT,0,DEBTCONSOLIDATION,B,4375,,1,0.3,N,2
24,16000,RENT,2,EDUCATION,D,4200,,1,0.26,N,2
24,114000,MORTGAGE,8,VENTURE,B,4000,,0,0.04,N,2
24,74448,MORTGAGE,8,EDUCATION,A,4000,,0,0.05,N,2
24,45000,MORTGAGE,8,PERSONAL,A,4000,,0,0.09,N,2
24,28000,RENT,8,MEDICAL,A,4000,,0,0.14,N,2
24,67200,RENT,5,HOMEIMPROVEMENT,D,4000,,0,0.06,Y,2
24,50000,MORTGAGE,4,MEDICAL,A,4000,,0,0.08,N,2
24,21948,MORTGAGE,2,VENTURE,D,4000,,0,0.18,N,2
24,16800,MORTGAGE,,EDUCATION,A,3900,,1,0.23,N,2
24,14400,RENT,,MEDICAL,D,3825,,1,0.27,N,2
24,45000,MORTGAGE,0,VENTURE,A,3600,,0,0.08,N,2
24,40000,RENT,0,VENTURE,B,3500,,0,0.09,N,2
24,60000,RENT,5,HOMEIMPROVEMENT,D,3400,,0,0.06,N,2
24,81100,MORTGAGE,8,PERSONAL,B,3200,,0,0.04,N,2
24,72000,MORTGAGE,7,PERSONAL,A,3000,,0,0.04,N,2
24,26400,RENT,7,MEDICAL,A,3000,,0,0.11,N,2
24,52000,RENT,3,MEDICAL,A,3000,,0,0.06,N,2
24,50000,RENT,3,MEDICAL,C,3000,,1,0.06,N,2
24,16000,RENT,2,HOMEIMPROVEMENT,C,2600,,1,0.16,Y,2
24,49200,MORTGAGE,8,MEDICAL,E,2500,,1,0.05,N,2
24,72000,MORTGAGE,4,VENTURE,C,2100,,0,0.03,Y,2
24,50000,RENT,8,HOMEIMPROVEMENT,D,2000,,0,0.04,N,2
24,37200,RENT,3,VENTURE,D,2000,,1,0.05,N,2
24,34860,RENT,0,VENTURE,B,2000,,0,0.06,N,2
24,23000,RENT,2,EDUCATION,C,1600,,0,0.07,Y,2
24,50400,RENT,8,DEBTCONSOLIDATION,A,1500,,0,0.03,N,2
24,45000,MORTGAGE,4,MEDICAL,A,1500,,0,0.03,N,2
24,39000,MORTGAGE,8,VENTURE,A,1200,,0,0.03,N,2
24,6000,RENT,0,PERSONAL,A,1050,,1,0.17,N,2
24,7000,RENT,2,MEDICAL,C,1000,,0,0.14,N,2
23,56000,RENT,8,MEDICAL,G,21600,21.21,1,0.39,Y,4
23,113000,MORTGAGE,0,VENTURE,G,19750,21.21,1,0.17,N,4
23,92111,RENT,7,MEDICAL,F,35000,20.25,1,0.32,N,4
23,80000,OWN,2,EDUCATION,F,6000,19.13,0,0.07,Y,4
23,55365,MORTGAGE,4,PERSONAL,F,25000,19.04,1,0.45,N,4
23,70550,RENT,3,MEDICAL,F,25000,19.04,1,0.3,Y,4
23,95000,MORTGAGE,7,PERSONAL,F,25000,18.78,0,0.26,N,4
23,29000,OWN,,EDUCATION,F,10000,18.62,1,0.34,N,4
23,135000,MORTGAGE,8,EDUCATION,F,10000,18.43,0,0.07,N,4
23,113000,RENT,8,DEBTCONSOLIDATION,D,35000,18.25,1,0.31,N,4
23,20400,RENT,4,EDUCATION,D,1200,18.25,1,0.06,N,4
23,51000,RENT,3,DEBTCONSOLIDATION,E,12000,17.99,1,0.24,Y,4
23,49000,MORTGAGE,4,VENTURE,E,11400,17.99,1,0.23,Y,4
23,39000,RENT,0,PERSONAL,E,4800,17.99,1,0.12,N,4
23,54000,RENT,4,EDUCATION,E,10000,17.93,1,0.19,Y,4
23,27996,RENT,0,HOMEIMPROVEMENT,D,8000,17.58,1,0.29,Y,4
23,25279,RENT,7,PERSONAL,D,7125,17.58,0,0.28,Y,4
23,51996,RENT,0,HOMEIMPROVEMENT,F,3400,17.58,1,0.07,N,4
23,83000,RENT,0,EDUCATION,E,14000,17.51,1,0.17,Y,4
23,36000,RENT,4,MEDICAL,D,6500,17.49,1,0.18,Y,4
23,83000,RENT,2,DEBTCONSOLIDATION,D,12000,17.27,1,0.14,Y,4
23,32004,OWN,0,EDUCATION,E,9250,17.19,0,0.29,N,4
23,91000,MORTGAGE,4,VENTURE,E,8000,17.19,0,0.09,N,4
23,34000,RENT,5,MEDICAL,E,9000,17.06,1,0.26,Y,4
23,13920,OWN,2,PERSONAL,E,7750,17.04,1,0.56,N,4
23,66348,RENT,0,VENTURE,E,7000,17.04,1,0.11,N,4
23,79000,RENT,5,EDUCATION,D,20000,16.89,0,0.25,Y,4
23,42720,RENT,1,EDUCATION,D,10000,16.89,1,0.23,Y,4
23,72000,RENT,5,DEBTCONSOLIDATION,D,3000,16.89,1,0.04,Y,4
23,105000,MORTGAGE,5,EDUCATION,E,15000,16.82,0,0.14,Y,4
23,19250,RENT,1,HOMEIMPROVEMENT,E,6250,16.82,1,0.32,Y,4
23,100000,OWN,7,PERSONAL,D,35000,16.77,0,0.35,N,4
23,29772,RENT,3,PERSONAL,D,7700,16.77,1,0.26,Y,4
23,77705,MORTGAGE,4,EDUCATION,E,4000,16.77,0,0.05,Y,4
23,54804,RENT,4,EDUCATION,D,3600,16.77,0,0.07,Y,4
23,61836,MORTGAGE,4,DEBTCONSOLIDATION,D,1700,16.77,1,0.03,N,4
23,54504,RENT,1,PERSONAL,E,20000,16.7,1,0.37,Y,4
23,95000,RENT,7,DEBTCONSOLIDATION,D,6000,16.49,1,0.06,N,4
23,54400,RENT,2,MEDICAL,D,5000,16.49,1,0.08,N,4
23,107280,MORTGAGE,4,EDUCATION,E,25000,16.45,0,0.23,Y,4
23,45000,RENT,7,MEDICAL,E,16000,16.45,1,0.36,Y,4
23,74004,RENT,7,DEBTCONSOLIDATION,E,25000,16.35,1,0.34,N,4
23,62900,RENT,1,MEDICAL,E,16000,16.35,1,0.22,N,4
23,36707,RENT,3,PERSONAL,D,9250,16.32,0,0.25,Y,4
23,30000,MORTGAGE,4,MEDICAL,D,4000,16.32,1,0.13,Y,4
23,85000,OWN,7,PERSONAL,D,14000,16.29,0,0.16,Y,4
23,81000,RENT,5,PERSONAL,D,12000,16.29,0,0.15,Y,4
23,44400,RENT,4,VENTURE,D,5000,16.29,1,0.11,Y,4
23,45600,MORTGAGE,7,VENTURE,C,10000,16.11,0,0.22,Y,4
23,76000,RENT,7,DEBTCONSOLIDATION,D,25000,16.02,1,0.33,N,4
23,120000,MORTGAGE,2,PERSONAL,D,24250,16.02,0,0.2,Y,4
23,46000,RENT,3,MEDICAL,D,15000,16,1,0.33,N,4
23,30000,RENT,1,DEBTCONSOLIDATION,E,10000,16,1,0.33,N,4
23,44000,RENT,0,VENTURE,E,7500,16,1,0.17,N,4
23,61000,RENT,2,DEBTCONSOLIDATION,D,4000,16,1,0.07,Y,4
23,74000,OWN,7,PERSONAL,D,15000,15.99,0,0.2,Y,4
23,48996,RENT,2,MEDICAL,D,15000,15.99,1,0.31,N,4
23,135000,MORTGAGE,1,EDUCATION,D,12500,15.99,0,0.09,N,4
23,46113,MORTGAGE,4,PERSONAL,D,9000,15.99,0,0.2,Y,4
23,40000,RENT,3,DEBTCONSOLIDATION,C,3600,15.96,0,0.09,Y,4
23,117000,MORTGAGE,8,VENTURE,E,14000,15.68,0,0.12,Y,4
23,80000,MORTGAGE,5,VENTURE,E,8000,15.68,0,0.1,N,4
23,33500,RENT,2,EDUCATION,E,2500,15.68,1,0.07,Y,4
23,33500,RENT,2,MEDICAL,E,2500,15.68,1,0.07,Y,4
23,48000,RENT,7,MEDICAL,D,20000,15.65,1,0.42,N,4
23,36000,OWN,7,VENTURE,D,8000,15.65,0,0.22,N,4
23,46000,RENT,2,VENTURE,D,6800,15.65,1,0.15,Y,4
23,30000,OWN,1,DEBTCONSOLIDATION,D,4000,15.65,0,0.13,Y,4
23,116000,MORTGAGE,8,EDUCATION,D,15825,15.62,0,0.14,Y,4
23,64000,MORTGAGE,0,DEBTCONSOLIDATION,D,12000,15.62,1,0.19,Y,4
23,54000,RENT,5,DEBTCONSOLIDATION,D,6000,15.62,1,0.11,Y,4
23,66000,MORTGAGE,7,DEBTCONSOLIDATION,D,4000,15.62,1,0.06,Y,4
23,18720,RENT,2,EDUCATION,D,4000,15.62,1,0.21,N,4
23,37000,MORTGAGE,3,MEDICAL,D,3600,15.62,1,0.1,N,4
23,25920,RENT,4,PERSONAL,D,10000,15.58,1,0.39,N,4
23,57600,RENT,3,VENTURE,D,10000,15.58,0,0.17,Y,4
23,80000,MORTGAGE,8,EDUCATION,D,8000,15.58,0,0.1,N,4
23,30000,RENT,1,PERSONAL,D,1450,15.58,1,0.05,N,4
23,45000,RENT,5,EDUCATION,D,7500,15.37,0,0.17,Y,4
23,39000,RENT,3,DEBTCONSOLIDATION,D,5000,15.37,1,0.13,Y,4
23,31800,RENT,4,DEBTCONSOLIDATION,D,10000,15.33,1,0.31,N,4
23,90000,MORTGAGE,7,PERSONAL,D,15000,15.31,0,0.17,Y,4
23,78000,MORTGAGE,7,DEBTCONSOLIDATION,D,15000,15.31,1,0.19,N,4
23,33800,OWN,4,EDUCATION,D,13000,15.31,0,0.38,Y,4
23,30000,RENT,2,HOMEIMPROVEMENT,D,10000,15.31,1,0.33,Y,4
23,30000,RENT,2,DEBTCONSOLIDATION,D,10000,15.31,1,0.33,Y,4
23,99000,RENT,7,EDUCATION,D,20000,15.28,0,0.2,N,4
23,36000,RENT,2,MEDICAL,D,16750,15.28,1,0.47,Y,4
23,36000,RENT,2,DEBTCONSOLIDATION,D,16750,15.28,1,0.47,Y,4
23,59000,RENT,0,HOMEIMPROVEMENT,D,9000,15.28,1,0.15,N,4
23,60000,MORTGAGE,3,PERSONAL,C,12000,15.27,0,0.2,Y,4
23,30000,RENT,0,HOMEIMPROVEMENT,C,10000,15.27,1,0.33,Y,4
23,30000,RENT,4,DEBTCONSOLIDATION,C,7925,15.27,0,0.26,Y,4
23,25000,OWN,,MEDICAL,C,4000,15.27,0,0.16,Y,4
23,56000,MORTGAGE,4,DEBTCONSOLIDATION,C,13600,15.23,0,0.24,Y,4
23,60000,RENT,4,PERSONAL,C,11400,15.23,0,0.19,Y,4
23,42000,RENT,2,EDUCATION,C,4550,15.23,0,0.11,N,4
23,21600,RENT,0,PERSONAL,C,4200,15.23,0,0.19,N,4
23,56000,RENT,7,VENTURE,C,4000,15.23,0,0.07,Y,4
23,60000,RENT,7,EDUCATION,C,2750,15.23,0,0.05,Y,4
23,21600,RENT,1,DEBTCONSOLIDATION,C,2400,15.23,1,0.11,N,4
23,24000,RENT,3,EDUCATION,C,2200,15.23,0,0.09,Y,4
23,58000,RENT,4,EDUCATION,C,1200,15.23,0,0.02,N,4
23,93600,RENT,3,VENTURE,D,25000,15.21,0,0.27,N,4
23,55000,RENT,3,EDUCATION,D,19200,15.21,1,0.35,N,4
23,55392,RENT,3,MEDICAL,D,20000,15.2,1,0.31,Y,4
23,39000,RENT,2,HOMEIMPROVEMENT,D,10000,15.2,1,0.26,N,4
23,30000,RENT,3,PERSONAL,D,3000,15.2,0,0.1,Y,4
23,76042,RENT,6,HOMEIMPROVEMENT,D,20000,15.05,1,0.26,Y,4
23,65400,MORTGAGE,4,VENTURE,D,20000,15.05,0,0.31,Y,4
23,33000,RENT,1,DEBTCONSOLIDATION,D,4500,15.05,1,0.14,N,4
23,69000,MORTGAGE,0,HOMEIMPROVEMENT,D,15000,14.96,1,0.22,N,4
23,95620,MORTGAGE,7,EDUCATION,D,13500,14.96,0,0.14,Y,4
23,62900,RENT,2,MEDICAL,D,12000,14.96,1,0.16,N,4
23,78000,RENT,1,HOMEIMPROVEMENT,D,12000,14.96,1,0.15,N,4
23,76000,RENT,0,PERSONAL,D,7000,14.96,1,0.09,N,4
23,73500,RENT,7,PERSONAL,D,6000,14.96,0,0.08,Y,4
23,45000,RENT,7,EDUCATION,D,4000,14.96,0,0.09,N,4
23,26000,MORTGAGE,2,VENTURE,E,7000,14.93,0,0.27,Y,4
23,60000,RENT,3,VENTURE,D,10400,14.91,0,0.17,Y,4
23,138000,RENT,1,DEBTCONSOLIDATION,D,5000,14.91,1,0.04,N,4
23,15600,RENT,0,VENTURE,D,1200,14.91,1,0.08,N,4
23,62900,RENT,7,MEDICAL,D,5000,14.84,1,0.07,N,4
23,66300,MORTGAGE,2,MEDICAL,D,15000,14.83,1,0.19,N,4
23,45000,OWN,,EDUCATION,C,15000,14.79,0,0.33,N,4
23,44400,RENT,1,EDUCATION,C,12000,14.79,0,0.27,N,4
23,65100,MORTGAGE,1,MEDICAL,C,9000,14.79,0,0.14,Y,4
23,95000,MORTGAGE,8,MEDICAL,C,7200,14.79,0,0.08,Y,4
23,57000,RENT,0,EDUCATION,D,11050,14.74,1,0.19,N,4
23,40574,RENT,2,HOMEIMPROVEMENT,D,9500,14.74,1,0.23,Y,4
23,35482,OWN,7,VENTURE,D,7000,14.74,0,0.2,N,4
23,99670,MORTGAGE,2,PERSONAL,D,5500,14.74,0,0.06,N,4
23,30000,RENT,7,PERSONAL,C,6000,14.72,0,0.2,Y,4
23,42000,RENT,2,EDUCATION,C,4900,14.72,0,0.12,Y,4
23,27996,OWN,1,EDUCATION,C,4200,14.72,0,0.15,Y,4
23,128000,MORTGAGE,7,VENTURE,C,3000,14.72,0,0.02,Y,4
23,115000,RENT,0,PERSONAL,C,10800,14.65,0,0.09,N,4
23,88000,MORTGAGE,4,HOMEIMPROVEMENT,C,8400,14.65,1,0.1,N,4
23,74800,MORTGAGE,4,MEDICAL,C,8400,14.65,1,0.1,N,4
23,75000,OWN,0,EDUCATION,C,5000,14.65,0,0.07,N,4
23,21000,OWN,,VENTURE,C,3825,14.65,0,0.18,N,4
23,21000,OWN,,VENTURE,C,3825,14.65,0,0.18,N,4
23,88000,RENT,0,PERSONAL,D,12000,14.61,1,0.14,Y,4
23,30000,RENT,2,MEDICAL,D,9000,14.61,1,0.3,Y,4
23,120000,RENT,4,EDUCATION,D,8000,14.61,0,0.07,Y,4
23,65000,RENT,7,PERSONAL,D,16000,14.59,0,0.25,N,4
23,85000,RENT,7,EDUCATION,D,15000,14.59,0,0.18,N,4
23,36000,RENT,3,VENTURE,D,15000,14.59,1,0.42,N,4
23,83000,MORTGAGE,0,VENTURE,D,20000,14.54,0,0.24,Y,4
23,33000,RENT,5,VENTURE,D,4800,14.54,0,0.15,N,4
23,91000,MORTGAGE,7,PERSONAL,D,1500,14.54,0,0.02,Y,4
23,75000,RENT,3,PERSONAL,E,23575,14.5,1,0.31,N,4
23,65000,MORTGAGE,1,EDUCATION,E,15000,14.5,0,0.23,N,4
23,29952,MORTGAGE,1,DEBTCONSOLIDATION,D,4750,14.46,1,0.16,Y,4
23,80000,RENT,3,EDUCATION,D,4000,14.46,0,0.05,Y,4
23,42000,RENT,3,DEBTCONSOLIDATION,D,6000,14.42,1,0.14,N,4
23,21600,RENT,2,MEDICAL,D,6000,14.42,1,0.28,N,4
23,66000,RENT,4,DEBTCONSOLIDATION,E,10250,14.38,1,0.16,N,4
23,103000,MORTGAGE,7,EDUCATION,C,17000,14.35,0,0.17,N,4
23,64000,RENT,6,EDUCATION,C,12800,14.35,0,0.2,Y,4
23,54996,MORTGAGE,7,PERSONAL,C,8000,14.35,0,0.15,N,4
23,30000,RENT,0,EDUCATION,C,6300,14.35,0,0.21,N,4
23,43200,OWN,6,EDUCATION,C,2000,14.35,0,0.05,N,4
23,26400,RENT,3,DEBTCONSOLIDATION,C,1200,14.35,1,0.05,Y,4
23,60000,OWN,5,EDUCATION,C,16000,14.27,0,0.27,Y,4
23,78000,RENT,6,VENTURE,C,14400,14.27,0,0.18,Y,4
23,52800,RENT,4,VENTURE,C,14000,14.27,0,0.27,N,4
23,23000,RENT,3,EDUCATION,C,12700,14.27,1,0.55,Y,4
23,34000,MORTGAGE,3,VENTURE,C,12000,14.27,1,0.35,N,4
23,28000,RENT,2,EDUCATION,C,12000,14.27,1,0.43,Y,4
23,85000,MORTGAGE,0,EDUCATION,C,11000,14.27,0,0.13,N,4
23,50000,RENT,0,EDUCATION,C,8000,14.27,0,0.16,N,4
23,115000,OWN,7,EDUCATION,C,5000,14.27,0,0.04,N,4
23,29000,RENT,1,VENTURE,C,13475,14.26,1,0.46,Y,4
23,53000,RENT,6,MEDICAL,C,8000,14.26,0,0.15,Y,4
23,37500,RENT,2,VENTURE,C,8000,14.26,0,0.21,N,4
23,37500,RENT,2,DEBTCONSOLIDATION,C,8000,14.26,0,0.21,N,4
23,76500,RENT,0,DEBTCONSOLIDATION,C,8000,14.26,1,0.1,N,4
23,32000,RENT,0,HOMEIMPROVEMENT,C,7000,14.26,1,0.22,N,4
23,38000,RENT,3,MEDICAL,C,4000,14.26,0,0.11,N,4
23,108000,RENT,1,MEDICAL,C,3800,14.26,0,0.04,Y,4
23,36000,RENT,2,VENTURE,C,17500,14.22,1,0.49,N,4
23,60000,RENT,1,EDUCATION,C,11000,14.22,0,0.18,N,4
23,52000,RENT,4,DEBTCONSOLIDATION,C,6000,14.22,0,0.12,N,4
23,44000,RENT,2,MEDICAL,C,6000,14.22,0,0.14,Y,4
23,60000,MORTGAGE,5,DEBTCONSOLIDATION,C,5600,14.22,1,0.09,Y,4
23,45600,RENT,4,VENTURE,C,5000,14.22,0,0.11,N,4
23,45600,RENT,4,PERSONAL,C,5000,14.22,0,0.11,Y,4
23,95000,MORTGAGE,6,EDUCATION,C,20000,14.17,0,0.21,Y,4
23,65000,OWN,8,PERSONAL,C,9600,14.17,0,0.15,Y,4
23,54860,RENT,0,PERSONAL,C,5000,14.17,0,0.09,N,4
23,28000,RENT,7,PERSONAL,C,1500,14.17,0,0.05,Y,4
23,34000,RENT,2,DEBTCONSOLIDATION,D,6000,14.09,1,0.18,Y,4
23,44004,RENT,3,EDUCATION,D,2400,14.09,0,0.05,Y,4
23,37460,MORTGAGE,2,EDUCATION,C,7125,13.99,0,0.19,N,4
23,24000,RENT,0,PERSONAL,C,5500,13.99,0,0.23,N,4
23,88500,MORTGAGE,2,EDUCATION,C,5000,13.99,0,0.06,N,4
23,49000,MORTGAGE,7,VENTURE,C,4000,13.99,0,0.08,N,4
23,60000,RENT,1,MEDICAL,C,1600,13.99,0,0.03,Y,4
23,36000,RENT,7,DEBTCONSOLIDATION,C,1200,13.99,0,0.03,Y,4
23,81000,RENT,7,EDUCATION,C,18000,13.98,0,0.22,N,4
23,65000,OWN,7,MEDICAL,C,10000,13.98,0,0.15,N,4
23,15000,OWN,4,DEBTCONSOLIDATION,C,4000,13.98,1,0.27,N,4
23,48000,RENT,7,DEBTCONSOLIDATION,C,3500,13.98,0,0.07,N,4
23,30720,RENT,2,PERSONAL,C,2400,13.98,1,0.08,Y,4
23,32000,RENT,2,VENTURE,E,5000,13.93,1,0.16,N,4
23,89100,RENT,7,PERSONAL,C,16000,13.92,0,0.18,Y,4
23,70500,OWN,2,EDUCATION,C,10500,13.92,0,0.15,N,4
23,78500,RENT,7,MEDICAL,C,20000,13.85,0,0.25,Y,4
23,49270,RENT,7,DEBTCONSOLIDATION,C,17500,13.85,1,0.36,N,4
23,55000,MORTGAGE,5,DEBTCONSOLIDATION,C,8000,13.85,0,0.15,N,4
23,52000,RENT,3,MEDICAL,C,7000,13.85,1,0.13,N,4
23,47000,RENT,7,PERSONAL,E,2400,13.75,0,0.05,Y,4
23,36000,MORTGAGE,7,DEBTCONSOLIDATION,C,15800,13.72,0,0.44,Y,4
23,110000,MORTGAGE,8,VENTURE,C,7500,13.72,0,0.07,N,4
23,28000,RENT,4,DEBTCONSOLIDATION,C,5000,13.72,1,0.18,N,4
23,30000,MORTGAGE,0,DEBTCONSOLIDATION,C,1000,13.72,0,0.03,N,4
23,47500,RENT,5,MEDICAL,C,17500,13.61,1,0.37,N,4
23,72000,MORTGAGE,6,HOMEIMPROVEMENT,C,12000,13.61,1,0.17,N,4
23,91000,MORTGAGE,7,PERSONAL,C,10000,13.61,0,0.11,N,4
23,56004,MORTGAGE,0,EDUCATION,C,10000,13.61,0,0.18,N,4
23,60000,RENT,0,EDUCATION,C,9000,13.61,0,0.15,N,4
23,58000,MORTGAGE,8,VENTURE,C,8000,13.61,0,0.14,Y,4
23,25000,RENT,6,PERSONAL,C,8000,13.61,1,0.32,Y,4
23,33000,RENT,1,DEBTCONSOLIDATION,C,7000,13.61,0,0.21,N,4
23,29000,RENT,7,PERSONAL,C,6000,13.61,0,0.21,N,4
23,42000,RENT,4,EDUCATION,C,2500,13.61,0,0.06,N,4
23,26496,RENT,1,DEBTCONSOLIDATION,C,2000,13.61,0,0.08,N,4
23,98000,MORTGAGE,7,DEBTCONSOLIDATION,C,20000,13.57,0,0.2,N,4
23,90000,RENT,0,DEBTCONSOLIDATION,C,20000,13.57,0,0.22,N,4
23,41000,RENT,1,DEBTCONSOLIDATION,C,12500,13.57,0,0.3,N,4
23,46585,RENT,3,MEDICAL,C,10000,13.57,0,0.21,Y,4
23,33300,OWN,2,VENTURE,C,9000,13.57,0,0.27,Y,4
23,85000,MORTGAGE,1,VENTURE,C,21400,13.49,0,0.25,Y,4
23,100000,MORTGAGE,4,MEDICAL,C,15000,13.49,0,0.15,N,4
23,29472,RENT,3,DEBTCONSOLIDATION,C,11000,13.49,1,0.37,N,4
23,43500,RENT,2,PERSONAL,C,10400,13.49,0,0.24,N,4
23,62000,RENT,3,EDUCATION,C,10000,13.49,0,0.16,N,4
23,69000,MORTGAGE,7,MEDICAL,C,8325,13.49,0,0.12,N,4
23,25500,MORTGAGE,2,DEBTCONSOLIDATION,C,7850,13.49,0,0.31,N,4
23,33600,RENT,3,VENTURE,C,5000,13.49,0,0.15,Y,4
23,20000,RENT,0,EDUCATION,C,4100,13.49,0,0.2,N,4
23,31200,RENT,0,EDUCATION,C,3200,13.49,0,0.1,Y,4
23,16000,RENT,6,DEBTCONSOLIDATION,C,2250,13.49,0,0.14,N,4
23,88000,MORTGAGE,,VENTURE,C,1000,13.49,1,0.01,Y,4
23,101138,MORTGAGE,2,EDUCATION,C,20500,13.48,0,0.2,N,4
23,122000,RENT,7,MEDICAL,C,14000,13.48,0,0.11,N,4
23,80000,MORTGAGE,1,EDUCATION,C,12000,13.48,0,0.15,Y,4
23,80000,MORTGAGE,1,EDUCATION,C,12000,13.48,0,0.15,Y,4
23,75000,MORTGAGE,4,MEDICAL,C,16800,13.47,0,0.22,N,4
23,69996,MORTGAGE,7,PERSONAL,C,15000,13.47,0,0.21,Y,4
23,75000,RENT,0,PERSONAL,C,10000,13.47,0,0.13,N,4
23,34174,MORTGAGE,8,PERSONAL,C,9000,13.47,0,0.26,N,4
23,70236,MORTGAGE,7,EDUCATION,C,8700,13.47,0,0.12,Y,4
23,92000,MORTGAGE,7,EDUCATION,C,7000,13.47,0,0.08,Y,4
23,100000,MORTGAGE,2,PERSONAL,C,6850,13.47,0,0.07,N,4
23,15000,MORTGAGE,0,PERSONAL,C,3600,13.47,1,0.24,N,4
23,58650,RENT,7,MEDICAL,C,15000,13.43,1,0.22,Y,4
23,69996,RENT,4,PERSONAL,C,15000,13.43,0,0.21,Y,4
23,46000,RENT,7,HOMEIMPROVEMENT,C,10000,13.43,1,0.22,N,4
23,53760,RENT,0,EDUCATION,C,5000,13.43,0,0.09,N,4
23,87600,MORTGAGE,7,MEDICAL,C,20000,13.35,0,0.23,Y,4
23,52250,MORTGAGE,2,VENTURE,C,4750,13.35,0,0.09,Y,4
23,46776,OWN,7,DEBTCONSOLIDATION,D,15000,13.24,0,0.32,N,4
23,21996,OWN,4,PERSONAL,C,6000,13.23,0,0.27,N,4
23,25200,RENT,0,HOMEIMPROVEMENT,C,6000,13.23,1,0.24,Y,4
23,63000,RENT,7,EDUCATION,C,5000,13.23,0,0.08,Y,4
23,85000,MORTGAGE,7,EDUCATION,C,20000,13.22,0,0.24,Y,4
23,95000,MORTGAGE,1,EDUCATION,C,19800,13.22,1,0.21,Y,4
23,40000,RENT,5,DEBTCONSOLIDATION,C,10000,13.22,0,0.25,Y,4
23,60000,OWN,4,VENTURE,C,10000,13.22,0,0.17,N,4
23,52000,RENT,5,EDUCATION,C,8000,13.22,0,0.15,Y,4
23,60000,RENT,5,EDUCATION,C,7200,13.22,0,0.12,N,4
23,63402,RENT,3,DEBTCONSOLIDATION,C,6000,13.22,0,0.09,N,4
23,36000,RENT,1,MEDICAL,C,5000,13.22,0,0.14,N,4
23,36000,RENT,0,VENTURE,C,5000,13.22,1,0.14,N,4
23,45000,RENT,2,EDUCATION,C,4800,13.22,0,0.11,Y,4
23,36000,MORTGAGE,3,DEBTCONSOLIDATION,C,3000,13.22,0,0.08,N,4
23,49161,RENT,1,HOMEIMPROVEMENT,D,8000,13.17,1,0.16,Y,4
23,55000,OWN,6,MEDICAL,C,18500,13.16,0,0.34,N,4
23,88000,RENT,1,EDUCATION,C,18000,13.16,0,0.2,N,4
23,51036,MORTGAGE,7,EDUCATION,C,15000,13.16,0,0.29,N,4
23,24000,RENT,4,EDUCATION,C,12250,13.16,1,0.51,Y,4
23,85000,RENT,2,VENTURE,C,12000,13.16,0,0.14,Y,4
23,64000,RENT,0,MEDICAL,C,12000,13.16,0,0.19,Y,4
23,55008,OWN,5,MEDICAL,C,10500,13.16,0,0.19,Y,4
23,21000,RENT,3,MEDICAL,C,10000,13.16,1,0.48,Y,4
23,32000,RENT,0,MEDICAL,C,8500,13.16,0,0.27,N,4
23,32000,RENT,0,MEDICAL,C,8500,13.16,0,0.27,Y,4
23,70000,MORTGAGE,4,VENTURE,C,6000,13.16,0,0.09,N,4
23,70000,MORTGAGE,4,PERSONAL,C,6000,13.16,0,0.09,Y,4
23,103000,RENT,4,DEBTCONSOLIDATION,C,16800,13.11,0,0.16,N,4
23,33504,RENT,5,VENTURE,C,12000,13.11,1,0.36,Y,4
23,32000,RENT,7,VENTURE,C,10000,13.11,1,0.31,Y,4
23,72000,RENT,7,EDUCATION,C,7000,13.11,0,0.1,Y,4
23,69996,RENT,7,DEBTCONSOLIDATION,C,5600,13.11,0,0.08,N,4
23,114600,MORTGAGE,7,PERSONAL,C,10000,13.06,0,0.09,Y,4
23,62400,MORTGAGE,7,MEDICAL,C,7000,13.06,0,0.11,N,4
23,120000,MORTGAGE,7,VENTURE,C,6000,13.06,0,0.05,N,4
23,27252,RENT,3,VENTURE,C,5800,13.06,0,0.21,N,4
23,21600,RENT,5,PERSONAL,C,5000,13.06,1,0.23,Y,4
23,16000,MORTGAGE,3,DEBTCONSOLIDATION,C,2275,13.06,0,0.14,Y,4
23,57960,RENT,0,PERSONAL,C,7000,13.04,0,0.12,Y,4
23,22000,RENT,1,EDUCATION,C,5500,13.04,0,0.25,N,4
23,125000,RENT,7,EDUCATION,C,15000,12.99,0,0.12,N,4
23,77927,MORTGAGE,7,EDUCATION,C,15000,12.99,0,0.19,Y,4
23,48000,RENT,,VENTURE,C,8000,12.99,0,0.17,Y,4
23,60000,MORTGAGE,6,DEBTCONSOLIDATION,C,7000,12.99,0,0.12,N,4
23,42000,RENT,1,HOMEIMPROVEMENT,C,6000,12.99,1,0.14,N,4
23,38000,OWN,2,VENTURE,C,5000,12.99,0,0.13,N,4
23,41000,RENT,6,PERSONAL,C,4500,12.99,0,0.11,N,4
23,39000,MORTGAGE,3,EDUCATION,C,5000,12.98,0,0.13,N,4
23,63750,MORTGAGE,2,MEDICAL,C,15000,12.87,1,0.2,N,4
23,130000,MORTGAGE,1,EDUCATION,C,15000,12.87,0,0.12,Y,4
23,100000,MORTGAGE,4,EDUCATION,C,10000,12.87,0,0.1,N,4
23,62400,RENT,0,DEBTCONSOLIDATION,C,10000,12.87,0,0.16,Y,4
23,39325,MORTGAGE,3,EDUCATION,C,2800,12.87,1,0.07,N,4
23,34000,RENT,5,DEBTCONSOLIDATION,C,12000,12.84,1,0.35,N,4
23,40000,RENT,4,DEBTCONSOLIDATION,C,10000,12.84,0,0.25,N,4
23,48000,RENT,1,EDUCATION,C,10000,12.84,0,0.21,N,4
23,42000,RENT,1,VENTURE,C,8000,12.84,0,0.19,N,4
23,16000,MORTGAGE,1,MEDICAL,C,5600,12.84,1,0.35,N,4
23,35000,RENT,5,MEDICAL,C,5400,12.84,0,0.15,N,4
23,130208,MORTGAGE,7,DEBTCONSOLIDATION,C,20000,12.73,0,0.15,Y,4
23,75000,RENT,7,EDUCATION,C,18000,12.73,0,0.24,Y,4
23,79000,MORTGAGE,7,EDUCATION,C,16000,12.73,0,0.2,Y,4
23,95000,MORTGAGE,7,EDUCATION,C,15000,12.73,0,0.16,Y,4
23,50004,RENT,5,MEDICAL,C,8000,12.73,0,0.16,N,4
23,25200,RENT,1,DEBTCONSOLIDATION,C,8000,12.73,1,0.32,N,4
23,26400,RENT,8,VENTURE,C,7500,12.73,0,0.28,N,4
23,40440,RENT,0,EDUCATION,C,5500,12.73,0,0.14,N,4
23,60000,RENT,0,PERSONAL,B,15600,12.69,0,0.26,N,4
23,80000,RENT,5,VENTURE,B,15000,12.69,0,0.19,N,4
23,56000,RENT,4,DEBTCONSOLIDATION,B,15000,12.69,1,0.27,N,4
23,47840,RENT,7,MEDICAL,B,12000,12.69,0,0.25,N,4
23,45000,RENT,4,EDUCATION,B,12000,12.69,0,0.27,N,4
23,90000,RENT,7,EDUCATION,B,10000,12.69,0,0.11,N,4
23,46000,MORTGAGE,5,PERSONAL,B,9500,12.69,1,0.21,N,4
23,45000,RENT,0,DEBTCONSOLIDATION,B,7800,12.69,0,0.17,N,4
23,37500,RENT,5,PERSONAL,B,7000,12.69,0,0.19,N,4
23,34600,MORTGAGE,5,EDUCATION,B,6800,12.69,0,0.2,N,4
23,32000,RENT,4,HOMEIMPROVEMENT,B,5000,12.69,1,0.16,N,4
23,22000,RENT,2,MEDICAL,B,3200,12.69,0,0.15,N,4
23,30000,RENT,7,DEBTCONSOLIDATION,B,3000,12.69,1,0.1,N,4
23,48000,OWN,5,MEDICAL,B,2400,12.69,0,0.05,N,4
23,80000,RENT,1,MEDICAL,C,14400,12.68,0,0.18,N,4
23,47000,MORTGAGE,7,DEBTCONSOLIDATION,C,13850,12.68,0,0.29,Y,4
23,114000,MORTGAGE,7,EDUCATION,C,8000,12.68,0,0.07,N,4
23,25000,RENT,0,EDUCATION,C,7200,12.68,0,0.29,N,4
23,21600,OWN,2,VENTURE,C,6000,12.68,0,0.28,N,4
23,57000,MORTGAGE,1,MEDICAL,C,4200,12.68,0,0.07,Y,4
23,37344,MORTGAGE,0,EDUCATION,C,3200,12.68,0,0.09,N,4
23,32000,RENT,3,DEBTCONSOLIDATION,D,20000,12.61,1,0.63,N,4
23,34780,RENT,5,PERSONAL,D,7500,12.61,0,0.22,N,4
23,100080,MORTGAGE,7,PERSONAL,B,20600,12.53,0,0.21,N,4
23,74000,RENT,6,MEDICAL,B,12000,12.53,0,0.16,N,4
23,41004,RENT,2,PERSONAL,B,10400,12.53,0,0.25,N,4
23,68700,RENT,2,VENTURE,C,7000,12.53,0,0.1,N,4
23,73000,RENT,4,MEDICAL,B,6000,12.53,0,0.08,N,4
23,54000,RENT,0,EDUCATION,C,6000,12.53,0,0.11,Y,4
23,24000,RENT,7,VENTURE,C,5550,12.53,0,0.23,N,4
23,24000,RENT,7,VENTURE,C,5550,12.53,0,0.23,Y,4
23,63200,OTHER,0,DEBTCONSOLIDATION,B,4800,12.53,0,0.08,N,4
23,47004,RENT,3,EDUCATION,C,4000,12.53,0,0.09,Y,4
23,39000,MORTGAGE,0,VENTURE,C,3000,12.53,0,0.08,Y,4
23,75000,OWN,7,EDUCATION,D,12000,12.49,0,0.16,N,4
23,50000,MORTGAGE,6,VENTURE,B,17000,12.42,0,0.34,N,4
23,40000,OWN,1,VENTURE,B,15000,12.42,0,0.38,N,4
23,58000,RENT,1,EDUCATION,B,12800,12.42,0,0.22,N,4
23,80000,RENT,5,VENTURE,B,5000,12.42,0,0.06,N,4
23,40000,RENT,0,EDUCATION,B,5000,12.42,0,0.13,N,4
23,53616,RENT,6,EDUCATION,B,1600,12.42,0,0.03,N,4
23,42000,RENT,2,PERSONAL,C,6000,12.41,1,0.14,N,4
23,59000,RENT,7,EDUCATION,C,20000,12.29,1,0.34,N,4
23,27040,RENT,2,VENTURE,C,4000,12.29,0,0.15,Y,4
23,52692,RENT,4,EDUCATION,C,3500,12.23,0,0.07,Y,4
23,52692,RENT,4,MEDICAL,C,3500,12.23,0,0.07,Y,4
23,70000,MORTGAGE,5,EDUCATION,B,20000,12.21,0,0.29,N,4
23,58000,OTHER,0,VENTURE,B,16000,12.21,0,0.28,N,4
23,58000,OTHER,0,VENTURE,B,16000,12.21,0,0.28,N,4
23,39000,RENT,1,EDUCATION,B,15000,12.21,1,0.38,N,4
23,21000,RENT,3,PERSONAL,B,10000,12.21,1,0.48,N,4
23,45000,MORTGAGE,1,EDUCATION,B,10000,12.21,0,0.22,N,4
23,53664,RENT,1,DEBTCONSOLIDATION,B,9000,12.21,0,0.17,N,4
23,60000,RENT,1,VENTURE,B,8000,12.21,0,0.13,N,4
23,45204,MORTGAGE,0,EDUCATION,B,4750,12.21,0,0.11,N,4
23,48500,RENT,0,DEBTCONSOLIDATION,B,4500,12.21,0,0.09,N,4
23,60000,RENT,2,VENTURE,B,23000,12.18,1,0.38,N,4
23,60000,MORTGAGE,7,EDUCATION,B,20000,12.18,0,0.33,N,4
23,65000,MORTGAGE,2,EDUCATION,B,20000,12.18,0,0.31,N,4
23,40000,RENT,2,DEBTCONSOLIDATION,B,12000,12.18,0,0.3,N,4
23,90000,MORTGAGE,1,EDUCATION,B,12000,12.18,0,0.13,N,4
23,90000,MORTGAGE,1,EDUCATION,B,12000,12.18,0,0.13,N,4
23,64500,MORTGAGE,8,EDUCATION,B,10000,12.18,0,0.16,N,4
23,50000,RENT,7,PERSONAL,B,9000,12.18,0,0.18,N,4
23,35000,RENT,2,HOMEIMPROVEMENT,B,4000,12.18,1,0.11,N,4
23,40000,RENT,7,EDUCATION,B,11650,11.99,0,0.29,N,4
23,33000,RENT,4,EDUCATION,B,10000,11.99,0,0.3,N,4
23,70000,RENT,5,MEDICAL,B,8000,11.99,0,0.11,N,4
23,28800,MORTGAGE,6,MEDICAL,B,5000,11.99,0,0.17,N,4
23,43000,RENT,7,MEDICAL,B,4400,11.99,1,0.1,N,4
23,40000,RENT,2,VENTURE,B,3500,11.99,0,0.09,N,4
23,74250,RENT,3,DEBTCONSOLIDATION,B,3000,11.99,0,0.04,N,4
23,33195,RENT,5,EDUCATION,B,1800,11.99,0,0.05,N,4
23,14400,RENT,0,EDUCATION,B,1100,11.99,0,0.08,N,4
23,34800,RENT,1,VENTURE,B,1000,11.99,0,0.03,N,4
23,57000,RENT,8,EDUCATION,C,7500,11.97,0,0.13,N,4
23,62844,RENT,7,HOMEIMPROVEMENT,C,7500,11.97,1,0.12,N,4
23,38667,MORTGAGE,2,MEDICAL,C,4800,11.91,0,0.12,N,4
23,69996,RENT,7,EDUCATION,B,15000,11.89,0,0.21,N,4
23,85000,RENT,7,MEDICAL,B,10000,11.89,0,0.12,N,4
23,90000,MORTGAGE,5,PERSONAL,B,6000,11.89,0,0.07,N,4
23,90000,MORTGAGE,5,DEBTCONSOLIDATION,B,6000,11.89,0,0.07,N,4
23,43000,RENT,1,DEBTCONSOLIDATION,B,5500,11.89,0,0.13,N,4
23,42000,OWN,7,PERSONAL,B,4400,11.89,0,0.1,N,4
23,42000,OWN,7,EDUCATION,B,4400,11.89,0,0.1,N,4
23,75000,RENT,3,PERSONAL,B,10000,11.86,0,0.13,N,4
23,25200,RENT,7,EDUCATION,B,7200,11.86,1,0.29,N,4
23,24000,OWN,5,EDUCATION,B,7000,11.86,0,0.29,N,4
23,48600,MORTGAGE,5,MEDICAL,B,6000,11.86,0,0.12,N,4
23,36000,RENT,2,MEDICAL,B,6000,11.86,0,0.17,N,4
23,50000,RENT,7,EDUCATION,B,5000,11.86,0,0.1,N,4
23,67596,RENT,2,PERSONAL,B,5000,11.86,0,0.07,N,4
23,30996,OWN,2,VENTURE,B,5000,11.86,0,0.16,N,4
23,30000,RENT,0,DEBTCONSOLIDATION,B,5000,11.86,0,0.17,N,4
23,30000,RENT,0,EDUCATION,B,4275,11.86,0,0.14,N,4
23,55000,RENT,5,PERSONAL,B,4000,11.86,0,0.07,N,4
23,39000,RENT,3,EDUCATION,B,3500,11.86,1,0.09,N,4
23,138000,MORTGAGE,7,VENTURE,B,2700,11.86,0,0.02,N,4
23,24972,OWN,,VENTURE,B,2600,11.86,0,0.1,N,4
23,50000,RENT,1,VENTURE,B,25000,11.83,1,0.5,N,4
23,145000,OWN,7,EDUCATION,B,20800,11.83,0,0.14,N,4
23,83000,MORTGAGE,5,EDUCATION,B,20000,11.83,1,0.24,N,4
23,59500,MORTGAGE,1,MEDICAL,B,20000,11.83,1,0.29,N,4
23,54000,RENT,1,VENTURE,B,20000,11.83,1,0.37,N,4
23,42000,RENT,7,VENTURE,B,15000,11.83,1,0.36,N,4
23,115000,MORTGAGE,3,EDUCATION,B,13000,11.83,0,0.11,N,4
23,45000,RENT,2,PERSONAL,B,12000,11.83,0,0.27,N,4
23,56000,MORTGAGE,7,PERSONAL,B,4500,11.83,0,0.08,N,4
23,108000,RENT,4,VENTURE,B,4300,11.83,0,0.04,N,4
23,42000,MORTGAGE,3,EDUCATION,C,5400,11.78,0,0.13,N,4
23,28000,RENT,0,MEDICAL,C,5000,11.78,0,0.18,N,4
23,102000,MORTGAGE,7,DEBTCONSOLIDATION,B,25000,11.71,0,0.25,N,4
23,100000,MORTGAGE,7,VENTURE,B,25000,11.71,0,0.25,N,4
23,84000,RENT,3,DEBTCONSOLIDATION,B,22000,11.71,0,0.26,N,4
23,60000,MORTGAGE,7,DEBTCONSOLIDATION,B,21000,11.71,0,0.35,N,4
23,48000,OWN,7,EDUCATION,B,20000,11.71,0,0.42,N,4
23,54000,RENT,7,DEBTCONSOLIDATION,B,15550,11.71,0,0.29,N,4
23,54000,RENT,7,VENTURE,B,15550,11.71,0,0.29,N,4
23,40000,RENT,6,VENTURE,B,15000,11.71,1,0.38,N,4
23,34000,RENT,1,EDUCATION,B,15000,11.71,1,0.44,N,4
23,45000,MORTGAGE,7,VENTURE,B,14550,11.71,0,0.32,N,4
23,120000,RENT,7,PERSONAL,B,13000,11.71,0,0.11,N,4
23,50000,OWN,4,PERSONAL,B,12600,11.71,0,0.25,N,4
23,140000,MORTGAGE,7,PERSONAL,B,12000,11.71,0,0.09,N,4
23,120000,RENT,7,EDUCATION,B,12000,11.71,0,0.1,N,4
23,38000,RENT,7,PERSONAL,B,12000,11.71,1,0.32,N,4
23,92000,RENT,7,VENTURE,B,10000,11.71,0,0.11,N,4
23,60000,MORTGAGE,5,DEBTCONSOLIDATION,B,10000,11.71,0,0.17,N,4
23,57000,RENT,5,VENTURE,B,7650,11.71,0,0.13,N,4
23,105000,RENT,7,PERSONAL,B,7200,11.71,0,0.07,N,4
23,30000,RENT,3,DEBTCONSOLIDATION,B,6000,11.71,0,0.2,N,4
23,55000,RENT,0,PERSONAL,B,5500,11.71,0,0.1,N,4
23,35000,OWN,7,MEDICAL,B,5000,11.71,0,0.14,N,4
23,20000,OWN,0,PERSONAL,B,5000,11.71,0,0.25,N,4
23,32993,RENT,6,MEDICAL,B,4000,11.71,1,0.12,N,4
23,25000,RENT,,VENTURE,B,4000,11.71,0,0.16,N,4
23,18000,RENT,1,HOMEIMPROVEMENT,B,3000,11.71,1,0.17,N,4
23,40000,RENT,5,DEBTCONSOLIDATION,B,2000,11.71,0,0.05,N,4
23,58700,RENT,8,PERSONAL,B,1200,11.71,0,0.02,N,4
23,68500,MORTGAGE,7,EDUCATION,C,4200,11.66,0,0.06,Y,4
23,24000,RENT,4,MEDICAL,C,4000,11.66,0,0.17,N,4
23,44400,RENT,0,VENTURE,B,1500,11.63,0,0.03,N,4
23,30000,RENT,0,PERSONAL,C,5000,11.59,0,0.17,Y,4
23,47004,RENT,1,VENTURE,B,24000,11.58,1,0.51,N,4
23,168600,RENT,3,MEDICAL,B,20000,11.58,0,0.12,N,4
23,52000,RENT,3,DEBTCONSOLIDATION,B,17000,11.58,1,0.33,N,4
23,32000,MORTGAGE,1,DEBTCONSOLIDATION,B,15000,11.58,0,0.47,N,4
23,50500,RENT,1,VENTURE,B,12000,11.58,0,0.24,N,4
23,85000,RENT,2,EDUCATION,B,5000,11.58,0,0.06,N,4
23,33000,OWN,5,VENTURE,B,3600,11.58,0,0.11,N,4
23,27000,RENT,2,VENTURE,C,18000,11.54,1,0.67,Y,4
23,45000,RENT,0,VENTURE,C,6225,11.54,0,0.14,Y,4
23,50952,RENT,0,EDUCATION,C,4000,11.54,0,0.08,Y,4
23,120000,MORTGAGE,3,MEDICAL,B,30000,11.49,0,0.25,N,4
23,130000,RENT,7,VENTURE,B,25000,11.49,0,0.19,N,4
23,105000,MORTGAGE,5,EDUCATION,B,20000,11.49,0,0.19,N,4
23,90000,RENT,2,MEDICAL,B,20000,11.49,0,0.22,N,4
23,75000,RENT,0,VENTURE,B,10000,11.49,0,0.13,N,4
23,65000,RENT,0,EDUCATION,B,10000,11.49,0,0.15,N,4
23,54000,MORTGAGE,0,EDUCATION,B,10000,11.49,0,0.19,N,4
23,31200,RENT,6,VENTURE,B,8000,11.49,0,0.26,N,4
23,100000,MORTGAGE,5,MEDICAL,B,8000,11.49,0,0.08,N,4
23,92004,RENT,2,DEBTCONSOLIDATION,B,8000,11.49,0,0.09,N,4
23,70000,RENT,4,EDUCATION,B,6000,11.49,0,0.09,N,4
23,50000,RENT,3,MEDICAL,B,5600,11.49,0,0.11,N,4
23,99996,MORTGAGE,2,EDUCATION,B,4800,11.49,0,0.05,N,4
23,65000,MORTGAGE,5,EDUCATION,B,4000,11.49,0,0.06,N,4
23,34500,RENT,3,DEBTCONSOLIDATION,B,4000,11.49,0,0.12,N,4
23,56400,MORTGAGE,,EDUCATION,B,4000,11.49,0,0.07,N,4
23,31000,RENT,3,EDUCATION,B,3200,11.49,0,0.1,N,4
23,45600,MORTGAGE,,MEDICAL,B,3000,11.49,0,0.07,N,4
23,24000,RENT,2,MEDICAL,B,2800,11.49,1,0.12,N,4
23,48000,RENT,4,PERSONAL,B,1800,11.49,0,0.04,N,4
23,55000,OWN,7,VENTURE,B,1000,11.49,0,0.02,N,4
23,74000,MORTGAGE,4,VENTURE,B,20000,11.48,0,0.27,N,4
23,34000,MORTGAGE,7,DEBTCONSOLIDATION,B,19000,11.48,0,0.56,N,4
23,47000,RENT,3,VENTURE,B,15000,11.48,1,0.32,N,4
23,56525,RENT,1,MEDICAL,B,15000,11.48,1,0.23,N,4
23,65000,RENT,0,EDUCATION,B,12500,11.48,0,0.19,N,4
23,57000,RENT,7,DEBTCONSOLIDATION,B,10000,11.48,0,0.18,N,4
23,30000,RENT,3,PERSONAL,B,10000,11.48,1,0.33,N,4
23,46000,OWN,6,EDUCATION,B,8000,11.48,0,0.17,N,4
23,65000,MORTGAGE,7,EDUCATION,B,6000,11.48,0,0.09,N,4
23,50000,RENT,1,DEBTCONSOLIDATION,B,6000,11.48,1,0.12,N,4
23,24000,RENT,1,VENTURE,B,5000,11.48,0,0.21,N,4
23,45000,RENT,0,VENTURE,B,2100,11.48,0,0.05,N,4
23,25200,OWN,3,EDUCATION,B,1000,11.48,0,0.04,N,4
23,20800,RENT,0,DEBTCONSOLIDATION,B,3000,11.46,0,0.14,N,4
23,48600,MORTGAGE,7,PERSONAL,B,19000,11.36,0,0.39,N,4
23,48800,RENT,3,EDUCATION,B,15000,11.36,1,0.31,N,4
23,36000,OWN,2,VENTURE,B,15000,11.36,0,0.42,N,4
23,40900,OWN,5,MEDICAL,B,12200,11.36,0,0.3,N,4
23,47233,RENT,7,DEBTCONSOLIDATION,B,5000,11.36,0,0.11,N,4
23,48756,RENT,5,MEDICAL,B,4800,11.36,0,0.1,N,4
23,48756,RENT,5,EDUCATION,B,4800,11.36,0,0.1,N,4
23,65000,MORTGAGE,2,DEBTCONSOLIDATION,B,4400,11.36,0,0.07,N,4
23,84000,RENT,0,DEBTCONSOLIDATION,C,15000,11.34,0,0.18,Y,4
23,115275,RENT,7,DEBTCONSOLIDATION,C,7500,11.28,0,0.07,Y,4
23,115275,RENT,7,EDUCATION,C,7500,11.28,0,0.07,Y,4
23,87000,MORTGAGE,0,DEBTCONSOLIDATION,C,7500,11.28,0,0.09,Y,4
23,74196,MORTGAGE,5,VENTURE,B,17000,11.26,0,0.23,N,4
23,30000,RENT,6,VENTURE,B,19750,11.14,1,0.66,N,4
23,30000,RENT,6,VENTURE,B,19750,11.14,1,0.66,N,4
23,54586,RENT,5,EDUCATION,B,19000,11.14,1,0.35,N,4
23,75000,OWN,7,EDUCATION,B,15000,11.14,0,0.2,N,4
23,70000,MORTGAGE,7,DEBTCONSOLIDATION,B,15000,11.14,0,0.21,N,4
23,66000,MORTGAGE,1,EDUCATION,B,13200,11.14,0,0.2,N,4
23,98400,MORTGAGE,0,EDUCATION,B,10000,11.14,0,0.1,N,4
23,37000,RENT,2,PERSONAL,B,2000,11.14,0,0.05,N,4
23,70000,RENT,7,DEBTCONSOLIDATION,B,1600,11.14,0,0.02,N,4
23,75689,MORTGAGE,7,DEBTCONSOLIDATION,B,25000,11.12,0,0.33,N,4
23,92004,MORTGAGE,7,VENTURE,B,24250,11.12,0,0.26,N,4
23,22300,OWN,1,MEDICAL,B,7500,11.12,0,0.34,N,4
23,79000,RENT,4,MEDICAL,B,5600,11.12,0,0.07,N,4
23,60000,OWN,1,VENTURE,B,2000,11.12,0,0.03,N,4
23,129996,MORTGAGE,2,VENTURE,B,30000,11.11,0,0.23,N,4
23,125000,RENT,7,VENTURE,B,20000,11.11,0,0.16,N,4
23,84000,RENT,7,PERSONAL,B,20000,11.11,0,0.24,N,4
23,38000,OWN,0,VENTURE,B,17500,11.11,0,0.46,N,4
23,36000,RENT,,DEBTCONSOLIDATION,B,9000,11.11,0,0.25,N,4
23,25000,RENT,3,MEDICAL,B,5600,11.11,0,0.22,N,4
23,85272,RENT,7,VENTURE,B,5000,11.11,0,0.06,N,4
23,74880,RENT,3,EDUCATION,B,3500,11.11,0,0.05,N,4
23,28800,OWN,2,PERSONAL,B,3000,11.11,0,0.1,N,4
23,24000,MORTGAGE,5,MEDICAL,B,1375,11.11,1,0.06,N,4
23,90000,RENT,7,EDUCATION,C,7500,11.03,0,0.08,N,4
23,33276,RENT,4,EDUCATION,C,6000,11.03,0,0.18,Y,4
23,50000,RENT,0,MEDICAL,C,5600,11.03,0,0.11,Y,4
23,75885,MORTGAGE,7,MEDICAL,C,3000,11.03,0,0.04,Y,4
23,75885,MORTGAGE,7,EDUCATION,C,3000,11.03,0,0.04,N,4
23,41000,RENT,2,DEBTCONSOLIDATION,C,3000,11.03,0,0.07,Y,4
23,92700,MORTGAGE,2,VENTURE,B,25000,10.99,0,0.27,N,4
23,72000,RENT,3,MEDICAL,B,19000,10.99,0,0.26,N,4
23,65280,OWN,4,MEDICAL,B,18000,10.99,0,0.28,N,4
23,62000,RENT,7,DEBTCONSOLIDATION,B,14000,10.99,0,0.23,N,4
23,38400,RENT,1,VENTURE,B,13250,10.99,1,0.35,N,4
23,33012,OWN,2,EDUCATION,B,12200,10.99,0,0.37,N,4
23,39000,RENT,1,EDUCATION,B,12000,10.99,1,0.31,N,4
23,95000,RENT,4,PERSONAL,B,10000,10.99,0,0.11,N,4
23,95000,RENT,4,EDUCATION,B,10000,10.99,0,0.11,N,4
23,70000,MORTGAGE,1,VENTURE,B,10000,10.99,0,0.14,N,4
23,85000,RENT,2,MEDICAL,B,9600,10.99,0,0.11,N,4
23,54000,MORTGAGE,7,MEDICAL,B,8800,10.99,0,0.16,N,4
23,54000,RENT,7,DEBTCONSOLIDATION,B,8000,10.99,0,0.15,N,4
23,42000,MORTGAGE,7,EDUCATION,B,8000,10.99,0,0.19,N,4
23,34482,RENT,7,PERSONAL,B,7000,10.99,0,0.2,N,4
23,57800,RENT,2,MEDICAL,B,6000,10.99,1,0.09,N,4
23,24000,RENT,1,VENTURE,B,5500,10.99,0,0.23,N,4
23,24000,RENT,1,VENTURE,B,5500,10.99,0,0.23,N,4
23,88000,RENT,1,VENTURE,B,5000,10.99,0,0.06,N,4
23,25000,RENT,1,EDUCATION,B,5000,10.99,0,0.2,N,4
23,30873,MORTGAGE,8,EDUCATION,B,4200,10.99,0,0.14,N,4
23,24000,OWN,,PERSONAL,B,4200,10.99,0,0.17,N,4
23,40000,MORTGAGE,7,PERSONAL,B,4000,10.99,0,0.1,N,4
23,36000,RENT,7,MEDICAL,B,4000,10.99,1,0.11,N,4
23,52800,RENT,6,MEDICAL,B,3000,10.99,0,0.06,N,4
23,50400,MORTGAGE,7,EDUCATION,B,2500,10.99,0,0.05,N,4
23,39000,RENT,7,DEBTCONSOLIDATION,B,2200,10.99,0,0.06,N,4
23,40000,MORTGAGE,2,MEDICAL,B,2000,10.99,0,0.05,N,4
23,40000,MORTGAGE,2,DEBTCONSOLIDATION,B,2000,10.99,0,0.05,N,4
23,28000,OWN,0,VENTURE,B,1250,10.99,0,0.04,N,4
23,33000,RENT,3,DEBTCONSOLIDATION,B,4000,10.96,0,0.12,N,4
23,84996,MORTGAGE,7,MEDICAL,B,10000,10.95,0,0.12,N,4
23,41000,MORTGAGE,0,VENTURE,B,4500,10.95,0,0.11,N,4
23,50508,OWN,8,PERSONAL,B,7500,10.83,0,0.15,N,4
23,29124,RENT,3,EDUCATION,B,1600,10.83,0,0.05,N,4
23,36000,RENT,6,VENTURE,C,9000,10.78,0,0.25,Y,4
23,85000,MORTGAGE,6,PERSONAL,B,25000,10.75,0,0.29,N,4
23,53664,MORTGAGE,7,EDUCATION,B,15000,10.75,0,0.28,N,4
23,40000,RENT,3,EDUCATION,B,10000,10.75,0,0.25,N,4
23,55000,MORTGAGE,1,EDUCATION,B,10000,10.75,0,0.18,N,4
23,65000,RENT,7,EDUCATION,B,7000,10.75,0,0.11,N,4
23,52000,OWN,2,EDUCATION,B,6000,10.75,0,0.12,N,4
23,37000,RENT,7,EDUCATION,B,3000,10.75,1,0.08,N,4
23,34662,MORTGAGE,1,HOMEIMPROVEMENT,B,3000,10.75,1,0.09,N,4
23,76000,RENT,3,VENTURE,B,15000,10.74,0,0.2,N,4
23,62510,MORTGAGE,5,EDUCATION,B,12000,10.74,0,0.19,N,4
23,36000,MORTGAGE,2,VENTURE,B,12000,10.74,0,0.33,N,4
23,48000,OWN,4,VENTURE,B,7000,10.74,0,0.15,N,4
23,29700,RENT,2,VENTURE,B,4000,10.74,0,0.13,N,4
23,32388,MORTGAGE,0,EDUCATION,B,6000,10.71,0,0.19,N,4
23,32388,MORTGAGE,0,VENTURE,B,6000,10.71,0,0.19,N,4
23,41000,MORTGAGE,7,DEBTCONSOLIDATION,B,5500,10.71,0,0.13,N,4
23,65000,MORTGAGE,7,EDUCATION,B,5125,10.71,0,0.08,N,4
23,76500,RENT,3,DEBTCONSOLIDATION,B,18000,10.65,1,0.24,N,4
23,69000,RENT,3,EDUCATION,B,15000,10.65,0,0.22,N,4
23,65000,RENT,3,PERSONAL,B,14000,10.65,0,0.22,N,4
23,31000,RENT,5,DEBTCONSOLIDATION,B,12500,10.65,1,0.4,N,4
23,42000,RENT,2,EDUCATION,B,12000,10.65,0,0.29,N,4
23,30000,RENT,6,EDUCATION,B,10775,10.65,1,0.36,N,4
23,48000,MORTGAGE,7,EDUCATION,B,10000,10.65,0,0.21,N,4
23,48000,MORTGAGE,7,DEBTCONSOLIDATION,B,10000,10.65,0,0.21,N,4
23,46330,RENT,0,PERSONAL,B,8000,10.65,0,0.17,N,4
23,54780,RENT,,PERSONAL,B,8000,10.65,1,0.15,N,4
23,46852,RENT,3,EDUCATION,B,6800,10.65,1,0.15,N,4
23,20000,MORTGAGE,2,MEDICAL,B,6400,10.65,0,0.32,N,4
23,40000,MORTGAGE,0,DEBTCONSOLIDATION,B,6000,10.65,0,0.15,N,4
23,27000,OWN,,EDUCATION,B,5000,10.65,0,0.19,N,4
23,100000,RENT,4,EDUCATION,B,4150,10.65,0,0.04,N,4
23,57700,MORTGAGE,7,PERSONAL,B,3500,10.65,0,0.06,N,4
23,62500,RENT,1,EDUCATION,B,24250,10.62,1,0.39,N,4
23,130000,MORTGAGE,7,EDUCATION,B,20000,10.62,0,0.15,N,4
23,50000,MORTGAGE,4,EDUCATION,B,20000,10.62,0,0.4,N,4
23,46551,MORTGAGE,7,VENTURE,B,15000,10.62,0,0.32,N,4
23,61615,MORTGAGE,4,PERSONAL,B,13000,10.62,0,0.21,N,4
23,38500,RENT,1,EDUCATION,B,8450,10.62,0,0.22,N,4
23,24000,RENT,4,DEBTCONSOLIDATION,B,5000,10.62,0,0.21,N,4
23,30000,MORTGAGE,3,EDUCATION,B,4500,10.62,0,0.15,N,4
23,40000,RENT,3,VENTURE,B,1000,10.62,0,0.03,N,4
23,60000,RENT,2,DEBTCONSOLIDATION,B,12800,10.59,0,0.21,N,4
23,80000,RENT,3,VENTURE,B,12000,10.59,0,0.15,N,4
23,45000,RENT,2,PERSONAL,B,11200,10.59,0,0.25,N,4
23,100000,MORTGAGE,7,VENTURE,B,10000,10.59,0,0.1,N,4
23,100000,MORTGAGE,7,PERSONAL,B,10000,10.59,0,0.1,N,4
23,72000,RENT,7,PERSONAL,B,10000,10.59,0,0.14,N,4
23,55000,RENT,7,PERSONAL,B,10000,10.59,0,0.18,N,4
23,83000,RENT,7,DEBTCONSOLIDATION,B,9000,10.59,0,0.11,N,4
23,26000,MORTGAGE,3,DEBTCONSOLIDATION,B,7800,10.59,0,0.3,N,4
23,50004,RENT,3,EDUCATION,B,5600,10.59,0,0.11,N,4
23,120000,OWN,7,VENTURE,B,3600,10.59,0,0.03,N,4
23,70000,OWN,0,EDUCATION,B,3600,10.59,0,0.05,N,4
23,70000,OWN,0,VENTURE,B,3600,10.59,0,0.05,N,4
23,45000,RENT,3,EDUCATION,B,3500,10.59,0,0.08,N,4
23,19200,RENT,2,EDUCATION,B,2000,10.59,0,0.1,N,4
23,54996,MORTGAGE,2,MEDICAL,B,1925,10.59,0,0.04,N,4
23,45000,MORTGAGE,1,EDUCATION,B,8000,10.51,0,0.18,N,4
23,57000,OWN,7,EDUCATION,B,4200,10.51,0,0.07,N,4
23,66000,RENT,7,MEDICAL,B,5000,10.39,0,0.08,N,4
23,38160,MORTGAGE,5,MEDICAL,B,12000,10.38,0,0.31,N,4
23,54000,MORTGAGE,5,EDUCATION,B,7750,10.38,1,0.14,N,4
23,30000,MORTGAGE,6,VENTURE,B,5000,10.38,0,0.17,N,4
23,96000,MORTGAGE,1,VENTURE,B,5000,10.38,0,0.05,N,4
23,24000,OWN,,VENTURE,B,5000,10.38,0,0.21,N,4
23,36000,MORTGAGE,3,VENTURE,B,4800,10.38,0,0.13,N,4
23,120000,RENT,4,MEDICAL,B,20000,10.37,0,0.17,N,4
23,60000,MORTGAGE,0,MEDICAL,B,15000,10.37,0,0.25,N,4
23,25960,RENT,1,VENTURE,B,12250,10.37,1,0.47,N,4
23,127500,RENT,8,VENTURE,B,12000,10.37,0,0.09,N,4
23,85000,RENT,0,PERSONAL,B,12000,10.37,0,0.14,N,4
23,30680,RENT,7,DEBTCONSOLIDATION,B,10000,10.37,1,0.33,N,4
23,55000,RENT,4,EDUCATION,B,10000,10.37,0,0.18,N,4
23,58000,RENT,4,EDUCATION,B,8000,10.37,0,0.14,N,4
23,43000,RENT,3,DEBTCONSOLIDATION,B,8000,10.37,0,0.19,N,4
23,38400,MORTGAGE,7,VENTURE,B,5000,10.37,0,0.13,N,4
23,17520,RENT,5,DEBTCONSOLIDATION,B,3000,10.37,1,0.17,N,4
23,57744,MORTGAGE,7,VENTURE,B,2500,10.37,0,0.04,N,4
23,85000,MORTGAGE,7,VENTURE,B,25000,10.36,0,0.29,N,4
23,45000,RENT,2,PERSONAL,B,14500,10.36,1,0.32,N,4
23,45000,RENT,2,VENTURE,B,14500,10.36,1,0.32,N,4
23,34000,RENT,7,EDUCATION,B,10000,10.36,1,0.29,N,4
23,85000,MORTGAGE,1,VENTURE,B,10000,10.36,0,0.12,N,4
23,90000,MORTGAGE,4,MEDICAL,B,4800,10.36,0,0.05,N,4
23,30000,RENT,0,MEDICAL,B,4000,10.36,0,0.13,N,4
23,58800,RENT,7,PERSONAL,B,3000,10.36,1,0.05,N,4
23,42000,RENT,1,PERSONAL,B,7500,10.33,0,0.18,N,4
23,60000,RENT,7,PERSONAL,B,25000,10.25,1,0.42,N,4
23,80000,MORTGAGE,,EDUCATION,B,25000,10.25,0,0.31,N,4
23,60000,RENT,6,DEBTCONSOLIDATION,B,22000,10.25,1,0.37,N,4
23,59000,RENT,8,VENTURE,B,17000,10.25,0,0.29,N,4
23,53000,RENT,8,PERSONAL,B,17000,10.25,1,0.32,N,4
23,81120,MORTGAGE,3,PERSONAL,B,15000,10.25,0,0.18,N,4
23,29976,RENT,3,PERSONAL,B,15000,10.25,1,0.5,N,4
23,48645,RENT,1,VENTURE,B,12000,10.25,0,0.25,N,4
23,42000,MORTGAGE,2,EDUCATION,B,5200,10.25,0,0.12,N,4
23,60000,RENT,1,MEDICAL,B,3000,10.25,0,0.05,N,4
23,28000,RENT,0,DEBTCONSOLIDATION,B,3000,10.25,0,0.11,N,4
23,48000,OWN,6,EDUCATION,B,5000,10.08,0,0.1,N,4
23,55200,MORTGAGE,7,EDUCATION,B,4000,10.08,0,0.07,N,4
23,45000,RENT,6,VENTURE,B,1600,10.08,0,0.04,N,4
23,48000,RENT,2,EDUCATION,B,16000,10,1,0.33,N,4
23,81500,MORTGAGE,4,DEBTCONSOLIDATION,B,15000,10,0,0.18,N,4
23,35000,RENT,3,DEBTCONSOLIDATION,B,12000,10,1,0.34,N,4
23,65000,MORTGAGE,1,PERSONAL,B,10800,10,0,0.17,N,4
23,38400,OWN,5,EDUCATION,B,7675,10,0,0.2,N,4
23,34008,RENT,5,VENTURE,B,3000,10,0,0.09,N,4
23,42000,RENT,7,EDUCATION,B,1400,10,1,0.03,N,4
23,8088,RENT,,MEDICAL,B,1000,10,0,0.12,N,4
23,65000,MORTGAGE,0,DEBTCONSOLIDATION,B,18000,9.99,0,0.28,N,4
23,47000,RENT,8,DEBTCONSOLIDATION,B,17000,9.99,1,0.36,N,4
23,50000,MORTGAGE,7,DEBTCONSOLIDATION,B,15000,9.99,0,0.3,N,4
23,120000,RENT,3,MEDICAL,B,14000,9.99,0,0.12,N,4
23,36000,RENT,5,MEDICAL,B,10000,9.99,0,0.28,N,4
23,70000,RENT,1,MEDICAL,B,10000,9.99,0,0.14,N,4
23,24000,RENT,,PERSONAL,B,9600,9.99,1,0.4,N,4
23,50400,RENT,5,EDUCATION,B,9400,9.99,0,0.19,N,4
23,26000,RENT,4,EDUCATION,B,8300,9.99,1,0.32,N,4
23,31200,MORTGAGE,7,DEBTCONSOLIDATION,B,7550,9.99,0,0.24,N,4
23,28000,OWN,6,VENTURE,B,7000,9.99,0,0.25,N,4
23,42000,RENT,5,VENTURE,B,6000,9.99,0,0.14,N,4
23,42000,RENT,5,VENTURE,B,6000,9.99,0,0.14,N,4
23,62000,RENT,,VENTURE,B,5600,9.99,0,0.09,N,4
23,63800,RENT,7,EDUCATION,B,5000,9.99,0,0.08,N,4
23,25596,RENT,2,MEDICAL,B,4500,9.99,0,0.18,N,4
23,40000,MORTGAGE,3,VENTURE,B,4000,9.99,0,0.1,N,4
23,10560,RENT,0,DEBTCONSOLIDATION,B,2800,9.99,1,0.27,N,4
23,80000,RENT,1,VENTURE,B,2000,9.99,0,0.03,N,4
23,78000,RENT,1,VENTURE,B,3500,9.96,0,0.04,N,4
23,33000,RENT,4,VENTURE,B,18000,9.91,1,0.55,N,4
23,68000,MORTGAGE,7,MEDICAL,B,10000,9.91,0,0.15,N,4
23,60036,RENT,7,MEDICAL,B,7200,9.91,0,0.12,N,4
23,62000,RENT,5,PERSONAL,B,7000,9.91,0,0.11,N,4
23,25000,RENT,0,MEDICAL,B,5800,9.91,0,0.23,N,4
23,31516,RENT,,DEBTCONSOLIDATION,B,5000,9.91,1,0.16,N,4
23,55000,RENT,7,MEDICAL,B,4200,9.91,0,0.08,N,4
23,25000,RENT,1,VENTURE,B,4025,9.91,0,0.16,N,4
23,69600,OWN,7,VENTURE,B,1925,9.91,0,0.03,N,4
23,54660,RENT,6,MEDICAL,B,17000,9.88,1,0.31,N,4
23,95000,RENT,6,EDUCATION,B,15000,9.88,0,0.16,N,4
23,80000,MORTGAGE,1,EDUCATION,B,15000,9.88,0,0.19,N,4
23,60000,RENT,7,VENTURE,B,10000,9.88,0,0.17,N,4
23,66000,MORTGAGE,7,VENTURE,B,5000,9.88,0,0.08,N,4
23,150000,MORTGAGE,8,DEBTCONSOLIDATION,B,24000,9.76,0,0.16,N,4
23,24960,RENT,0,PERSONAL,B,10000,9.64,1,0.4,N,4
23,50052,OWN,8,PERSONAL,B,15000,9.63,0,0.3,N,4
23,97000,OWN,7,MEDICAL,B,15000,9.63,0,0.15,N,4
23,95000,RENT,4,EDUCATION,B,12000,9.63,0,0.13,N,4
23,50000,OWN,0,MEDICAL,A,10200,9.63,0,0.2,N,4
23,66000,MORTGAGE,7,PERSONAL,B,10000,9.63,0,0.15,N,4
23,76800,MORTGAGE,4,VENTURE,A,10000,9.63,0,0.13,N,4
23,56996,OWN,2,VENTURE,A,9575,9.63,0,0.17,N,4
23,69000,RENT,8,EDUCATION,B,9000,9.63,1,0.13,N,4
23,42000,RENT,7,EDUCATION,B,6025,9.63,0,0.14,N,4
23,28000,RENT,5,PERSONAL,B,6000,9.63,0,0.21,N,4
23,28000,RENT,0,EDUCATION,A,6000,9.63,0,0.21,N,4
23,28000,RENT,0,MEDICAL,A,6000,9.63,0,0.21,N,4
23,30900,RENT,1,PERSONAL,A,5775,9.63,1,0.19,N,4
23,95004,RENT,2,EDUCATION,A,5000,9.63,0,0.05,N,4
23,95004,RENT,2,PERSONAL,A,5000,9.63,0,0.05,N,4
23,16500,OWN,6,VENTURE,B,4375,9.63,1,0.27,N,4
23,44000,RENT,4,PERSONAL,B,3000,9.62,1,0.07,N,4
23,53500,MORTGAGE,,DEBTCONSOLIDATION,B,2000,9.62,0,0.04,N,4
23,54000,RENT,7,EDUCATION,B,1500,9.62,0,0.03,N,4
23,45600,OWN,7,MEDICAL,B,1000,9.62,0,0.02,N,4
23,180000,MORTGAGE,2,VENTURE,B,5000,9.33,0,0.03,N,4
23,41004,MORTGAGE,8,VENTURE,A,10000,9.32,0,0.24,N,4
23,66000,RENT,2,MEDICAL,A,10000,9.32,0,0.15,N,4
23,48000,MORTGAGE,2,EDUCATION,A,10000,9.32,0,0.21,N,4
23,25000,RENT,0,PERSONAL,A,5500,9.32,0,0.22,N,4
23,45000,RENT,3,DEBTCONSOLIDATION,A,5000,9.32,0,0.11,N,4
23,11000,OWN,0,VENTURE,A,1400,9.32,0,0.13,N,4
23,30000,MORTGAGE,0,HOMEIMPROVEMENT,A,1000,9.32,1,0.03,N,4
23,39996,RENT,2,EDUCATION,B,18000,9.25,1,0.45,N,4
23,59000,RENT,1,EDUCATION,B,17500,9.25,0,0.3,N,4
23,60400,RENT,2,VENTURE,B,8000,9.25,0,0.13,N,4
23,80500,RENT,5,DEBTCONSOLIDATION,B,7200,9.25,0,0.09,N,4
23,85000,MORTGAGE,0,EDUCATION,B,7000,9.25,0,0.08,N,4
23,21600,RENT,3,EDUCATION,B,5500,9.25,0,0.25,N,4
23,45000,RENT,0,VENTURE,B,4500,9.25,0,0.1,N,4
23,13200,MORTGAGE,2,EDUCATION,B,1400,9.25,0,0.11,N,4
23,55000,MORTGAGE,7,DEBTCONSOLIDATION,B,15000,9.2,0,0.27,N,4
23,62004,MORTGAGE,7,MEDICAL,A,10000,9.07,0,0.16,N,4
23,40000,RENT,0,VENTURE,A,15000,8.94,1,0.38,N,4
23,30000,MORTGAGE,7,EDUCATION,A,12000,8.94,0,0.4,N,4
23,29856,RENT,0,PERSONAL,A,10300,8.94,1,0.34,N,4
23,149385,OWN,7,VENTURE,A,7000,8.94,0,0.05,N,4
23,29120,OWN,0,EDUCATION,A,6400,8.94,0,0.22,N,4
23,29120,OWN,0,MEDICAL,A,6400,8.94,0,0.22,N,4
23,92700,MORTGAGE,2,EDUCATION,A,5000,8.94,0,0.05,N,4
23,20400,RENT,3,DEBTCONSOLIDATION,A,4000,8.94,0,0.2,N,4
23,22790,RENT,7,VENTURE,A,2400,8.94,0,0.11,N,4
23,37500,RENT,0,DEBTCONSOLIDATION,A,1800,8.94,0,0.05,N,4
23,90000,OWN,7,MEDICAL,A,35000,8.9,0,0.39,N,4
23,125000,MORTGAGE,6,EDUCATION,A,35000,8.9,0,0.28,N,4
23,70000,MORTGAGE,2,EDUCATION,A,24000,8.9,0,0.34,N,4
23,86000,MORTGAGE,5,EDUCATION,A,21000,8.9,0,0.24,N,4
23,45000,RENT,1,DEBTCONSOLIDATION,A,17625,8.9,1,0.39,N,4
23,70550,MORTGAGE,7,MEDICAL,A,15000,8.9,1,0.18,N,4
23,294000,MORTGAGE,6,EDUCATION,A,15000,8.9,0,0.05,N,4
23,44100,RENT,8,MEDICAL,A,13000,8.9,0,0.29,N,4
23,38500,RENT,8,DEBTCONSOLIDATION,A,12800,8.9,1,0.33,N,4
23,109000,MORTGAGE,5,EDUCATION,A,7500,8.9,0,0.07,N,4
23,62400,MORTGAGE,4,VENTURE,A,7200,8.9,0,0.12,N,4
23,50000,OWN,5,VENTURE,A,7000,8.9,0,0.14,N,4
23,32000,RENT,4,EDUCATION,A,6400,8.9,0,0.2,N,4
23,38400,RENT,3,DEBTCONSOLIDATION,A,6250,8.9,0,0.16,N,4
23,60000,MORTGAGE,7,PERSONAL,A,6000,8.9,0,0.1,N,4
23,55000,MORTGAGE,7,VENTURE,A,5200,8.9,0,0.09,N,4
23,120000,MORTGAGE,3,VENTURE,A,5000,8.9,0,0.04,N,4
23,28000,RENT,0,EDUCATION,A,4000,8.9,0,0.14,N,4
23,60000,MORTGAGE,7,MEDICAL,A,3000,8.9,0,0.05,N,4
23,90000,RENT,4,PERSONAL,B,18000,8.88,0,0.2,N,4
23,70000,RENT,1,MEDICAL,B,17000,8.88,0,0.24,N,4
23,81000,MORTGAGE,8,PERSONAL,B,10000,8.88,0,0.12,N,4
23,68400,MORTGAGE,,VENTURE,B,1800,8.88,0,0.03,N,4
23,27000,RENT,7,DEBTCONSOLIDATION,A,11000,8.59,1,0.41,N,4
23,75000,OWN,5,VENTURE,A,7600,8.59,0,0.1,N,4
23,100000,MORTGAGE,0,DEBTCONSOLIDATION,A,7000,8.59,0,0.07,N,4
23,61360,OWN,3,MEDICAL,A,6125,8.59,0,0.1,N,4
23,58650,MORTGAGE,7,MEDICAL,A,5000,8.59,1,0.07,N,4
23,33004,OWN,5,EDUCATION,A,5000,8.59,0,0.15,N,4
23,18000,RENT,0,EDUCATION,A,5000,8.59,1,0.28,N,4
23,108000,OWN,2,VENTURE,A,35000,8.49,0,0.32,N,4
23,84000,MORTGAGE,0,PERSONAL,A,28000,8.49,0,0.33,N,4
23,51000,RENT,7,PERSONAL,A,17000,8.49,1,0.33,N,4
23,44000,RENT,7,EDUCATION,A,16000,8.49,1,0.36,N,4
23,84000,RENT,3,MEDICAL,A,15850,8.49,0,0.19,N,4
23,44000,MORTGAGE,7,PERSONAL,A,10000,8.49,1,0.23,N,4
23,86748,MORTGAGE,2,PERSONAL,A,10000,8.49,0,0.12,N,4
23,95000,MORTGAGE,3,MEDICAL,A,9950,8.49,0,0.1,N,4
23,59000,MORTGAGE,7,EDUCATION,A,9000,8.49,0,0.15,N,4
23,42000,RENT,7,VENTURE,A,9000,8.49,0,0.21,N,4
23,115000,MORTGAGE,1,VENTURE,A,8000,8.49,0,0.07,N,4
23,96000,RENT,7,EDUCATION,A,7300,8.49,0,0.08,N,4
23,96000,RENT,7,EDUCATION,A,7300,8.49,0,0.08,N,4
23,65000,MORTGAGE,1,VENTURE,A,7000,8.49,0,0.11,N,4
23,65000,MORTGAGE,1,DEBTCONSOLIDATION,A,7000,8.49,0,0.11,N,4
23,50000,MORTGAGE,2,VENTURE,A,6400,8.49,0,0.13,N,4
23,114000,OWN,7,VENTURE,A,6000,8.49,0,0.05,N,4
23,63000,RENT,0,DEBTCONSOLIDATION,A,5600,8.49,0,0.09,N,4
23,40000,OWN,7,MEDICAL,A,5000,8.49,0,0.13,N,4
23,75000,OWN,5,PERSONAL,A,5000,8.49,0,0.07,N,4
23,82500,MORTGAGE,0,EDUCATION,A,5000,8.49,0,0.06,N,4
23,48500,RENT,5,DEBTCONSOLIDATION,A,3850,8.49,0,0.08,N,4
23,43000,RENT,1,EDUCATION,A,3000,8.49,0,0.07,N,4
23,36000,RENT,0,EDUCATION,A,2425,8.49,0,0.07,N,4
23,48000,RENT,1,MEDICAL,A,2400,8.49,0,0.05,N,4
23,40000,RENT,7,PERSONAL,A,2675,8.07,0,0.07,N,4
23,125000,OTHER,4,VENTURE,A,7500,8,0,0.06,N,4
23,45000,RENT,2,MEDICAL,A,6575,8,0,0.15,N,4
23,68000,MORTGAGE,4,EDUCATION,A,1000,8,0,0.01,N,4
23,160000,MORTGAGE,7,DEBTCONSOLIDATION,A,15000,7.91,0,0.09,N,4
23,95000,MORTGAGE,7,EDUCATION,A,35000,7.9,0,0.37,N,4
23,115000,RENT,2,EDUCATION,A,35000,7.9,0,0.3,N,4
23,115000,RENT,2,EDUCATION,A,35000,7.9,0,0.3,N,4
23,120000,RENT,0,EDUCATION,A,35000,7.9,0,0.29,N,4
23,60000,MORTGAGE,7,EDUCATION,A,25850,7.9,0,0.43,N,4
23,67000,RENT,3,EDUCATION,A,25000,7.9,1,0.37,N,4
23,100800,MORTGAGE,4,DEBTCONSOLIDATION,A,20000,7.9,0,0.2,N,4
23,80000,RENT,4,MEDICAL,A,20000,7.9,0,0.25,N,4
23,89204,MORTGAGE,5,EDUCATION,A,18000,7.9,0,0.2,N,4
23,113698,MORTGAGE,7,EDUCATION,A,15000,7.9,0,0.13,N,4
23,45000,RENT,1,PERSONAL,A,15000,7.9,1,0.33,N,4
23,29000,MORTGAGE,5,DEBTCONSOLIDATION,A,11500,7.9,0,0.4,N,4
23,70560,RENT,1,MEDICAL,A,9600,7.9,0,0.14,N,4
23,70560,RENT,1,VENTURE,A,9600,7.9,0,0.14,N,4
23,60626,RENT,4,EDUCATION,A,8625,7.9,0,0.14,N,4
23,75000,RENT,2,MEDICAL,A,8000,7.9,0,0.11,N,4
23,58600,MORTGAGE,6,PERSONAL,A,7800,7.9,0,0.13,N,4
23,38000,RENT,0,DEBTCONSOLIDATION,A,7200,7.9,0,0.19,N,4
23,60000,MORTGAGE,7,MEDICAL,A,7000,7.9,0,0.12,N,4
23,65000,MORTGAGE,3,MEDICAL,A,7000,7.9,0,0.11,N,4
23,65000,MORTGAGE,3,VENTURE,A,7000,7.9,0,0.11,N,4
23,36000,RENT,1,EDUCATION,A,7000,7.9,0,0.19,N,4
23,36000,RENT,1,EDUCATION,A,7000,7.9,0,0.19,N,4
23,46443,RENT,7,EDUCATION,A,6000,7.9,0,0.13,N,4
23,36000,RENT,1,MEDICAL,A,5600,7.9,0,0.16,N,4
23,38000,MORTGAGE,5,MEDICAL,A,5400,7.9,0,0.14,N,4
23,13200,OWN,3,DEBTCONSOLIDATION,A,4950,7.9,1,0.38,N,4
23,41000,RENT,7,EDUCATION,A,4700,7.9,0,0.11,N,4
23,26400,RENT,7,DEBTCONSOLIDATION,A,3800,7.9,0,0.14,N,4
23,88000,MORTGAGE,3,VENTURE,A,2700,7.9,0,0.03,N,4
23,63300,RENT,3,DEBTCONSOLIDATION,A,2400,7.9,0,0.04,N,4
23,75000,RENT,0,VENTURE,A,2200,7.9,0,0.03,N,4
23,93000,MORTGAGE,5,DEBTCONSOLIDATION,A,2000,7.9,0,0.02,N,4
23,80000,MORTGAGE,5,VENTURE,A,2000,7.9,0,0.03,N,4
23,99996,RENT,3,DEBTCONSOLIDATION,A,22000,7.88,0,0.22,N,4
23,60000,MORTGAGE,3,EDUCATION,A,20000,7.88,0,0.33,N,4
23,100000,MORTGAGE,7,EDUCATION,A,15000,7.88,0,0.15,N,4
23,100000,MORTGAGE,7,EDUCATION,A,15000,7.88,0,0.15,N,4
23,50000,RENT,7,PERSONAL,A,15000,7.88,0,0.3,N,4
23,60000,MORTGAGE,3,PERSONAL,A,13000,7.88,0,0.22,N,4
23,119496,MORTGAGE,7,EDUCATION,A,12000,7.88,0,0.1,N,4
23,62000,MORTGAGE,7,VENTURE,A,11200,7.88,0,0.18,N,4
23,77000,MORTGAGE,7,EDUCATION,A,10000,7.88,0,0.13,N,4
23,48000,RENT,7,DEBTCONSOLIDATION,A,9800,7.88,0,0.2,N,4
23,80000,RENT,2,PERSONAL,A,9600,7.88,0,0.12,N,4
23,66000,RENT,3,EDUCATION,A,8550,7.88,0,0.13,N,4
23,79200,MORTGAGE,6,EDUCATION,A,8000,7.88,0,0.1,N,4
23,38000,RENT,0,MEDICAL,A,7500,7.88,0,0.2,N,4
23,66996,MORTGAGE,2,DEBTCONSOLIDATION,A,7000,7.88,0,0.1,N,4
23,28038,RENT,2,DEBTCONSOLIDATION,A,7000,7.88,0,0.25,N,4
23,18000,RENT,1,PERSONAL,A,7000,7.88,1,0.39,N,4
23,32000,RENT,0,EDUCATION,A,6500,7.88,0,0.2,N,4
23,49000,MORTGAGE,2,VENTURE,A,6000,7.88,0,0.12,N,4
23,34000,RENT,4,VENTURE,A,5000,7.88,0,0.15,N,4
23,75000,OWN,7,VENTURE,A,20400,7.74,0,0.27,N,4
23,95000,OWN,2,EDUCATION,A,10900,7.74,0,0.11,N,4
23,28000,RENT,8,DEBTCONSOLIDATION,A,8000,7.74,0,0.29,N,4
23,30000,MORTGAGE,0,DEBTCONSOLIDATION,A,6500,7.74,0,0.22,N,4
23,75000,MORTGAGE,3,EDUCATION,A,4900,7.74,0,0.07,N,4
23,12000,RENT,0,EDUCATION,A,2000,7.74,1,0.17,N,4
23,40308,MORTGAGE,1,EDUCATION,A,5000,7.68,0,0.12,N,4
23,41004,RENT,1,MEDICAL,A,4000,7.68,0,0.1,N,4
23,32000,RENT,0,PERSONAL,A,4000,7.68,0,0.13,N,4
23,32000,MORTGAGE,4,VENTURE,A,1200,7.68,0,0.04,N,4
23,60000,RENT,3,MEDICAL,A,13000,7.66,1,0.22,N,4
23,113000,MORTGAGE,4,DEBTCONSOLIDATION,A,12000,7.66,0,0.11,N,4
23,37000,RENT,1,EDUCATION,A,10400,7.66,0,0.28,N,4
23,83000,MORTGAGE,7,DEBTCONSOLIDATION,A,10000,7.66,0,0.12,N,4
23,18500,RENT,,EDUCATION,A,7000,7.66,1,0.38,N,4
23,63000,MORTGAGE,7,PERSONAL,A,6800,7.66,0,0.11,N,4
23,28284,RENT,8,VENTURE,A,6000,7.66,0,0.21,N,4
23,50000,MORTGAGE,5,DEBTCONSOLIDATION,A,6000,7.66,0,0.12,N,4
23,108000,RENT,7,EDUCATION,A,5000,7.66,0,0.05,N,4
23,29730,RENT,2,DEBTCONSOLIDATION,A,5000,7.66,0,0.17,N,4
23,44000,RENT,4,DEBTCONSOLIDATION,A,3000,7.66,1,0.07,N,4
23,38000,RENT,3,PERSONAL,A,19750,7.51,1,0.52,N,4
23,95000,MORTGAGE,7,EDUCATION,A,19000,7.51,0,0.2,N,4
23,51000,RENT,3,DEBTCONSOLIDATION,A,14400,7.51,0,0.28,N,4
23,28800,OWN,7,MEDICAL,A,12250,7.51,0,0.43,N,4
23,88500,MORTGAGE,3,EDUCATION,A,12000,7.51,0,0.14,N,4
23,38000,RENT,7,VENTURE,A,10000,7.51,0,0.26,N,4
23,95004,MORTGAGE,4,VENTURE,A,10000,7.51,0,0.11,N,4
23,84500,MORTGAGE,3,VENTURE,A,10000,7.51,0,0.12,N,4
23,33280,RENT,2,EDUCATION,A,10000,7.51,0,0.3,N,4
23,71000,MORTGAGE,7,EDUCATION,A,9600,7.51,0,0.14,N,4
23,80400,RENT,4,EDUCATION,A,9000,7.51,0,0.11,N,4
23,26976,RENT,4,PERSONAL,A,9000,7.51,1,0.33,N,4
23,42000,RENT,3,DEBTCONSOLIDATION,A,9000,7.51,0,0.21,N,4
23,39700,MORTGAGE,8,EDUCATION,A,8400,7.51,0,0.21,N,4
23,30000,RENT,5,MEDICAL,A,8250,7.51,0,0.28,N,4
23,47000,MORTGAGE,8,VENTURE,A,7500,7.51,0,0.16,N,4
23,55000,MORTGAGE,7,DEBTCONSOLIDATION,A,7500,7.51,0,0.14,N,4
23,50000,RENT,3,EDUCATION,A,7000,7.51,0,0.14,N,4
23,44400,MORTGAGE,3,EDUCATION,A,6500,7.51,0,0.15,N,4
23,130992,MORTGAGE,6,MEDICAL,A,6000,7.51,0,0.05,N,4
23,56000,MORTGAGE,6,DEBTCONSOLIDATION,A,5500,7.51,0,0.1,N,4
23,76500,MORTGAGE,2,EDUCATION,A,4800,7.51,0,0.06,N,4
23,39996,MORTGAGE,3,EDUCATION,A,3600,7.51,0,0.09,N,4
23,24290,RENT,0,MEDICAL,A,3400,7.51,0,0.14,N,4
23,44000,MORTGAGE,4,EDUCATION,A,3200,7.51,0,0.07,N,4
23,70000,MORTGAGE,5,PERSONAL,A,3000,7.51,0,0.04,N,4
23,45000,RENT,0,EDUCATION,A,1500,7.51,0,0.03,N,4
23,150000,RENT,0,EDUCATION,A,24000,7.49,0,0.16,N,4
23,85000,MORTGAGE,0,EDUCATION,A,24000,7.49,0,0.28,N,4
23,90000,MORTGAGE,7,VENTURE,A,21000,7.49,0,0.23,N,4
23,65000,MORTGAGE,5,DEBTCONSOLIDATION,A,16500,7.49,0,0.25,N,4
23,45000,RENT,5,PERSONAL,A,15000,7.49,1,0.33,N,4
23,90000,MORTGAGE,1,EDUCATION,A,13675,7.49,0,0.15,N,4
23,96000,MORTGAGE,2,MEDICAL,A,12000,7.49,0,0.13,N,4
23,56000,RENT,3,DEBTCONSOLIDATION,A,11000,7.49,0,0.2,N,4
23,58216,RENT,5,MEDICAL,A,10000,7.49,0,0.17,N,4
23,84000,RENT,1,VENTURE,A,10000,7.49,0,0.12,N,4
23,81600,MORTGAGE,7,DEBTCONSOLIDATION,A,9000,7.49,0,0.11,N,4
23,80000,MORTGAGE,6,EDUCATION,A,9000,7.49,0,0.11,N,4
23,75000,MORTGAGE,7,PERSONAL,A,8000,7.49,1,0.11,N,4
23,55000,MORTGAGE,7,MEDICAL,A,8000,7.49,0,0.15,N,4
23,55000,MORTGAGE,4,EDUCATION,A,8000,7.49,0,0.15,N,4
23,50000,RENT,0,EDUCATION,A,8000,7.49,0,0.16,N,4
23,85000,RENT,0,DEBTCONSOLIDATION,A,7175,7.49,0,0.08,N,4
23,43600,MORTGAGE,4,EDUCATION,A,7000,7.49,0,0.16,N,4
23,28800,RENT,4,MEDICAL,A,7000,7.49,0,0.24,N,4
23,41124,RENT,7,DEBTCONSOLIDATION,A,6000,7.49,0,0.15,N,4
23,56000,RENT,6,EDUCATION,A,6000,7.49,0,0.11,N,4
23,34200,MORTGAGE,,MEDICAL,A,5500,7.49,0,0.16,N,4
23,75000,RENT,4,VENTURE,A,5000,7.49,0,0.07,N,4
23,36100,RENT,2,EDUCATION,A,5000,7.49,0,0.14,N,4
23,30000,RENT,6,DEBTCONSOLIDATION,A,4800,7.49,0,0.16,N,4
23,32400,RENT,4,EDUCATION,A,4500,7.49,0,0.14,N,4
23,18000,RENT,,VENTURE,A,4500,7.49,1,0.25,N,4
23,75000,MORTGAGE,4,DEBTCONSOLIDATION,A,4200,7.49,0,0.06,N,4
23,83200,MORTGAGE,6,EDUCATION,A,4000,7.49,0,0.05,N,4
23,65000,RENT,1,PERSONAL,A,4000,7.49,0,0.06,N,4
23,35000,MORTGAGE,4,VENTURE,A,3825,7.49,0,0.11,N,4
23,24000,RENT,0,MEDICAL,A,3050,7.49,0,0.13,N,4
23,65000,MORTGAGE,7,PERSONAL,A,5000,7.43,0,0.08,N,4
23,200000,MORTGAGE,0,PERSONAL,A,5000,7.43,0,0.03,N,4
23,46000,RENT,1,EDUCATION,A,7000,7.4,0,0.15,N,4
23,44000,MORTGAGE,2,VENTURE,A,2000,7.4,0,0.05,N,4
23,34000,RENT,0,MEDICAL,A,1000,7.37,0,0.03,N,4
23,40000,OWN,7,EDUCATION,A,13000,7.29,0,0.33,N,4
23,62400,RENT,0,PERSONAL,A,12000,7.29,0,0.19,N,4
23,87000,MORTGAGE,5,EDUCATION,A,10000,7.29,0,0.11,N,4
23,35000,RENT,2,VENTURE,A,10000,7.29,0,0.29,N,4
23,27600,MORTGAGE,,EDUCATION,A,9800,7.29,0,0.36,N,4
23,45286,RENT,5,PERSONAL,A,8000,7.29,0,0.18,N,4
23,64000,MORTGAGE,4,VENTURE,A,5550,7.29,0,0.09,N,4
23,80000,MORTGAGE,7,VENTURE,A,4800,7.29,0,0.06,N,4
23,70000,OWN,,VENTURE,A,11000,7.14,0,0.16,N,4
23,150000,MORTGAGE,5,VENTURE,A,10000,7.14,0,0.07,N,4
23,65000,MORTGAGE,3,PERSONAL,A,8000,7.14,0,0.12,N,4
23,65000,MORTGAGE,3,EDUCATION,A,8000,7.14,0,0.12,N,4
23,21360,RENT,0,MEDICAL,A,7500,7.14,1,0.35,N,4
23,57738,MORTGAGE,7,EDUCATION,A,7000,7.14,0,0.12,N,4
23,45984,RENT,7,VENTURE,A,5000,7.14,0,0.11,N,4
23,120000,MORTGAGE,7,DEBTCONSOLIDATION,A,4900,7.14,0,0.04,N,4
23,78500,MORTGAGE,7,DEBTCONSOLIDATION,A,4800,7.14,0,0.06,N,4
23,88000,RENT,4,HOMEIMPROVEMENT,A,4000,7.14,1,0.05,N,4
23,9600,RENT,0,VENTURE,A,4000,7.14,1,0.42,N,4
23,20000,RENT,1,PERSONAL,A,3200,7.14,0,0.16,N,4
23,105600,MORTGAGE,2,PERSONAL,A,25000,6.99,0,0.24,N,4
23,90000,MORTGAGE,7,PERSONAL,A,22000,6.99,0,0.24,N,4
23,99000,RENT,7,PERSONAL,A,15000,6.99,0,0.15,N,4
23,34000,MORTGAGE,2,DEBTCONSOLIDATION,A,10000,6.99,0,0.29,N,4
23,65000,MORTGAGE,7,MEDICAL,A,7000,6.99,0,0.11,N,4
23,30000,RENT,2,EDUCATION,A,6400,6.99,0,0.21,N,4
23,75000,RENT,1,VENTURE,A,6000,6.99,0,0.08,N,4
23,67200,MORTGAGE,7,EDUCATION,A,5525,6.99,0,0.08,N,4
23,22800,RENT,5,EDUCATION,A,1775,6.99,0,0.08,N,4
23,33996,RENT,1,EDUCATION,A,1500,6.99,0,0.04,N,4
23,75000,MORTGAGE,0,DEBTCONSOLIDATION,A,12000,6.92,0,0.16,N,4
23,30000,RENT,8,EDUCATION,A,10625,6.92,1,0.35,N,4
23,73500,MORTGAGE,7,VENTURE,A,10000,6.92,0,0.14,N,4
23,60000,OWN,3,MEDICAL,A,10000,6.92,0,0.17,N,4
23,85000,MORTGAGE,3,EDUCATION,A,7200,6.92,0,0.08,N,4
23,28000,MORTGAGE,5,EDUCATION,A,4000,6.92,0,0.14,N,4
23,31577,OWN,6,EDUCATION,A,2500,6.92,0,0.08,N,4
23,81504,MORTGAGE,6,DEBTCONSOLIDATION,A,2400,6.92,0,0.03,N,4
23,99200,MORTGAGE,7,DEBTCONSOLIDATION,A,23000,6.91,0,0.23,N,4
23,62471,MORTGAGE,,PERSONAL,A,12000,6.91,0,0.19,N,4
23,21000,RENT,6,DEBTCONSOLIDATION,A,7500,6.91,1,0.36,N,4
23,78000,MORTGAGE,2,VENTURE,A,6000,6.91,0,0.08,N,4
23,38004,RENT,5,EDUCATION,A,5000,6.91,0,0.13,N,4
23,60000,RENT,2,VENTURE,A,5000,6.91,0,0.08,N,4
23,72000,MORTGAGE,5,PERSONAL,A,8700,6.76,0,0.12,N,4
23,52800,RENT,3,EDUCATION,A,4500,6.76,0,0.09,N,4
23,70000,MORTGAGE,7,DEBTCONSOLIDATION,A,4400,6.76,0,0.06,N,4
23,85000,MORTGAGE,3,EDUCATION,A,4000,6.76,0,0.05,N,4
23,55000,RENT,1,MEDICAL,A,3800,6.76,0,0.07,N,4
23,67000,OWN,1,VENTURE,A,3250,6.76,0,0.05,N,4
23,30000,OWN,,EDUCATION,A,14125,6.62,0,0.47,N,4
23,80000,RENT,1,MEDICAL,A,12000,6.62,0,0.15,N,4
23,45000,RENT,7,EDUCATION,A,10000,6.62,0,0.22,N,4
23,70000,MORTGAGE,5,PERSONAL,A,10000,6.62,0,0.14,N,4
23,57664,MORTGAGE,4,EDUCATION,A,10000,6.62,0,0.17,N,4
23,98400,MORTGAGE,7,EDUCATION,A,9000,6.62,0,0.09,N,4
23,96000,MORTGAGE,4,PERSONAL,A,9000,6.62,0,0.09,N,4
23,65000,MORTGAGE,0,EDUCATION,A,8200,6.62,0,0.13,N,4
23,38400,MORTGAGE,6,EDUCATION,A,8000,6.62,0,0.21,N,4
23,65000,RENT,2,EDUCATION,A,8000,6.62,0,0.12,N,4
23,67752,RENT,3,EDUCATION,A,7000,6.62,0,0.1,N,4
23,12000,RENT,0,PERSONAL,A,5825,6.62,1,0.49,N,4
23,40000,MORTGAGE,7,VENTURE,A,5000,6.62,0,0.13,N,4
23,24000,RENT,4,PERSONAL,A,5000,6.62,0,0.21,N,4
23,78000,RENT,0,HOMEIMPROVEMENT,A,5000,6.62,1,0.06,N,4
23,26000,RENT,2,MEDICAL,A,3525,6.62,0,0.14,N,4
23,50000,MORTGAGE,7,DEBTCONSOLIDATION,A,2000,6.62,0,0.04,N,4
23,49400,RENT,0,EDUCATION,A,20000,6.54,1,0.4,N,4
23,53352,RENT,3,MEDICAL,A,17500,6.54,1,0.33,N,4
23,84000,RENT,0,DEBTCONSOLIDATION,A,12500,6.54,0,0.15,N,4
23,84000,RENT,0,EDUCATION,A,12500,6.54,0,0.15,N,4
23,75800,RENT,0,EDUCATION,A,7000,6.54,0,0.09,N,4
23,48000,RENT,0,PERSONAL,A,6800,6.54,1,0.14,N,4
23,19200,OWN,,HOMEIMPROVEMENT,A,6000,6.54,1,0.31,N,4
23,36000,OWN,1,VENTURE,A,1800,6.54,0,0.05,N,4
23,69996,MORTGAGE,7,VENTURE,A,3000,6.39,0,0.04,N,4
23,69996,MORTGAGE,7,VENTURE,A,3000,6.39,0,0.04,N,4
23,100000,MORTGAGE,2,DEBTCONSOLIDATION,A,14000,6.17,0,0.14,N,4
23,75000,RENT,3,VENTURE,A,13200,6.17,0,0.18,N,4
23,49000,RENT,0,PERSONAL,A,13000,6.17,0,0.27,N,4
23,50004,RENT,7,EDUCATION,A,10000,6.17,0,0.2,N,4
23,85000,RENT,5,DEBTCONSOLIDATION,A,10000,6.17,0,0.12,N,4
23,55000,MORTGAGE,5,PERSONAL,A,7750,6.17,0,0.14,N,4
23,44000,MORTGAGE,0,MEDICAL,A,5500,6.17,0,0.13,N,4
23,44000,MORTGAGE,0,VENTURE,A,5500,6.17,0,0.13,N,4
23,48000,RENT,2,DEBTCONSOLIDATION,A,5000,6.17,0,0.1,N,4
23,21600,MORTGAGE,7,EDUCATION,A,2000,6.17,0,0.09,N,4
23,124000,MORTGAGE,4,MEDICAL,A,16000,6.03,0,0.13,N,4
23,66000,MORTGAGE,7,VENTURE,A,15000,6.03,0,0.23,N,4
23,117696,MORTGAGE,2,MEDICAL,A,15000,6.03,0,0.13,N,4
23,84000,RENT,,EDUCATION,A,15000,6.03,0,0.18,N,4
23,30000,RENT,3,PERSONAL,A,14600,6.03,1,0.49,N,4
23,75000,MORTGAGE,3,VENTURE,A,14400,6.03,0,0.19,N,4
23,85000,MORTGAGE,7,EDUCATION,A,14000,6.03,0,0.16,N,4
23,94000,MORTGAGE,1,PERSONAL,A,13000,6.03,0,0.14,N,4
23,88000,MORTGAGE,7,VENTURE,A,12475,6.03,0,0.14,N,4
23,65000,MORTGAGE,7,EDUCATION,A,10500,6.03,0,0.16,N,4
23,50000,MORTGAGE,3,EDUCATION,A,10000,6.03,0,0.2,N,4
23,50000,MORTGAGE,3,EDUCATION,A,10000,6.03,0,0.2,N,4
23,57600,MORTGAGE,,DEBTCONSOLIDATION,A,10000,6.03,0,0.17,N,4
23,65000,MORTGAGE,7,DEBTCONSOLIDATION,A,7425,6.03,0,0.11,N,4
23,54000,MORTGAGE,7,MEDICAL,A,6000,6.03,0,0.11,N,4
23,41000,MORTGAGE,7,EDUCATION,A,6000,6.03,0,0.15,N,4
23,75000,RENT,1,PERSONAL,A,6000,6.03,0,0.08,N,4
23,75000,MORTGAGE,6,EDUCATION,A,5000,6.03,0,0.07,N,4
23,61000,RENT,3,PERSONAL,A,4200,6.03,0,0.07,N,4
23,50000,MORTGAGE,7,EDUCATION,A,3000,6.03,0,0.06,N,4
23,90000,MORTGAGE,,PERSONAL,A,3000,6.03,0,0.03,N,4
23,33000,RENT,1,EDUCATION,A,2000,6.03,0,0.06,N,4
23,30000,MORTGAGE,2,DEBTCONSOLIDATION,A,1400,6.03,0,0.05,N,4
23,63000,MORTGAGE,7,MEDICAL,A,9700,5.99,0,0.15,N,4
23,57000,MORTGAGE,7,PERSONAL,A,9250,5.99,0,0.16,N,4
23,87000,MORTGAGE,7,EDUCATION,A,8000,5.99,0,0.09,N,4
23,75638,RENT,2,PERSONAL,A,8000,5.99,0,0.11,N,4
23,80000,MORTGAGE,3,EDUCATION,A,6000,5.99,0,0.07,N,4
23,15600,RENT,1,VENTURE,A,4500,5.99,1,0.29,N,4
23,80000,OWN,7,VENTURE,A,4000,5.99,0,0.05,N,4
23,100000,MORTGAGE,0,MEDICAL,A,17000,5.79,0,0.17,N,4
23,145000,MORTGAGE,0,EDUCATION,A,14400,5.79,0,0.1,N,4
23,90000,OWN,7,MEDICAL,A,8500,5.79,0,0.09,N,4
23,48000,RENT,4,MEDICAL,A,7500,5.79,0,0.16,N,4
23,60000,RENT,4,EDUCATION,A,7000,5.79,0,0.12,N,4
23,46932,OWN,,EDUCATION,A,7000,5.79,0,0.15,N,4
23,40000,RENT,3,EDUCATION,A,6000,5.79,0,0.15,N,4
23,130000,MORTGAGE,7,EDUCATION,A,5000,5.79,0,0.04,N,4
23,42000,RENT,2,VENTURE,A,4000,5.79,0,0.1,N,4
23,33600,OWN,,VENTURE,A,4000,5.79,0,0.12,N,4
23,121000,MORTGAGE,4,PERSONAL,A,3600,5.79,0,0.03,N,4
23,59000,MORTGAGE,5,EDUCATION,A,13000,5.42,0,0.22,N,4
23,68000,MORTGAGE,7,PERSONAL,A,12000,5.42,0,0.18,N,4
23,159996,MORTGAGE,2,DEBTCONSOLIDATION,A,12000,5.42,0,0.08,N,4
23,159996,MORTGAGE,2,PERSONAL,A,12000,5.42,0,0.08,N,4
23,60000,MORTGAGE,6,VENTURE,A,10000,5.42,0,0.17,N,4
23,42179,MORTGAGE,1,EDUCATION,A,10000,5.42,0,0.24,N,4
23,120000,MORTGAGE,7,MEDICAL,A,8500,5.42,0,0.07,N,4
23,55000,RENT,1,MEDICAL,A,8000,5.42,0,0.15,N,4
23,51000,OWN,7,PERSONAL,A,6000,5.42,0,0.12,N,4
23,24000,RENT,4,EDUCATION,A,6000,5.42,0,0.25,N,4
23,130000,MORTGAGE,,MEDICAL,A,6000,5.42,0,0.05,N,4
23,44000,MORTGAGE,,MEDICAL,A,6000,5.42,0,0.14,N,4
23,50205,MORTGAGE,7,DEBTCONSOLIDATION,A,5300,5.42,0,0.11,N,4
23,90000,MORTGAGE,2,EDUCATION,A,5000,5.42,0,0.06,N,4
23,48000,RENT,1,VENTURE,A,4325,5.42,0,0.09,N,4
23,84000,MORTGAGE,5,PERSONAL,A,4200,5.42,0,0.05,N,4
23,54000,MORTGAGE,7,DEBTCONSOLIDATION,A,1400,5.42,0,0.03,N,4
23,277000,OWN,3,PERSONAL,A,35000,,0,0.13,N,4
23,112800,MORTGAGE,3,DEBTCONSOLIDATION,B,35000,,0,0.31,N,4
23,71500,RENT,3,DEBTCONSOLIDATION,D,30000,,1,0.42,N,4
23,60000,MORTGAGE,6,EDUCATION,C,25600,,0,0.43,N,4
23,78000,MORTGAGE,7,MEDICAL,B,25000,,0,0.32,N,4
23,80000,MORTGAGE,3,EDUCATION,D,25000,,0,0.31,Y,4
23,66000,RENT,6,VENTURE,A,24000,,1,0.36,N,4
23,133000,MORTGAGE,2,EDUCATION,A,24000,,0,0.18,N,4
23,78000,RENT,7,MEDICAL,B,20000,,0,0.26,N,4
23,76000,MORTGAGE,7,DEBTCONSOLIDATION,A,20000,,0,0.26,N,4
23,85000,MORTGAGE,3,EDUCATION,C,20000,,0,0.24,Y,4
23,31000,MORTGAGE,6,EDUCATION,B,18500,,0,0.6,N,4
23,54000,RENT,7,VENTURE,C,16750,,1,0.31,N,4
23,58000,MORTGAGE,7,PERSONAL,D,16500,,1,0.28,Y,4
23,70000,MORTGAGE,7,EDUCATION,B,16000,,0,0.23,N,4
23,40800,MORTGAGE,1,EDUCATION,B,16000,,0,0.39,N,4
23,43000,MORTGAGE,7,VENTURE,A,15600,,0,0.36,N,4
23,120000,MORTGAGE,7,DEBTCONSOLIDATION,B,15000,,0,0.13,N,4
23,55000,MORTGAGE,7,EDUCATION,A,15000,,0,0.27,N,4
23,141000,MORTGAGE,1,EDUCATION,B,15000,,0,0.11,N,4
23,59880,RENT,0,MEDICAL,B,15000,,0,0.25,N,4
23,38800,RENT,2,MEDICAL,A,14575,,1,0.38,N,4
23,58977,RENT,7,DEBTCONSOLIDATION,C,14400,,0,0.24,N,4
23,24000,RENT,1,VENTURE,B,14075,,1,0.59,N,4
23,40000,MORTGAGE,6,MEDICAL,B,13200,,0,0.33,N,4
23,38000,RENT,4,EDUCATION,D,13000,,1,0.34,N,4
23,42500,MORTGAGE,2,EDUCATION,B,12600,,0,0.3,N,4
23,55000,RENT,0,VENTURE,C,12300,,0,0.22,N,4
23,60000,MORTGAGE,7,PERSONAL,A,12000,,0,0.2,N,4
23,24000,OWN,5,VENTURE,A,12000,,0,0.5,N,4
23,91000,MORTGAGE,3,EDUCATION,B,12000,,0,0.13,N,4
23,66000,RENT,2,VENTURE,A,12000,,0,0.18,N,4
23,44000,RENT,2,MEDICAL,D,12000,,1,0.27,N,4
23,57000,RENT,0,EDUCATION,C,12000,,0,0.21,N,4
23,60000,OWN,7,VENTURE,A,11500,,0,0.19,N,4
23,60000,MORTGAGE,7,EDUCATION,A,10500,,0,0.17,N,4
23,165996,MORTGAGE,8,VENTURE,A,10000,,0,0.06,N,4
23,98000,MORTGAGE,7,VENTURE,A,10000,,0,0.1,N,4
23,91800,RENT,7,MEDICAL,B,10000,,1,0.09,N,4
23,64000,RENT,7,EDUCATION,A,10000,,1,0.16,N,4
23,87000,MORTGAGE,4,EDUCATION,C,10000,,0,0.11,N,4
23,60000,MORTGAGE,4,EDUCATION,A,10000,,0,0.17,N,4
23,30000,RENT,4,PERSONAL,D,10000,,1,0.33,Y,4
23,69996,OWN,2,EDUCATION,B,10000,,0,0.14,N,4
23,64500,MORTGAGE,0,MEDICAL,A,10000,,0,0.16,N,4
23,42000,RENT,0,MEDICAL,B,10000,,0,0.24,N,4
23,70800,MORTGAGE,6,EDUCATION,D,9600,,0,0.14,N,4
23,33280,RENT,2,VENTURE,C,9600,,0,0.29,N,4
23,69360,MORTGAGE,,MEDICAL,B,9600,,1,0.12,N,4
23,34000,RENT,1,PERSONAL,C,9500,,1,0.28,Y,4
23,75000,MORTGAGE,0,MEDICAL,C,9500,,0,0.13,Y,4
23,46800,OWN,7,VENTURE,C,9000,,0,0.19,Y,4
23,46800,OWN,7,VENTURE,C,9000,,0,0.19,N,4
23,62000,MORTGAGE,3,MEDICAL,A,9000,,0,0.15,N,4
23,60000,RENT,2,VENTURE,A,9000,,0,0.15,N,4
23,33359,RENT,2,EDUCATION,A,9000,,1,0.27,N,4
23,33359,RENT,2,MEDICAL,A,9000,,1,0.27,N,4
23,42996,MORTGAGE,2,VENTURE,D,8500,,0,0.2,Y,4
23,130000,RENT,0,MEDICAL,A,8400,,0,0.06,N,4
23,33000,RENT,4,EDUCATION,C,8000,,0,0.24,Y,4
23,50000,RENT,0,VENTURE,C,8000,,0,0.16,N,4
23,23148,RENT,0,DEBTCONSOLIDATION,B,8000,,1,0.35,N,4
23,110000,MORTGAGE,8,VENTURE,A,7800,,0,0.07,N,4
23,30000,RENT,3,DEBTCONSOLIDATION,B,7500,,0,0.25,N,4
23,116700,RENT,2,EDUCATION,C,7500,,0,0.06,N,4
23,28000,OWN,1,EDUCATION,C,7500,,0,0.27,N,4
23,60000,MORTGAGE,7,VENTURE,A,7200,,0,0.12,N,4
23,60000,MORTGAGE,5,DEBTCONSOLIDATION,A,7200,,0,0.12,N,4
23,43000,RENT,7,EDUCATION,E,7000,,0,0.16,N,4
23,49500,RENT,2,MEDICAL,C,7000,,0,0.14,N,4
23,28296,MORTGAGE,,PERSONAL,B,7000,,0,0.25,N,4
23,22080,MORTGAGE,3,EDUCATION,A,6700,,0,0.3,N,4
23,38492,MORTGAGE,7,MEDICAL,B,6500,,0,0.17,N,4
23,48500,MORTGAGE,1,VENTURE,C,6500,,0,0.13,N,4
23,50000,MORTGAGE,0,PERSONAL,A,6500,,0,0.13,N,4
23,37000,RENT,4,DEBTCONSOLIDATION,A,6400,,0,0.17,N,4
23,35000,RENT,2,EDUCATION,C,6400,,0,0.18,N,4
23,50000,MORTGAGE,0,VENTURE,A,6100,,0,0.12,N,4
23,25800,RENT,2,PERSONAL,C,6000,,0,0.23,Y,4
23,14664,MORTGAGE,0,DEBTCONSOLIDATION,C,6000,,1,0.41,N,4
23,30000,RENT,3,VENTURE,B,5600,,0,0.19,N,4
23,21600,RENT,0,MEDICAL,C,5400,,0,0.25,Y,4
23,104000,MORTGAGE,7,EDUCATION,B,5000,,0,0.05,N,4
23,32000,RENT,5,HOMEIMPROVEMENT,B,5000,,1,0.16,N,4
23,75000,RENT,4,PERSONAL,B,5000,,0,0.07,N,4
23,120000,RENT,2,EDUCATION,A,5000,,0,0.04,N,4
23,33017,RENT,1,PERSONAL,B,5000,,0,0.15,N,4
23,30000,RENT,0,EDUCATION,B,4800,,0,0.16,N,4
23,26400,RENT,,PERSONAL,A,4800,,0,0.18,N,4
23,46500,RENT,3,EDUCATION,D,4600,,0,0.1,Y,4
23,75000,MORTGAGE,1,EDUCATION,E,4500,,0,0.06,Y,4
23,15000,OWN,7,MEDICAL,B,4475,,1,0.3,N,4
23,38000,RENT,1,MEDICAL,D,4100,,1,0.11,N,4
23,70000,MORTGAGE,7,EDUCATION,B,4000,,0,0.06,N,4
23,47000,RENT,3,DEBTCONSOLIDATION,A,4000,,0,0.09,N,4
23,34900,MORTGAGE,2,MEDICAL,F,4000,,1,0.11,Y,4
23,24000,RENT,2,DEBTCONSOLIDATION,B,4000,,0,0.17,N,4
23,26000,RENT,1,EDUCATION,B,4000,,0,0.15,N,4
23,26000,RENT,1,EDUCATION,B,4000,,0,0.15,N,4
23,103240,MORTGAGE,0,VENTURE,A,4000,,0,0.04,N,4
23,68000,MORTGAGE,0,EDUCATION,A,4000,,0,0.06,N,4
23,63500,RENT,0,EDUCATION,C,4000,,0,0.06,N,4
23,44496,MORTGAGE,2,VENTURE,A,3500,,0,0.08,N,4
23,44496,MORTGAGE,2,EDUCATION,A,3500,,0,0.08,N,4
23,60000,MORTGAGE,6,PERSONAL,A,3350,,0,0.06,N,4
23,39292,MORTGAGE,3,PERSONAL,A,3250,,1,0.08,N,4
23,18000,RENT,1,PERSONAL,C,3250,,1,0.18,Y,4
23,8000,RENT,0,EDUCATION,A,3250,,1,0.41,N,4
23,18000,RENT,0,HOMEIMPROVEMENT,A,3200,,1,0.18,N,4
23,19200,MORTGAGE,7,MEDICAL,A,3000,,1,0.16,N,4
23,66000,MORTGAGE,4,VENTURE,B,3000,,0,0.05,N,4
23,36000,RENT,0,PERSONAL,C,3000,,1,0.08,N,4
23,23760,RENT,2,PERSONAL,B,2800,,0,0.12,N,4
23,30000,MORTGAGE,6,PERSONAL,C,2400,,0,0.08,N,4
23,74000,MORTGAGE,7,PERSONAL,B,2100,,1,0.03,N,4
23,40000,OWN,,VENTURE,A,2000,,0,0.05,N,4
23,14000,RENT,0,DEBTCONSOLIDATION,C,1500,,0,0.11,Y,4
23,34255,RENT,7,VENTURE,G,6000,22.11,1,0.18,Y,3
23,114750,RENT,2,MEDICAL,G,24000,20.03,1,0.18,Y,3
23,49000,MORTGAGE,7,MEDICAL,G,15000,19.82,1,0.31,Y,3
23,19200,RENT,1,MEDICAL,G,6200,19.82,1,0.32,N,3
23,46000,RENT,2,EDUCATION,F,12800,19.41,1,0.28,Y,3
23,45630,RENT,0,DEBTCONSOLIDATION,E,4000,19.29,1,0.09,Y,3
23,44000,MORTGAGE,0,MEDICAL,F,2000,19.13,1,0.05,Y,3
23,78000,RENT,7,DEBTCONSOLIDATION,F,30000,18.62,1,0.38,Y,3
23,29000,OWN,,MEDICAL,F,10000,18.62,1,0.34,Y,3
23,50000,MORTGAGE,7,DEBTCONSOLIDATION,F,13750,18.43,1,0.28,N,3
23,32698,RENT,3,DEBTCONSOLIDATION,F,8000,18.43,1,0.24,Y,3
23,44000,RENT,1,EDUCATION,E,13000,18.39,1,0.3,Y,3
23,34320,RENT,5,DEBTCONSOLIDATION,F,7000,18.3,1,0.2,Y,3
23,98000,OWN,6,EDUCATION,D,10000,18.07,0,0.1,Y,3
23,68000,RENT,1,PERSONAL,E,14400,17.99,1,0.21,Y,3
23,23421,RENT,3,MEDICAL,E,4500,17.99,1,0.19,Y,3
23,29000,RENT,0,EDUCATION,E,10000,17.93,1,0.34,Y,3
23,43800,RENT,8,VENTURE,E,8000,17.93,0,0.18,N,3
23,19136,RENT,4,EDUCATION,E,5500,17.93,1,0.29,Y,3
23,190000,MORTGAGE,5,EDUCATION,F,22000,17.58,1,0.12,Y,3
23,100000,MORTGAGE,4,EDUCATION,D,14000,17.58,0,0.14,Y,3
23,62000,RENT,7,VENTURE,D,5500,17.49,0,0.09,N,3
23,101000,MORTGAGE,7,PERSONAL,E,20000,17.43,0,0.2,Y,3
23,38400,MORTGAGE,2,DEBTCONSOLIDATION,D,15000,17.27,1,0.39,N,3
23,23000,MORTGAGE,7,HOMEIMPROVEMENT,D,3600,17.27,1,0.16,Y,3
23,44000,RENT,0,HOMEIMPROVEMENT,F,13000,17.26,1,0.3,Y,3
23,36000,RENT,5,EDUCATION,E,5500,17.14,0,0.15,Y,3
23,74800,RENT,1,MEDICAL,E,20000,17.04,1,0.23,Y,3
23,42000,RENT,2,PERSONAL,D,14000,16.89,1,0.33,N,3
23,46500,RENT,0,MEDICAL,D,8400,16.89,1,0.18,Y,3
23,78000,RENT,5,VENTURE,D,3000,16.89,0,0.04,N,3
23,78300,MORTGAGE,0,PERSONAL,E,15000,16.82,0,0.19,Y,3
23,61455,MORTGAGE,0,MEDICAL,E,15000,16.82,1,0.21,N,3
23,13000,RENT,0,PERSONAL,E,2400,16.82,1,0.18,N,3
23,100000,MORTGAGE,7,PERSONAL,D,35000,16.77,0,0.35,N,3
23,39000,RENT,1,VENTURE,D,7000,16.77,1,0.18,N,3
23,55000,MORTGAGE,7,PERSONAL,D,6625,16.77,0,0.12,Y,3
23,42000,MORTGAGE,0,PERSONAL,D,6000,16.77,0,0.14,N,3
23,32124,RENT,,MEDICAL,D,6000,16.77,1,0.19,Y,3
23,82000,MORTGAGE,5,PERSONAL,D,5000,16.77,0,0.06,Y,3
23,61300,OWN,1,EDUCATION,D,9000,16.49,0,0.15,Y,3
23,39000,RENT,3,DEBTCONSOLIDATION,D,8000,16.49,1,0.21,N,3
23,24216,RENT,1,EDUCATION,D,3600,16.49,1,0.15,N,3
23,32000,RENT,5,VENTURE,D,2000,16.49,0,0.06,N,3
23,30000,MORTGAGE,2,EDUCATION,E,12000,16.45,0,0.4,Y,3
23,54000,MORTGAGE,5,DEBTCONSOLIDATION,E,10000,16.45,1,0.19,N,3
23,97000,MORTGAGE,0,PERSONAL,E,15000,16.4,0,0.15,Y,3
23,62050,RENT,1,MEDICAL,E,17800,16.35,1,0.24,Y,3
23,48000,OWN,0,VENTURE,E,15750,16.35,0,0.33,N,3
23,92000,MORTGAGE,4,EDUCATION,E,15600,16.35,0,0.17,Y,3
23,78000,RENT,2,VENTURE,D,25000,16.32,1,0.32,Y,3
23,79996,MORTGAGE,2,EDUCATION,E,24000,16.32,0,0.3,Y,3
23,75600,RENT,3,PERSONAL,E,20000,16.32,0,0.26,Y,3
23,54000,OTHER,7,HOMEIMPROVEMENT,E,16000,16.32,1,0.3,N,3
23,91000,MORTGAGE,5,VENTURE,D,10000,16.32,0,0.11,Y,3
23,44000,RENT,2,VENTURE,E,9400,16.32,1,0.21,Y,3
23,30000,RENT,4,DEBTCONSOLIDATION,D,6000,16.32,1,0.2,Y,3
23,18720,RENT,,DEBTCONSOLIDATION,D,5000,16.32,1,0.27,Y,3
23,97000,MORTGAGE,8,PERSONAL,E,4000,16.32,0,0.04,Y,3
23,44000,RENT,7,DEBTCONSOLIDATION,D,13000,16.29,1,0.3,N,3
23,47000,RENT,7,DEBTCONSOLIDATION,D,12000,16.29,1,0.26,Y,3
23,58650,RENT,7,MEDICAL,D,10800,16.29,1,0.16,N,3
23,33098,MORTGAGE,,DEBTCONSOLIDATION,D,9000,16.29,1,0.27,Y,3
23,80000,MORTGAGE,7,EDUCATION,D,7000,16.29,0,0.09,Y,3
23,26000,RENT,1,PERSONAL,D,1600,16.29,1,0.06,Y,3
23,24000,MORTGAGE,1,DEBTCONSOLIDATION,D,2800,16.07,1,0.12,N,3
23,34560,RENT,5,DEBTCONSOLIDATION,D,9600,16.02,1,0.28,Y,3
23,50000,RENT,7,DEBTCONSOLIDATION,D,8000,16.02,1,0.16,N,3
23,59497,RENT,0,MEDICAL,E,20000,16,1,0.29,N,3
23,60996,RENT,0,HOMEIMPROVEMENT,E,16000,16,1,0.26,N,3
23,40000,RENT,5,EDUCATION,D,12800,16,1,0.32,Y,3
23,86000,MORTGAGE,7,DEBTCONSOLIDATION,D,4800,16,1,0.06,Y,3
23,136000,MORTGAGE,2,PERSONAL,D,9800,15.99,0,0.07,Y,3
23,33000,MORTGAGE,3,PERSONAL,D,8325,15.99,0,0.25,N,3
23,59004,RENT,1,DEBTCONSOLIDATION,D,7800,15.99,1,0.13,Y,3
23,39000,RENT,1,EDUCATION,D,6000,15.99,1,0.15,N,3
23,39000,RENT,1,DEBTCONSOLIDATION,D,6000,15.99,1,0.15,Y,3
23,26400,RENT,3,EDUCATION,D,5000,15.99,0,0.19,N,3
23,27000,MORTGAGE,0,HOMEIMPROVEMENT,D,1000,15.99,1,0.04,Y,3
23,34992,MORTGAGE,4,EDUCATION,F,22550,15.96,0,0.64,Y,3
23,140000,OWN,6,EDUCATION,C,16400,15.96,0,0.12,Y,3
23,59800,MORTGAGE,7,VENTURE,C,15000,15.96,0,0.25,Y,3
23,64000,RENT,0,MEDICAL,C,7200,15.96,0,0.11,N,3
23,30000,RENT,1,MEDICAL,C,5200,15.96,0,0.17,Y,3
23,90000,RENT,7,MEDICAL,C,5000,15.96,0,0.06,Y,3
23,50000,MORTGAGE,4,VENTURE,E,15250,15.95,0,0.3,N,3
23,105504,RENT,5,VENTURE,E,15000,15.95,0,0.14,Y,3
23,51840,RENT,1,DEBTCONSOLIDATION,D,12000,15.95,1,0.23,Y,3
23,62500,MORTGAGE,3,DEBTCONSOLIDATION,D,10000,15.7,1,0.16,N,3
23,55000,RENT,4,EDUCATION,D,25000,15.65,1,0.45,Y,3
23,36500,RENT,2,HOMEIMPROVEMENT,D,15000,15.65,1,0.41,N,3
23,33600,RENT,7,MEDICAL,D,11000,15.65,1,0.33,Y,3
23,65000,MORTGAGE,4,EDUCATION,D,13600,15.62,0,0.21,N,3
23,54400,MORTGAGE,0,MEDICAL,D,12000,15.62,1,0.19,N,3
23,37700,MORTGAGE,4,EDUCATION,D,8000,15.62,0,0.21,Y,3
23,43955,RENT,7,EDUCATION,D,7800,15.62,0,0.18,N,3
23,50000,MORTGAGE,7,MEDICAL,D,7500,15.62,1,0.15,N,3
23,54000,MORTGAGE,3,VENTURE,D,4000,15.62,1,0.07,N,3
23,43000,MORTGAGE,3,VENTURE,D,3600,15.62,0,0.08,N,3
23,14650,RENT,0,DEBTCONSOLIDATION,D,1400,15.62,1,0.1,Y,3
23,78000,MORTGAGE,0,VENTURE,D,25000,15.58,0,0.32,Y,3
23,140000,MORTGAGE,3,PERSONAL,D,15000,15.58,0,0.11,Y,3
23,59000,RENT,3,EDUCATION,D,10000,15.58,1,0.17,N,3
23,42000,RENT,0,HOMEIMPROVEMENT,D,10000,15.58,1,0.24,Y,3
23,90000,RENT,5,VENTURE,D,7500,15.58,0,0.08,Y,3
23,30000,RENT,1,EDUCATION,D,1450,15.58,1,0.05,Y,3
23,76000,RENT,3,EDUCATION,D,10000,15.37,0,0.13,N,3
23,45300,MORTGAGE,3,EDUCATION,D,5550,15.37,0,0.12,Y,3
23,75000,OWN,5,VENTURE,D,12500,15.33,0,0.17,Y,3
23,75000,OWN,5,MEDICAL,D,12500,15.33,0,0.17,Y,3
23,68000,MORTGAGE,4,MEDICAL,D,8000,15.33,1,0.1,N,3
23,120000,MORTGAGE,0,PERSONAL,D,25000,15.31,0,0.21,N,3
23,39000,RENT,7,MEDICAL,D,15000,15.28,1,0.38,N,3
23,113000,RENT,1,PERSONAL,D,12000,15.28,1,0.11,Y,3
23,69000,RENT,4,EDUCATION,D,3800,15.28,1,0.06,Y,3
23,32000,OWN,7,EDUCATION,C,3500,15.27,0,0.11,N,3
23,74029,RENT,7,DEBTCONSOLIDATION,C,2600,15.27,0,0.04,Y,3
23,92004,RENT,6,PERSONAL,C,30000,15.23,1,0.33,Y,3
23,42000,MORTGAGE,7,PERSONAL,C,12000,15.23,0,0.29,Y,3
23,42000,MORTGAGE,7,VENTURE,C,12000,15.23,0,0.29,Y,3
23,65000,MORTGAGE,0,EDUCATION,C,8500,15.23,0,0.13,Y,3
23,65000,RENT,7,EDUCATION,C,6000,15.23,0,0.09,N,3
23,80000,MORTGAGE,7,VENTURE,C,4000,15.23,0,0.05,N,3
23,28000,RENT,2,VENTURE,C,2875,15.23,0,0.1,Y,3
23,60000,MORTGAGE,5,PERSONAL,D,15000,15.21,0,0.25,Y,3
23,49000,MORTGAGE,7,DEBTCONSOLIDATION,D,5000,15.21,1,0.1,Y,3
23,39000,RENT,2,PERSONAL,D,10000,15.2,1,0.26,Y,3
23,75000,MORTGAGE,2,VENTURE,E,19600,15.13,0,0.26,N,3
23,56016,RENT,4,EDUCATION,E,5000,15.13,0,0.09,N,3
23,10000,RENT,1,DEBTCONSOLIDATION,D,1750,15.05,1,0.17,Y,3
23,80000,MORTGAGE,5,VENTURE,D,20000,14.96,0,0.25,N,3
23,48000,RENT,0,MEDICAL,D,20000,14.96,1,0.42,N,3
23,46744,RENT,4,EDUCATION,D,8800,14.96,0,0.19,Y,3
23,50000,RENT,4,VENTURE,D,4000,14.96,0,0.08,N,3
23,31000,RENT,1,PERSONAL,D,1000,14.96,1,0.03,Y,3
23,148000,RENT,1,DEBTCONSOLIDATION,E,25000,14.93,1,0.17,N,3
23,54000,RENT,6,DEBTCONSOLIDATION,D,20000,14.84,1,0.37,Y,3
23,60000,RENT,4,EDUCATION,D,14000,14.84,0,0.23,Y,3
23,56500,RENT,7,DEBTCONSOLIDATION,D,3000,14.84,1,0.05,Y,3
23,65004,RENT,4,EDUCATION,D,3000,14.84,0,0.05,N,3
23,215000,MORTGAGE,7,MEDICAL,C,35000,14.79,0,0.16,Y,3
23,40000,MORTGAGE,7,DEBTCONSOLIDATION,C,6000,14.79,0,0.15,Y,3
23,130000,MORTGAGE,7,MEDICAL,C,5000,14.79,0,0.04,Y,3
23,18000,RENT,2,EDUCATION,C,2000,14.79,0,0.11,N,3
23,89000,RENT,8,DEBTCONSOLIDATION,D,8000,14.74,1,0.09,N,3
23,35004,RENT,4,MEDICAL,C,5000,14.72,0,0.14,Y,3
23,33204,RENT,7,MEDICAL,C,2000,14.72,0,0.06,Y,3
23,51000,RENT,3,DEBTCONSOLIDATION,E,7200,14.67,1,0.14,N,3
23,90000,MORTGAGE,4,PERSONAL,C,20000,14.65,0,0.22,Y,3
23,33000,RENT,4,EDUCATION,C,10000,14.65,0,0.3,N,3
23,30000,RENT,0,MEDICAL,C,8400,14.65,0,0.28,N,3
23,30000,RENT,0,EDUCATION,C,8400,14.65,0,0.28,N,3
23,11820,RENT,,DEBTCONSOLIDATION,C,1000,14.65,0,0.08,N,3
23,25100,OWN,7,EDUCATION,D,10800,14.59,0,0.43,Y,3
23,29000,RENT,6,MEDICAL,D,7750,14.59,1,0.27,Y,3
23,10000,RENT,0,HOMEIMPROVEMENT,D,2500,14.59,1,0.25,Y,3
23,31000,RENT,4,DEBTCONSOLIDATION,D,7200,14.54,1,0.23,N,3
23,33000,RENT,7,PERSONAL,D,5500,14.54,0,0.17,Y,3
23,33000,RENT,5,DEBTCONSOLIDATION,D,4800,14.54,1,0.15,Y,3
23,41000,RENT,5,EDUCATION,D,4200,14.54,0,0.1,Y,3
23,62000,MORTGAGE,0,VENTURE,D,18000,14.46,0,0.29,Y,3
23,63000,RENT,0,EDUCATION,D,16000,14.42,1,0.25,N,3
23,37148,RENT,4,EDUCATION,D,14000,14.42,1,0.38,N,3
23,54000,RENT,1,EDUCATION,D,10000,14.42,1,0.19,N,3
23,65074,RENT,0,EDUCATION,D,6000,14.42,1,0.09,Y,3
23,54000,OWN,4,DEBTCONSOLIDATION,D,2800,14.42,0,0.05,N,3
23,70000,OWN,7,EDUCATION,C,16000,14.35,0,0.23,N,3
23,65025,MORTGAGE,7,MEDICAL,C,16000,14.35,1,0.21,N,3
23,47000,MORTGAGE,7,MEDICAL,C,16000,14.35,1,0.34,Y,3
23,28800,RENT,1,VENTURE,C,9250,14.35,1,0.32,Y,3
23,85000,MORTGAGE,8,EDUCATION,C,5000,14.35,0,0.06,N,3
23,33000,MORTGAGE,2,DEBTCONSOLIDATION,C,3000,14.35,0,0.09,Y,3
23,52800,RENT,4,VENTURE,C,14000,14.27,0,0.27,N,3
23,44160,RENT,4,EDUCATION,C,10000,14.27,0,0.23,Y,3
23,124000,RENT,2,PERSONAL,C,10000,14.27,0,0.08,N,3
23,62000,RENT,0,MEDICAL,C,10000,14.27,0,0.16,N,3
23,45000,MORTGAGE,4,VENTURE,C,8650,14.27,0,0.19,N,3
23,48000,RENT,7,PERSONAL,C,7200,14.27,0,0.15,Y,3
23,94800,MORTGAGE,7,DEBTCONSOLIDATION,C,6000,14.27,0,0.06,Y,3
23,60500,MORTGAGE,4,EDUCATION,C,5000,14.27,0,0.08,Y,3
23,39000,MORTGAGE,7,VENTURE,C,16000,14.26,1,0.41,N,3
23,52000,RENT,7,VENTURE,C,15000,14.26,0,0.29,N,3
23,46500,RENT,0,PERSONAL,C,10000,14.26,1,0.22,Y,3
23,50000,RENT,2,EDUCATION,C,9600,14.26,0,0.19,N,3
23,60000,MORTGAGE,7,PERSONAL,C,2000,14.26,0,0.03,Y,3
23,100000,OWN,0,VENTURE,C,1000,14.26,0,0.01,N,3
23,91000,RENT,2,EDUCATION,C,16000,14.22,0,0.18,Y,3
23,44000,RENT,2,PERSONAL,C,6000,14.22,0,0.14,Y,3
23,29820,RENT,0,EDUCATION,C,6000,14.22,0,0.2,N,3
23,110000,RENT,6,EDUCATION,C,3000,14.22,0,0.03,N,3
23,139992,RENT,3,VENTURE,E,16000,14.18,0,0.11,Y,3
23,30000,RENT,7,PERSONAL,C,5000,14.17,1,0.17,Y,3
23,30000,RENT,4,PERSONAL,C,3600,14.17,0,0.12,N,3
23,66000,RENT,1,VENTURE,D,20000,14.11,1,0.3,N,3
23,67700,MORTGAGE,7,EDUCATION,D,15000,14.11,1,0.22,Y,3
23,73000,RENT,0,EDUCATION,D,10000,14.11,1,0.14,N,3
23,39000,MORTGAGE,0,MEDICAL,D,8000,14.11,1,0.21,N,3
23,75000,MORTGAGE,8,EDUCATION,D,3000,14.11,0,0.04,N,3
23,69743,MORTGAGE,7,PERSONAL,D,1000,14.11,0,0.01,N,3
23,71004,RENT,8,EDUCATION,D,20000,14.09,0,0.28,N,3
23,57000,MORTGAGE,6,EDUCATION,D,17500,14.09,0,0.31,Y,3
23,79000,MORTGAGE,7,DEBTCONSOLIDATION,D,16000,14.09,1,0.2,N,3
23,69000,RENT,1,EDUCATION,D,9000,14.09,1,0.13,Y,3
23,39000,RENT,7,MEDICAL,D,6000,14.09,1,0.15,Y,3
23,54000,RENT,2,DEBTCONSOLIDATION,D,6000,14.09,1,0.11,Y,3
23,97000,RENT,7,EDUCATION,C,10000,13.99,0,0.1,N,3
23,55000,MORTGAGE,7,MEDICAL,C,10000,13.99,0,0.18,Y,3
23,78996,RENT,0,HOMEIMPROVEMENT,C,10000,13.99,1,0.13,Y,3
23,54000,MORTGAGE,5,MEDICAL,C,5200,13.99,1,0.1,N,3
23,32500,OWN,2,VENTURE,C,5000,13.99,0,0.15,Y,3
23,49000,MORTGAGE,7,EDUCATION,C,4000,13.99,0,0.08,N,3
23,27600,RENT,2,DEBTCONSOLIDATION,C,2000,13.99,1,0.07,N,3
23,36000,RENT,7,PERSONAL,C,1200,13.99,0,0.03,N,3
23,27600,RENT,3,VENTURE,C,9000,13.98,1,0.33,Y,3
23,45000,RENT,4,EDUCATION,C,4800,13.98,0,0.11,N,3
23,48000,RENT,4,EDUCATION,C,1600,13.98,0,0.03,N,3
23,78000,RENT,4,PERSONAL,C,24000,13.92,1,0.31,N,3
23,34000,RENT,5,VENTURE,C,8500,13.92,1,0.25,N,3
23,50252,RENT,6,EDUCATION,C,2000,13.92,0,0.04,Y,3
23,27600,MORTGAGE,0,EDUCATION,C,1200,13.92,0,0.04,Y,3
23,80000,RENT,2,MEDICAL,C,16000,13.85,0,0.2,N,3
23,72000,RENT,4,MEDICAL,C,10000,13.85,0,0.14,Y,3
23,72000,RENT,4,DEBTCONSOLIDATION,C,10000,13.85,0,0.14,N,3
23,57600,RENT,5,MEDICAL,C,7500,13.85,0,0.13,N,3
23,35000,RENT,4,PERSONAL,C,3000,13.85,0,0.09,N,3
23,24996,RENT,0,EDUCATION,C,6700,13.8,0,0.27,Y,3
23,40000,RENT,7,EDUCATION,C,5600,13.8,0,0.14,N,3
23,40000,RENT,3,EDUCATION,C,4000,13.8,0,0.1,Y,3
23,32004,RENT,3,MEDICAL,C,10000,13.79,1,0.31,Y,3
23,48000,RENT,1,PERSONAL,C,10000,13.79,0,0.21,N,3
23,75000,RENT,5,PERSONAL,C,8000,13.79,0,0.11,N,3
23,56000,MORTGAGE,3,MEDICAL,C,7500,13.79,0,0.13,Y,3
23,20664,RENT,4,EDUCATION,C,4550,13.72,0,0.22,Y,3
23,20664,RENT,4,EDUCATION,C,4550,13.72,0,0.22,Y,3
23,54000,RENT,1,EDUCATION,D,10000,13.67,1,0.19,Y,3
23,50000,RENT,1,VENTURE,C,15000,13.61,0,0.3,N,3
23,85000,OWN,4,EDUCATION,C,9600,13.61,0,0.11,N,3
23,58000,MORTGAGE,8,VENTURE,C,8000,13.61,0,0.14,Y,3
23,38400,RENT,7,DEBTCONSOLIDATION,C,3600,13.61,0,0.09,N,3
23,38400,RENT,7,DEBTCONSOLIDATION,C,3600,13.61,0,0.09,Y,3
23,65004,RENT,0,VENTURE,C,3000,13.61,0,0.05,Y,3
23,63000,RENT,2,EDUCATION,C,18000,13.57,0,0.29,Y,3
23,75000,RENT,0,PERSONAL,C,15000,13.57,1,0.2,Y,3
23,100000,RENT,1,EDUCATION,C,12000,13.57,0,0.12,N,3
23,43500,RENT,0,PERSONAL,C,10450,13.57,0,0.24,N,3
23,100000,MORTGAGE,4,DEBTCONSOLIDATION,C,10000,13.57,0,0.1,N,3
23,42000,MORTGAGE,1,PERSONAL,C,5750,13.57,0,0.14,N,3
23,35520,RENT,3,EDUCATION,C,5000,13.57,0,0.14,N,3
23,62000,MORTGAGE,2,VENTURE,C,5000,13.57,0,0.08,Y,3
23,64000,RENT,0,HOMEIMPROVEMENT,D,7500,13.55,1,0.12,N,3
23,67476,MORTGAGE,5,HOMEIMPROVEMENT,C,25000,13.49,1,0.37,Y,3
23,57355,MORTGAGE,5,MEDICAL,C,25000,13.49,1,0.37,N,3
23,42000,RENT,7,VENTURE,C,15000,13.49,1,0.36,N,3
23,36000,RENT,3,VENTURE,C,15000,13.49,1,0.42,Y,3
23,55000,MORTGAGE,0,EDUCATION,C,11075,13.49,0,0.2,N,3
23,39216,MORTGAGE,5,VENTURE,C,10000,13.49,0,0.25,N,3
23,96000,OWN,8,MEDICAL,C,8000,13.49,0,0.08,N,3
23,140000,MORTGAGE,7,PERSONAL,C,6000,13.49,0,0.04,Y,3
23,50000,RENT,4,VENTURE,C,6000,13.49,0,0.12,N,3
23,30000,RENT,0,EDUCATION,C,6000,13.49,0,0.2,Y,3
23,20124,RENT,,DEBTCONSOLIDATION,C,5950,13.49,0,0.3,Y,3
23,20124,RENT,,MEDICAL,C,5950,13.49,0,0.3,Y,3
23,40000,RENT,2,PERSONAL,C,3000,13.49,0,0.07,N,3
23,123000,RENT,4,DEBTCONSOLIDATION,C,2800,13.49,0,0.02,Y,3
23,31800,RENT,7,PERSONAL,C,9600,13.48,1,0.3,Y,3
23,75000,RENT,8,EDUCATION,C,7500,13.48,0,0.1,Y,3
23,38896,RENT,2,PERSONAL,C,7200,13.48,0,0.19,Y,3
23,58000,OWN,4,MEDICAL,C,6400,13.48,0,0.11,Y,3
23,49200,RENT,4,MEDICAL,C,3200,13.48,0,0.07,Y,3
23,74424,RENT,4,EDUCATION,C,15000,13.47,0,0.2,Y,3
23,71004,OWN,1,EDUCATION,C,15000,13.47,0,0.21,Y,3
23,72000,RENT,2,VENTURE,C,9000,13.47,0,0.13,N,3
23,21996,RENT,6,VENTURE,C,6000,13.47,0,0.27,Y,3
23,41600,MORTGAGE,7,EDUCATION,C,7000,13.43,0,0.17,N,3
23,42500,RENT,3,EDUCATION,C,12000,13.35,0,0.28,N,3
23,56000,RENT,7,EDUCATION,C,9000,13.35,0,0.16,N,3
23,90000,RENT,0,DEBTCONSOLIDATION,C,8000,13.35,0,0.09,Y,3
23,46776,OWN,7,VENTURE,D,15000,13.24,0,0.32,N,3
23,43200,RENT,2,EDUCATION,D,9100,13.24,1,0.21,N,3
23,30000,RENT,1,PERSONAL,D,7500,13.24,1,0.25,Y,3
23,38400,OWN,7,PERSONAL,D,6000,13.24,0,0.16,Y,3
23,57996,RENT,7,EDUCATION,C,10000,13.23,0,0.17,N,3
23,37000,RENT,4,PERSONAL,C,10000,13.23,0,0.27,N,3
23,126000,RENT,0,PERSONAL,C,8000,13.23,0,0.06,N,3
23,70000,RENT,6,VENTURE,C,6500,13.23,0,0.09,N,3
23,75000,RENT,0,PERSONAL,C,1000,13.23,0,0.01,Y,3
23,93000,RENT,6,PERSONAL,C,20000,13.22,1,0.22,N,3
23,95000,MORTGAGE,1,HOMEIMPROVEMENT,C,19800,13.22,1,0.21,Y,3
23,130000,OWN,7,VENTURE,C,15000,13.22,0,0.12,Y,3
23,62500,MORTGAGE,1,MEDICAL,C,9600,13.22,0,0.15,Y,3
23,33000,RENT,1,EDUCATION,C,8950,13.22,1,0.27,Y,3
23,70000,RENT,2,EDUCATION,C,20500,13.16,0,0.29,Y,3
23,55000,OWN,6,VENTURE,C,18500,13.16,0,0.34,N,3
23,24000,RENT,4,EDUCATION,C,12250,13.16,1,0.51,N,3
23,45996,OWN,7,EDUCATION,C,10000,13.16,0,0.22,N,3
23,52000,OWN,3,MEDICAL,C,9250,13.16,0,0.18,N,3
23,58000,RENT,4,PERSONAL,C,5000,13.16,0,0.09,N,3
23,45480,MORTGAGE,7,DEBTCONSOLIDATION,C,4400,13.16,1,0.1,N,3
23,29004,OWN,1,EDUCATION,C,2000,13.16,0,0.07,Y,3
23,29004,OWN,1,VENTURE,C,2000,13.16,0,0.07,N,3
23,34000,MORTGAGE,0,DEBTCONSOLIDATION,D,2525,13.12,1,0.07,N,3
23,85500,RENT,1,DEBTCONSOLIDATION,C,17000,13.11,0,0.2,Y,3
23,51000,MORTGAGE,3,PERSONAL,C,16000,13.11,0,0.31,Y,3
23,118000,MORTGAGE,4,PERSONAL,C,12000,13.11,0,0.1,N,3
23,36000,RENT,0,VENTURE,C,11000,13.11,1,0.31,Y,3
23,57600,MORTGAGE,7,EDUCATION,C,10000,13.11,0,0.17,N,3
23,55000,RENT,7,PERSONAL,C,8200,13.11,0,0.15,Y,3
23,55000,RENT,7,VENTURE,C,8000,13.11,0,0.15,N,3
23,28800,RENT,2,VENTURE,C,5000,13.11,0,0.17,N,3
23,60000,MORTGAGE,5,MEDICAL,C,22000,13.06,0,0.37,Y,3
23,114600,MORTGAGE,7,EDUCATION,C,10000,13.06,0,0.09,N,3
23,120000,MORTGAGE,7,VENTURE,C,6000,13.06,0,0.05,Y,3
23,27252,RENT,3,PERSONAL,C,5800,13.06,0,0.21,N,3
23,78000,MORTGAGE,7,EDUCATION,C,4200,13.06,0,0.05,N,3
23,78000,MORTGAGE,7,DEBTCONSOLIDATION,C,4200,13.06,0,0.05,Y,3
23,16000,MORTGAGE,3,MEDICAL,C,2275,13.06,0,0.14,Y,3
23,60000,RENT,,MEDICAL,C,2000,13.06,0,0.03,Y,3
23,96000,RENT,1,MEDICAL,C,20000,13.04,0,0.21,N,3
23,36000,MORTGAGE,6,PERSONAL,C,14000,12.99,0,0.39,Y,3
23,36000,MORTGAGE,6,PERSONAL,C,14000,12.99,0,0.39,N,3
23,66000,RENT,1,EDUCATION,C,14000,12.99,0,0.21,N,3
23,51000,RENT,3,EDUCATION,C,12000,12.99,0,0.24,N,3
23,78000,MORTGAGE,4,DEBTCONSOLIDATION,C,6000,12.99,0,0.08,N,3
23,42000,MORTGAGE,3,DEBTCONSOLIDATION,C,1800,12.99,1,0.04,Y,3
23,149981,MORTGAGE,7,MEDICAL,C,25000,12.98,0,0.17,N,3
23,54000,RENT,3,DEBTCONSOLIDATION,C,12000,12.98,1,0.22,Y,3
23,32000,OWN,4,PERSONAL,C,7500,12.98,0,0.23,N,3
23,35000,MORTGAGE,7,EDUCATION,C,5000,12.98,1,0.14,Y,3
23,44340,OWN,0,VENTURE,C,3000,12.98,0,0.07,Y,3
23,74415,RENT,1,PERSONAL,D,6350,12.92,1,0.09,Y,3
23,57720,RENT,8,DEBTCONSOLIDATION,C,12000,12.87,0,0.21,Y,3
23,100000,MORTGAGE,4,EDUCATION,C,10000,12.87,0,0.1,Y,3
23,78000,MORTGAGE,1,DEBTCONSOLIDATION,C,8000,12.87,1,0.1,Y,3
23,48000,OWN,8,VENTURE,C,6000,12.87,0,0.13,Y,3
23,43200,RENT,7,MEDICAL,C,5000,12.87,0,0.12,Y,3
23,36000,OWN,2,VENTURE,C,5000,12.87,0,0.14,Y,3
23,26000,RENT,1,PERSONAL,C,4000,12.87,1,0.15,Y,3
23,74000,RENT,1,EDUCATION,C,3500,12.87,0,0.05,Y,3
23,45000,RENT,7,PERSONAL,C,15000,12.84,1,0.33,N,3
23,85000,MORTGAGE,1,PERSONAL,C,15000,12.84,0,0.18,N,3
23,60996,RENT,7,PERSONAL,C,14400,12.84,0,0.24,N,3
23,48000,RENT,1,VENTURE,C,10000,12.84,0,0.21,Y,3
23,70000,RENT,3,VENTURE,C,6600,12.84,0,0.09,Y,3
23,25000,RENT,0,EDUCATION,C,6400,12.84,0,0.26,N,3
23,42996,RENT,2,MEDICAL,C,6000,12.84,0,0.14,Y,3
23,32000,MORTGAGE,0,HOMEIMPROVEMENT,D,2500,12.8,1,0.08,Y,3
23,93000,OWN,7,VENTURE,C,25000,12.73,0,0.27,N,3
23,60000,RENT,3,PERSONAL,C,25000,12.73,1,0.42,N,3
23,130208,MORTGAGE,7,DEBTCONSOLIDATION,C,20000,12.73,0,0.15,N,3
23,66912,MORTGAGE,7,PERSONAL,C,16000,12.73,0,0.24,N,3
23,80000,MORTGAGE,1,PERSONAL,C,11000,12.73,0,0.14,N,3
23,29000,RENT,7,EDUCATION,C,8000,12.73,1,0.28,N,3
23,42240,MORTGAGE,3,EDUCATION,C,5500,12.73,0,0.13,N,3
23,65000,MORTGAGE,7,VENTURE,C,17600,12.72,0,0.27,N,3
23,120000,RENT,1,EDUCATION,B,25600,12.69,0,0.21,N,3
23,35000,RENT,2,DEBTCONSOLIDATION,B,22250,12.69,1,0.64,N,3
23,43200,MORTGAGE,5,VENTURE,B,10000,12.69,0,0.23,N,3
23,38000,MORTGAGE,5,EDUCATION,B,8000,12.69,0,0.21,N,3
23,21000,OWN,7,VENTURE,B,7500,12.69,0,0.36,N,3
23,42000,RENT,1,VENTURE,B,7325,12.69,0,0.17,N,3
23,39000,RENT,6,EDUCATION,B,5000,12.69,0,0.13,N,3
23,90000,MORTGAGE,8,DEBTCONSOLIDATION,B,3600,12.69,0,0.04,N,3
23,47496,RENT,7,DEBTCONSOLIDATION,B,3500,12.69,0,0.07,N,3
23,25000,RENT,2,MEDICAL,B,1800,12.69,1,0.07,N,3
23,69000,RENT,5,VENTURE,C,12000,12.68,1,0.17,N,3
23,30000,RENT,4,EDUCATION,C,8125,12.68,0,0.27,N,3
23,114000,MORTGAGE,7,EDUCATION,C,8000,12.68,0,0.07,Y,3
23,59000,RENT,3,MEDICAL,C,4500,12.68,0,0.08,Y,3
23,21000,RENT,2,VENTURE,C,3000,12.68,0,0.14,N,3
23,44400,MORTGAGE,8,EDUCATION,C,2500,12.68,0,0.06,N,3
23,15000,MORTGAGE,1,MEDICAL,C,1750,12.68,0,0.12,Y,3
23,29000,RENT,4,MEDICAL,D,13450,12.61,1,0.46,N,3
23,20400,RENT,3,PERSONAL,C,3125,12.61,0,0.15,N,3
23,24000,RENT,0,EDUCATION,C,2000,12.61,0,0.08,Y,3
23,287000,RENT,3,EDUCATION,B,24250,12.53,0,0.08,N,3
23,55000,RENT,5,VENTURE,B,20000,12.53,1,0.36,N,3
23,45000,MORTGAGE,3,EDUCATION,C,16750,12.53,0,0.37,Y,3
23,75000,RENT,7,PERSONAL,B,12000,12.53,0,0.16,N,3
23,60000,OWN,0,PERSONAL,B,8000,12.53,0,0.13,N,3
23,24000,RENT,0,EDUCATION,B,6250,12.53,0,0.26,N,3
23,21600,OWN,0,VENTURE,B,4400,12.53,0,0.2,N,3
23,110000,RENT,3,EDUCATION,B,20000,12.42,0,0.18,N,3
23,78885,OWN,2,VENTURE,B,20000,12.42,0,0.25,N,3
23,50000,MORTGAGE,6,EDUCATION,B,17000,12.42,0,0.34,N,3
23,35000,MORTGAGE,0,VENTURE,B,12000,12.42,0,0.34,N,3
23,92000,RENT,4,VENTURE,B,6000,12.42,0,0.07,N,3
23,75000,RENT,1,VENTURE,B,6000,12.42,0,0.08,N,3
23,72000,MORTGAGE,7,VENTURE,B,4200,12.42,0,0.06,N,3
23,38000,MORTGAGE,5,VENTURE,B,4000,12.42,0,0.11,N,3
23,54000,RENT,0,MEDICAL,B,3600,12.42,0,0.07,N,3
23,120000,MORTGAGE,4,EDUCATION,B,2400,12.42,0,0.02,N,3
23,26500,RENT,1,EDUCATION,C,2800,12.29,0,0.11,N,3
23,120000,MORTGAGE,7,MEDICAL,B,20000,12.21,0,0.17,N,3
23,86000,MORTGAGE,5,PERSONAL,B,16000,12.21,0,0.19,N,3
23,82650,RENT,7,PERSONAL,B,10000,12.21,0,0.12,N,3
23,58560,MORTGAGE,7,MEDICAL,B,8000,12.21,0,0.14,N,3
23,18000,RENT,0,DEBTCONSOLIDATION,B,4500,12.21,1,0.25,N,3
23,40000,MORTGAGE,7,EDUCATION,B,3500,12.21,0,0.09,N,3
23,10000,RENT,1,VENTURE,B,2100,12.21,1,0.21,N,3
23,106925,MORTGAGE,7,EDUCATION,B,24250,12.18,0,0.23,N,3
23,44000,MORTGAGE,8,PERSONAL,B,15000,12.18,1,0.34,N,3
23,30000,RENT,7,MEDICAL,B,10000,12.18,1,0.33,N,3
23,35000,MORTGAGE,6,EDUCATION,B,8400,12.18,0,0.24,N,3
23,73000,RENT,2,VENTURE,B,3000,12.18,0,0.04,N,3
23,61000,MORTGAGE,7,HOMEIMPROVEMENT,C,18000,12.09,1,0.3,Y,3
23,53000,RENT,0,VENTURE,C,9000,12.09,0,0.17,Y,3
23,175000,MORTGAGE,8,PERSONAL,B,21000,11.99,0,0.12,N,3
23,80000,RENT,3,MEDICAL,B,21000,11.99,0,0.26,N,3
23,105000,MORTGAGE,4,VENTURE,B,19000,11.99,0,0.18,N,3
23,46272,RENT,7,DEBTCONSOLIDATION,B,16750,11.99,1,0.36,N,3
23,81000,MORTGAGE,0,DEBTCONSOLIDATION,B,16000,11.99,1,0.2,N,3
23,95000,MORTGAGE,7,VENTURE,B,12000,11.99,0,0.13,N,3
23,112000,MORTGAGE,5,PERSONAL,B,12000,11.99,0,0.11,N,3
23,69000,RENT,6,DEBTCONSOLIDATION,B,10150,11.99,0,0.15,N,3
23,39000,RENT,3,PERSONAL,B,10000,11.99,1,0.26,N,3
23,39600,RENT,7,PERSONAL,B,9000,11.99,0,0.23,N,3
23,130000,RENT,3,MEDICAL,B,8000,11.99,0,0.06,N,3
23,34800,RENT,0,HOMEIMPROVEMENT,B,7000,11.99,1,0.2,N,3
23,28800,MORTGAGE,6,MEDICAL,B,5000,11.99,0,0.17,N,3
23,32640,RENT,5,VENTURE,B,4800,11.99,0,0.15,N,3
23,33195,RENT,5,MEDICAL,B,1800,11.99,0,0.05,N,3
23,90096,MORTGAGE,0,EDUCATION,C,10150,11.97,0,0.11,N,3
23,90096,MORTGAGE,0,EDUCATION,C,10150,11.97,0,0.11,N,3
23,58000,MORTGAGE,7,MEDICAL,C,7200,11.97,1,0.12,N,3
23,78000,MORTGAGE,1,EDUCATION,B,16000,11.89,0,0.21,N,3
23,73500,RENT,3,PERSONAL,B,15000,11.89,0,0.2,N,3
23,48000,RENT,3,EDUCATION,B,6000,11.89,0,0.13,N,3
23,86400,OWN,0,EDUCATION,D,16000,11.86,0,0.19,N,3
23,70000,RENT,2,VENTURE,B,11500,11.86,0,0.16,N,3
23,65488,RENT,1,DEBTCONSOLIDATION,B,10000,11.86,0,0.15,N,3
23,46000,RENT,2,EDUCATION,D,8000,11.86,1,0.17,N,3
23,64600,RENT,7,MEDICAL,B,7000,11.86,0,0.11,N,3
23,200000,MORTGAGE,4,EDUCATION,B,6000,11.86,0,0.03,N,3
23,45000,RENT,2,VENTURE,B,6000,11.86,0,0.13,N,3
23,50000,MORTGAGE,2,PERSONAL,B,4000,11.86,0,0.08,N,3
23,54000,MORTGAGE,4,MEDICAL,B,2700,11.86,0,0.05,N,3
23,48000,OWN,5,VENTURE,B,2550,11.86,0,0.05,N,3
23,55200,MORTGAGE,2,DEBTCONSOLIDATION,B,2000,11.86,0,0.04,N,3
23,144000,RENT,0,EDUCATION,B,24250,11.83,0,0.17,N,3
23,189996,OWN,0,PERSONAL,B,24000,11.83,0,0.13,N,3
23,60000,RENT,4,VENTURE,B,15000,11.83,0,0.25,N,3
23,95000,MORTGAGE,7,EDUCATION,B,14400,11.83,0,0.15,N,3
23,56004,RENT,7,PERSONAL,B,10000,11.83,0,0.18,N,3
23,25000,RENT,3,VENTURE,B,10000,11.83,1,0.4,N,3
23,60000,RENT,1,EDUCATION,B,4000,11.83,0,0.07,N,3
23,28000,RENT,0,VENTURE,C,5000,11.78,0,0.18,N,3
23,100000,MORTGAGE,7,MEDICAL,B,25000,11.71,0,0.25,N,3
23,80000,MORTGAGE,3,DEBTCONSOLIDATION,B,24000,11.71,0,0.3,N,3
23,40000,RENT,6,EDUCATION,B,15000,11.71,1,0.38,N,3
23,40000,RENT,1,VENTURE,B,15000,11.71,1,0.38,N,3
23,38400,RENT,5,EDUCATION,B,13000,11.71,1,0.34,N,3
23,95000,RENT,6,DEBTCONSOLIDATION,B,12000,11.71,0,0.13,N,3
23,45843,OWN,2,VENTURE,B,11000,11.71,0,0.24,N,3
23,25000,RENT,0,EDUCATION,B,10625,11.71,1,0.42,N,3
23,50000,OWN,7,EDUCATION,B,10000,11.71,0,0.2,N,3
23,145000,MORTGAGE,5,DEBTCONSOLIDATION,B,10000,11.71,0,0.07,N,3
23,45000,MORTGAGE,4,DEBTCONSOLIDATION,B,10000,11.71,0,0.22,N,3
23,55000,MORTGAGE,8,VENTURE,B,7200,11.71,0,0.13,N,3
23,39120,OWN,4,MEDICAL,B,7000,11.71,0,0.18,N,3
23,37000,MORTGAGE,3,PERSONAL,B,6400,11.71,0,0.17,N,3
23,30000,RENT,3,EDUCATION,B,6000,11.71,0,0.2,N,3
23,45000,MORTGAGE,6,MEDICAL,B,5600,11.71,0,0.12,N,3
23,33000,RENT,0,EDUCATION,B,4600,11.71,0,0.14,N,3
23,120000,MORTGAGE,7,VENTURE,B,4400,11.71,0,0.04,N,3
23,52800,MORTGAGE,7,EDUCATION,B,2625,11.71,0,0.05,N,3
23,67000,MORTGAGE,7,MEDICAL,B,2500,11.71,0,0.04,N,3
23,48000,MORTGAGE,7,DEBTCONSOLIDATION,B,2500,11.71,0,0.05,N,3
23,62000,MORTGAGE,6,EDUCATION,B,1800,11.71,0,0.03,N,3
23,91000,MORTGAGE,0,EDUCATION,B,1000,11.71,0,0.01,N,3
23,55000,RENT,3,VENTURE,C,14000,11.66,0,0.25,N,3
23,27000,RENT,6,EDUCATION,C,6000,11.66,0,0.22,N,3
23,27000,RENT,6,EDUCATION,C,6000,11.66,0,0.22,Y,3
23,39996,RENT,0,EDUCATION,C,6000,11.66,0,0.15,N,3
23,68500,MORTGAGE,7,VENTURE,C,4200,11.66,0,0.06,N,3
23,100000,MORTGAGE,1,VENTURE,B,25000,11.58,0,0.25,N,3
23,168600,RENT,3,EDUCATION,B,20000,11.58,0,0.12,N,3
23,78000,RENT,3,VENTURE,B,20000,11.58,0,0.26,N,3
23,69000,MORTGAGE,7,VENTURE,B,15000,11.58,0,0.22,N,3
23,69996,RENT,8,EDUCATION,B,13000,11.58,0,0.19,N,3
23,74706,RENT,4,DEBTCONSOLIDATION,B,12000,11.58,0,0.16,N,3
23,40000,RENT,4,MEDICAL,B,7000,11.58,0,0.17,N,3
23,85000,RENT,2,EDUCATION,B,5000,11.58,0,0.06,N,3
23,38000,RENT,0,MEDICAL,B,5000,11.58,0,0.13,N,3
23,65000,RENT,7,VENTURE,B,20000,11.49,1,0.31,N,3
23,40000,RENT,3,EDUCATION,B,8000,11.49,0,0.2,N,3
23,68000,RENT,1,EDUCATION,B,7500,11.49,0,0.11,N,3
23,36000,MORTGAGE,7,DEBTCONSOLIDATION,B,6400,11.49,0,0.18,N,3
23,22884,RENT,8,EDUCATION,B,6000,11.49,0,0.26,N,3
23,45000,RENT,7,EDUCATION,B,6000,11.49,0,0.13,N,3
23,50000,RENT,4,DEBTCONSOLIDATION,B,6000,11.49,0,0.12,N,3
23,95000,RENT,7,EDUCATION,B,4000,11.49,0,0.04,N,3
23,45000,RENT,3,EDUCATION,B,3600,11.49,0,0.08,N,3
23,94000,RENT,7,MEDICAL,B,3500,11.49,0,0.04,N,3
23,43949,RENT,7,MEDICAL,B,3000,11.49,0,0.07,N,3
23,24000,RENT,2,MEDICAL,B,2800,11.49,1,0.12,N,3
23,54996,MORTGAGE,7,EDUCATION,B,2100,11.49,0,0.04,N,3
23,66661,MORTGAGE,7,MEDICAL,B,1500,11.49,0,0.02,N,3
23,55000,MORTGAGE,1,VENTURE,B,1500,11.49,0,0.03,N,3
23,98800,MORTGAGE,7,VENTURE,B,1000,11.49,0,0.01,N,3
23,72858,RENT,7,DEBTCONSOLIDATION,B,10000,11.48,0,0.14,N,3
23,50000,RENT,5,PERSONAL,B,6000,11.48,0,0.12,N,3
23,40000,MORTGAGE,1,EDUCATION,B,4000,11.48,0,0.1,N,3
23,55000,RENT,4,EDUCATION,B,25000,11.36,1,0.45,N,3
23,81600,RENT,1,MEDICAL,B,25000,11.36,1,0.31,N,3
23,90000,RENT,0,DEBTCONSOLIDATION,B,25000,11.36,0,0.28,N,3
23,100000,MORTGAGE,5,DEBTCONSOLIDATION,B,20000,11.36,0,0.2,N,3
23,39000,RENT,1,PERSONAL,B,16000,11.36,1,0.41,N,3
23,48000,MORTGAGE,3,VENTURE,B,12000,11.36,0,0.25,N,3
23,130000,MORTGAGE,2,PERSONAL,B,10000,11.36,0,0.08,N,3
23,39000,RENT,3,HOMEIMPROVEMENT,B,8000,11.36,1,0.21,N,3
23,47233,RENT,7,MEDICAL,B,5000,11.36,0,0.11,N,3
23,61498,MORTGAGE,5,MEDICAL,B,5000,11.36,0,0.08,N,3
23,84000,RENT,0,MEDICAL,C,15000,11.34,0,0.18,N,3
23,132000,MORTGAGE,7,PERSONAL,C,9000,11.34,0,0.07,Y,3
23,18500,RENT,2,VENTURE,C,9000,11.34,1,0.49,Y,3
23,35500,MORTGAGE,0,MEDICAL,C,3000,11.28,0,0.08,Y,3
23,74196,RENT,2,EDUCATION,B,18500,11.26,0,0.25,N,3
23,30000,RENT,1,MEDICAL,B,14000,11.26,1,0.47,N,3
23,60000,MORTGAGE,0,PERSONAL,B,10000,11.26,0,0.17,N,3
23,60000,MORTGAGE,0,EDUCATION,B,10000,11.26,0,0.17,N,3
23,50000,MORTGAGE,7,VENTURE,B,8600,11.26,0,0.17,N,3
23,88000,MORTGAGE,2,MEDICAL,C,6625,11.22,0,0.08,Y,3
23,110000,MORTGAGE,7,VENTURE,B,20000,11.14,0,0.18,N,3
23,77000,RENT,2,DEBTCONSOLIDATION,B,16000,11.14,0,0.21,N,3
23,72000,RENT,3,DEBTCONSOLIDATION,B,14400,11.14,0,0.2,N,3
23,40000,OWN,6,VENTURE,B,12000,11.14,0,0.3,N,3
23,32580,RENT,0,PERSONAL,B,10000,11.14,1,0.31,N,3
23,60000,RENT,0,VENTURE,B,8000,11.14,0,0.13,N,3
23,30000,OWN,0,PERSONAL,B,3000,11.14,0,0.1,N,3
23,130000,MORTGAGE,7,MEDICAL,B,25000,11.12,0,0.19,N,3
23,65000,RENT,7,VENTURE,B,15000,11.12,0,0.23,N,3
23,140000,RENT,5,DEBTCONSOLIDATION,B,12000,11.12,0,0.09,N,3
23,75000,MORTGAGE,5,VENTURE,B,5000,11.12,0,0.07,N,3
23,70000,MORTGAGE,1,PERSONAL,B,5000,11.12,0,0.07,N,3
23,70000,RENT,3,PERSONAL,B,19425,11.11,0,0.28,N,3
23,45000,MORTGAGE,2,EDUCATION,B,10000,11.11,0,0.22,N,3
23,100000,MORTGAGE,1,PERSONAL,B,9125,11.11,0,0.09,N,3
23,36000,RENT,,DEBTCONSOLIDATION,B,9000,11.11,0,0.25,N,3
23,22944,RENT,7,EDUCATION,B,5000,11.11,0,0.22,N,3
23,36000,RENT,0,PERSONAL,B,4800,11.11,0,0.13,N,3
23,23000,RENT,0,PERSONAL,B,4325,11.11,0,0.19,N,3
23,23040,OWN,0,VENTURE,B,2000,11.11,0,0.09,N,3
23,17688,RENT,0,PERSONAL,B,1700,11.11,0,0.1,N,3
23,17688,RENT,0,DEBTCONSOLIDATION,B,1700,11.11,0,0.1,N,3
23,24960,RENT,3,MEDICAL,B,1675,11.11,0,0.07,N,3
23,24000,MORTGAGE,5,MEDICAL,B,1375,11.11,1,0.06,N,3
23,54000,MORTGAGE,3,MEDICAL,C,7500,11.03,1,0.14,Y,3
23,83000,RENT,7,EDUCATION,B,25300,10.99,1,0.3,N,3
23,147000,MORTGAGE,2,MEDICAL,B,24000,10.99,0,0.16,N,3
23,96000,MORTGAGE,4,EDUCATION,B,20000,10.99,0,0.21,N,3
23,63600,MORTGAGE,,DEBTCONSOLIDATION,B,20000,10.99,1,0.31,N,3
23,63000,RENT,1,EDUCATION,B,18000,10.99,0,0.29,N,3
23,78000,RENT,5,MEDICAL,B,17000,10.99,0,0.22,N,3
23,85000,RENT,7,PERSONAL,B,15000,10.99,0,0.18,N,3
23,72324,RENT,7,VENTURE,B,12000,10.99,0,0.17,N,3
23,122004,MORTGAGE,7,EDUCATION,B,11200,10.99,0,0.09,N,3
23,50000,MORTGAGE,3,MEDICAL,B,10000,10.99,0,0.2,N,3
23,50000,MORTGAGE,3,PERSONAL,B,10000,10.99,0,0.2,N,3
23,39800,MORTGAGE,5,MEDICAL,B,9750,10.99,0,0.24,N,3
23,80000,MORTGAGE,4,MEDICAL,B,8000,10.99,0,0.1,N,3
23,35000,RENT,0,EDUCATION,B,7000,10.99,0,0.2,N,3
23,73000,RENT,0,DEBTCONSOLIDATION,B,6825,10.99,0,0.09,N,3
23,75000,MORTGAGE,7,MEDICAL,B,6000,10.99,0,0.08,N,3
23,56100,MORTGAGE,3,MEDICAL,B,5650,10.99,1,0.09,N,3
23,48880,RENT,2,EDUCATION,B,5500,10.99,0,0.11,N,3
23,75000,MORTGAGE,7,PERSONAL,B,4950,10.99,0,0.07,N,3
23,51600,MORTGAGE,1,PERSONAL,B,4800,10.99,1,0.09,N,3
23,36000,RENT,7,PERSONAL,B,4000,10.99,1,0.11,N,3
23,18000,RENT,5,DEBTCONSOLIDATION,B,4000,10.99,1,0.22,N,3
23,35500,RENT,5,EDUCATION,B,3500,10.99,0,0.1,N,3
23,78000,RENT,3,EDUCATION,B,3200,10.99,1,0.04,N,3
23,44724,RENT,7,VENTURE,B,6500,10.96,0,0.15,N,3
23,47800,MORTGAGE,4,MEDICAL,B,18000,10.95,1,0.38,N,3
23,65000,MORTGAGE,2,EDUCATION,B,15000,10.95,0,0.23,N,3
23,62004,MORTGAGE,1,DEBTCONSOLIDATION,B,9600,10.95,0,0.15,N,3
23,33996,RENT,7,PERSONAL,B,8000,10.95,1,0.24,N,3
23,62000,MORTGAGE,1,PERSONAL,B,6500,10.95,0,0.1,N,3
23,84996,MORTGAGE,5,MEDICAL,B,5000,10.95,0,0.06,N,3
23,17000,RENT,0,VENTURE,B,1750,10.95,0,0.1,N,3
23,70522,RENT,7,MEDICAL,C,9325,10.91,0,0.13,Y,3
23,39000,RENT,7,MEDICAL,B,12000,10.83,1,0.31,N,3
23,60000,RENT,0,EDUCATION,C,11200,10.78,0,0.19,N,3
23,48000,RENT,2,DEBTCONSOLIDATION,B,15000,10.75,1,0.31,N,3
23,72150,RENT,3,VENTURE,B,14000,10.75,0,0.19,N,3
23,56000,RENT,2,PERSONAL,B,12000,10.75,0,0.21,N,3
23,24000,RENT,5,PERSONAL,B,5000,10.75,0,0.21,N,3
23,81000,RENT,5,EDUCATION,B,3500,10.75,0,0.04,N,3
23,52102,MORTGAGE,1,MEDICAL,B,3500,10.75,1,0.06,N,3
23,78504,RENT,7,VENTURE,B,25000,10.74,1,0.32,N,3
23,50000,RENT,4,VENTURE,B,18225,10.74,1,0.36,N,3
23,64000,RENT,2,PERSONAL,B,16000,10.74,0,0.25,N,3
23,36000,RENT,4,MEDICAL,B,12250,10.74,1,0.34,N,3
23,75000,RENT,5,DEBTCONSOLIDATION,B,8000,10.74,0,0.11,N,3
23,73000,MORTGAGE,7,VENTURE,B,7000,10.74,0,0.1,N,3
23,85000,RENT,0,EDUCATION,B,7000,10.74,0,0.08,N,3
23,14400,RENT,0,VENTURE,B,4000,10.74,1,0.28,N,3
23,14400,RENT,0,DEBTCONSOLIDATION,B,4000,10.74,1,0.28,N,3
23,117000,MORTGAGE,7,MEDICAL,B,3700,10.74,0,0.03,N,3
23,66000,MORTGAGE,7,VENTURE,B,2700,10.74,0,0.04,N,3
23,92500,RENT,6,VENTURE,B,2500,10.74,0,0.03,N,3
23,53976,MORTGAGE,7,EDUCATION,B,2000,10.74,0,0.04,N,3
23,500000,MORTGAGE,7,DEBTCONSOLIDATION,B,30000,10.65,0,0.06,N,3
23,62352,OWN,7,EDUCATION,B,29800,10.65,0,0.48,N,3
23,65000,RENT,0,MEDICAL,B,20000,10.65,1,0.31,N,3
23,75000,MORTGAGE,2,MEDICAL,B,14000,10.65,0,0.19,N,3
23,35000,RENT,6,DEBTCONSOLIDATION,B,13475,10.65,1,0.39,N,3
23,48000,MORTGAGE,8,PERSONAL,B,10000,10.65,0,0.21,N,3
23,96000,RENT,7,PERSONAL,B,10000,10.65,0,0.1,N,3
23,96000,RENT,7,EDUCATION,B,10000,10.65,0,0.1,N,3
23,27000,RENT,6,MEDICAL,B,10000,10.65,1,0.37,N,3
23,51400,RENT,2,PERSONAL,B,10000,10.65,0,0.19,N,3
23,47000,MORTGAGE,7,MEDICAL,B,8000,10.65,0,0.17,N,3
23,38000,RENT,5,PERSONAL,B,8000,10.65,0,0.21,N,3
23,51600,MORTGAGE,4,EDUCATION,B,7200,10.65,0,0.14,N,3
23,60000,RENT,1,DEBTCONSOLIDATION,B,6200,10.65,0,0.1,N,3
23,53000,MORTGAGE,6,DEBTCONSOLIDATION,B,6000,10.65,1,0.11,N,3
23,30000,MORTGAGE,4,DEBTCONSOLIDATION,B,4800,10.65,1,0.16,N,3
23,90000,MORTGAGE,7,DEBTCONSOLIDATION,B,4000,10.65,0,0.04,N,3
23,76000,MORTGAGE,7,MEDICAL,B,3600,10.65,0,0.05,N,3
23,78000,RENT,1,VENTURE,B,25000,10.62,1,0.32,N,3
23,113200,MORTGAGE,3,EDUCATION,B,24250,10.62,0,0.21,N,3
23,47000,RENT,5,VENTURE,B,16500,10.62,1,0.35,N,3
23,81960,RENT,7,DEBTCONSOLIDATION,B,15000,10.62,0,0.18,N,3
23,60000,RENT,7,PERSONAL,B,15000,10.62,1,0.25,N,3
23,56000,OWN,2,MEDICAL,B,15000,10.62,0,0.27,N,3
23,86000,RENT,6,EDUCATION,B,13000,10.62,0,0.15,N,3
23,61615,MORTGAGE,4,MEDICAL,B,13000,10.62,0,0.21,N,3
23,25000,RENT,8,EDUCATION,B,5000,10.62,0,0.2,N,3
23,30000,MORTGAGE,3,PERSONAL,B,4500,10.62,0,0.15,N,3
23,9600,RENT,3,DEBTCONSOLIDATION,B,2100,10.62,1,0.22,N,3
23,70000,MORTGAGE,4,PERSONAL,B,25000,10.59,0,0.36,N,3
23,74064,RENT,3,DEBTCONSOLIDATION,B,22000,10.59,0,0.3,N,3
23,90000,RENT,7,EDUCATION,B,17000,10.59,0,0.19,N,3
23,60000,RENT,3,EDUCATION,C,12250,10.59,0,0.2,N,3
23,50000,RENT,0,EDUCATION,B,12000,10.59,0,0.24,N,3
23,72000,RENT,7,DEBTCONSOLIDATION,B,10000,10.59,0,0.14,N,3
23,26000,MORTGAGE,3,DEBTCONSOLIDATION,B,7800,10.59,0,0.3,N,3
23,52176,MORTGAGE,3,EDUCATION,B,7500,10.59,0,0.14,N,3
23,43000,MORTGAGE,7,DEBTCONSOLIDATION,B,7200,10.59,0,0.17,N,3
23,51600,MORTGAGE,1,DEBTCONSOLIDATION,B,5000,10.59,0,0.1,N,3
23,40000,RENT,1,VENTURE,B,4600,10.59,0,0.12,N,3
23,55000,MORTGAGE,1,EDUCATION,B,4400,10.59,0,0.08,N,3
23,62000,RENT,3,PERSONAL,C,4000,10.59,0,0.06,Y,3
23,65000,RENT,7,MEDICAL,B,3600,10.59,0,0.06,N,3
23,65000,RENT,7,EDUCATION,B,3600,10.59,0,0.06,N,3
23,48000,RENT,0,EDUCATION,B,2400,10.59,0,0.05,N,3
23,35000,RENT,4,EDUCATION,B,1800,10.59,0,0.05,N,3
23,57000,OWN,7,EDUCATION,B,4200,10.51,0,0.07,N,3
23,66000,RENT,7,VENTURE,B,5000,10.39,0,0.08,N,3
23,22004,RENT,8,EDUCATION,B,2000,10.39,0,0.09,N,3
23,75000,MORTGAGE,7,VENTURE,B,15000,10.38,0,0.2,N,3
23,72000,MORTGAGE,7,EDUCATION,B,11875,10.38,0,0.16,N,3
23,55000,OWN,5,EDUCATION,B,11000,10.38,0,0.2,N,3
23,113000,MORTGAGE,6,DEBTCONSOLIDATION,B,10000,10.38,1,0.09,N,3
23,56928,RENT,3,PERSONAL,B,4800,10.38,0,0.08,N,3
23,76000,RENT,7,MEDICAL,B,20000,10.37,0,0.26,N,3
23,51319,MORTGAGE,2,VENTURE,B,20000,10.37,0,0.39,N,3
23,110000,MORTGAGE,1,PERSONAL,B,18000,10.37,0,0.16,N,3
23,54996,RENT,4,EDUCATION,B,16700,10.37,0,0.3,N,3
23,120000,MORTGAGE,7,DEBTCONSOLIDATION,B,16000,10.37,0,0.13,N,3
23,50000,RENT,7,PERSONAL,B,15000,10.37,0,0.3,N,3
23,46800,RENT,4,EDUCATION,B,14000,10.37,0,0.3,N,3
23,107806,RENT,3,VENTURE,B,11425,10.37,0,0.11,N,3
23,74758,MORTGAGE,3,DEBTCONSOLIDATION,B,11050,10.37,0,0.15,N,3
23,68000,MORTGAGE,3,VENTURE,B,9750,10.37,0,0.14,N,3
23,97500,RENT,0,DEBTCONSOLIDATION,B,9600,10.37,0,0.1,N,3
23,57500,RENT,2,MEDICAL,B,9000,10.37,0,0.16,N,3
23,42000,RENT,2,PERSONAL,B,6500,10.37,0,0.15,N,3
23,42000,RENT,2,EDUCATION,B,6500,10.37,0,0.15,N,3
23,31200,OWN,7,EDUCATION,B,6000,10.37,0,0.19,N,3
23,50000,RENT,7,EDUCATION,B,4800,10.37,0,0.1,N,3
23,48000,RENT,8,PERSONAL,B,4000,10.37,1,0.08,N,3
23,28872,OWN,7,VENTURE,B,2000,10.37,0,0.07,N,3
23,36000,RENT,0,MEDICAL,B,1200,10.37,0,0.03,N,3
23,150000,RENT,4,EDUCATION,B,25000,10.36,0,0.17,N,3
23,74000,RENT,3,MEDICAL,B,25000,10.36,1,0.34,N,3
23,40000,RENT,7,VENTURE,B,10000,10.36,0,0.25,N,3
23,46000,MORTGAGE,2,MEDICAL,B,10000,10.36,0,0.22,N,3
23,90000,MORTGAGE,7,EDUCATION,B,8000,10.36,0,0.09,N,3
23,90000,MORTGAGE,7,EDUCATION,B,8000,10.36,0,0.09,N,3
23,48600,RENT,2,DEBTCONSOLIDATION,B,4800,10.36,0,0.1,N,3
23,30000,RENT,0,DEBTCONSOLIDATION,B,4000,10.36,0,0.13,N,3
23,58800,RENT,7,EDUCATION,B,3000,10.36,1,0.05,N,3
23,147000,MORTGAGE,4,DEBTCONSOLIDATION,B,25000,10.25,0,0.17,N,3
23,42504,RENT,0,MEDICAL,B,18250,10.25,1,0.43,N,3
23,58000,OWN,4,MEDICAL,B,15000,10.25,0,0.26,N,3
23,35976,RENT,3,VENTURE,B,15000,10.25,1,0.42,N,3
23,60000,RENT,4,PERSONAL,B,12500,10.25,0,0.21,N,3
23,105000,MORTGAGE,7,DEBTCONSOLIDATION,B,12000,10.25,0,0.11,N,3
23,60000,RENT,3,EDUCATION,B,8000,10.25,0,0.13,N,3
23,60000,RENT,3,EDUCATION,B,8000,10.25,0,0.13,N,3
23,90000,RENT,3,PERSONAL,B,6000,10.25,0,0.07,N,3
23,62000,MORTGAGE,7,MEDICAL,B,6400,10.08,0,0.1,N,3
23,48000,OWN,6,EDUCATION,B,5000,10.08,0,0.1,N,3
23,103000,MORTGAGE,7,DEBTCONSOLIDATION,B,21850,10,0,0.21,N,3
23,56000,RENT,1,EDUCATION,B,8000,10,0,0.14,N,3
23,85596,MORTGAGE,5,EDUCATION,B,6000,10,0,0.07,N,3
23,92000,RENT,5,MEDICAL,B,4800,10,0,0.05,N,3
23,150000,MORTGAGE,7,MEDICAL,B,30000,9.99,0,0.2,N,3
23,106921,MORTGAGE,6,MEDICAL,B,30000,9.99,0,0.28,N,3
23,80000,OWN,7,VENTURE,B,25000,9.99,0,0.31,N,3
23,90000,MORTGAGE,6,PERSONAL,B,15000,9.99,1,0.17,N,3
23,40000,MORTGAGE,7,VENTURE,B,13000,9.99,0,0.33,N,3
23,72000,RENT,7,VENTURE,B,12000,9.99,0,0.17,N,3
23,68000,MORTGAGE,5,EDUCATION,B,11500,9.99,0,0.17,N,3
23,46200,RENT,5,PERSONAL,B,9000,9.99,0,0.19,N,3
23,71000,MORTGAGE,7,DEBTCONSOLIDATION,B,7500,9.99,0,0.11,N,3
23,65000,MORTGAGE,0,VENTURE,B,7300,9.99,0,0.11,N,3
23,36000,RENT,3,EDUCATION,B,7000,9.99,0,0.19,N,3
23,36000,RENT,3,EDUCATION,B,7000,9.99,0,0.19,N,3
23,120000,MORTGAGE,5,MEDICAL,B,6000,9.99,0,0.05,N,3
23,120000,MORTGAGE,5,VENTURE,B,6000,9.99,0,0.05,N,3
23,25480,MORTGAGE,7,PERSONAL,B,5000,9.99,0,0.2,N,3
23,47000,RENT,4,EDUCATION,B,5000,9.99,0,0.11,N,3
23,54000,MORTGAGE,,DEBTCONSOLIDATION,B,5000,9.99,0,0.09,N,3
23,60000,RENT,8,VENTURE,B,3600,9.99,0,0.06,N,3
23,19200,RENT,0,PERSONAL,B,3000,9.99,1,0.16,N,3
23,18600,RENT,2,DEBTCONSOLIDATION,B,1700,9.99,0,0.09,N,3
23,80196,OWN,2,VENTURE,B,30000,9.91,0,0.37,N,3
23,80196,OWN,2,PERSONAL,B,30000,9.91,0,0.37,N,3
23,110000,MORTGAGE,,EDUCATION,B,25000,9.91,0,0.23,N,3
23,55000,MORTGAGE,8,EDUCATION,B,12375,9.91,0,0.23,N,3
23,32000,RENT,4,EDUCATION,B,11000,9.91,1,0.34,N,3
23,120000,MORTGAGE,7,DEBTCONSOLIDATION,B,10000,9.91,0,0.08,N,3
23,50000,RENT,3,EDUCATION,B,10000,9.91,0,0.2,N,3
23,95000,MORTGAGE,0,VENTURE,B,10000,9.91,0,0.11,N,3
23,54008,RENT,5,DEBTCONSOLIDATION,B,7000,9.91,0,0.13,N,3
23,25000,RENT,4,DEBTCONSOLIDATION,B,6475,9.91,0,0.26,N,3
23,54516,RENT,,VENTURE,B,6000,9.91,0,0.11,N,3
23,32000,RENT,,PERSONAL,B,5000,9.91,1,0.16,N,3
23,55000,RENT,7,MEDICAL,B,4200,9.91,0,0.08,N,3
23,51600,RENT,6,PERSONAL,B,4000,9.91,0,0.08,N,3
23,75576,RENT,7,EDUCATION,B,18000,9.88,0,0.24,N,3
23,78625,RENT,3,PERSONAL,B,13600,9.88,0,0.17,N,3
23,93000,OWN,7,VENTURE,B,10000,9.88,0,0.11,N,3
23,55000,MORTGAGE,6,EDUCATION,B,8000,9.88,0,0.15,N,3
23,78000,MORTGAGE,7,EDUCATION,B,1000,9.88,0,0.01,N,3
23,45000,OWN,0,VENTURE,B,21000,9.76,0,0.47,N,3
23,60000,MORTGAGE,1,PERSONAL,B,9900,9.76,0,0.17,N,3
23,30000,RENT,7,EDUCATION,B,3600,9.7,0,0.12,N,3
23,69000,MORTGAGE,0,PERSONAL,B,2500,9.64,1,0.04,N,3
23,195000,MORTGAGE,0,EDUCATION,B,20000,9.63,0,0.1,N,3
23,39996,RENT,6,MEDICAL,B,12000,9.63,0,0.3,N,3
23,39996,OWN,1,MEDICAL,B,11000,9.63,0,0.28,N,3
23,37700,MORTGAGE,7,DEBTCONSOLIDATION,A,10000,9.63,1,0.27,N,3
23,50000,RENT,5,EDUCATION,B,10000,9.63,0,0.2,N,3
23,50000,RENT,5,EDUCATION,B,10000,9.63,0,0.2,N,3
23,70000,RENT,2,DEBTCONSOLIDATION,A,10000,9.63,0,0.14,N,3
23,65748,MORTGAGE,6,EDUCATION,A,8800,9.63,0,0.13,N,3
23,28800,MORTGAGE,7,DEBTCONSOLIDATION,B,8400,9.63,0,0.29,N,3
23,45000,OWN,3,MEDICAL,A,7000,9.63,0,0.16,N,3
23,65000,RENT,0,EDUCATION,A,6000,9.63,0,0.09,N,3
23,65000,RENT,0,MEDICAL,A,6000,9.63,0,0.09,N,3
23,24000,MORTGAGE,1,EDUCATION,B,5600,9.63,0,0.23,N,3
23,32000,RENT,6,PERSONAL,A,3600,9.63,0,0.11,N,3
23,63816,RENT,4,EDUCATION,B,3500,9.63,0,0.05,N,3
23,59300,RENT,1,MEDICAL,A,3000,9.63,0,0.05,N,3
23,65000,MORTGAGE,7,VENTURE,B,13750,9.62,0,0.21,N,3
23,44500,MORTGAGE,4,EDUCATION,B,9250,9.62,0,0.21,N,3
23,86000,RENT,0,VENTURE,B,4800,9.62,0,0.06,N,3
23,54000,RENT,7,PERSONAL,B,1500,9.62,0,0.03,N,3
23,20004,RENT,2,DEBTCONSOLIDATION,B,1500,9.62,0,0.07,N,3
23,94000,RENT,0,MEDICAL,B,10000,9.45,0,0.11,N,3
23,60000,RENT,4,DEBTCONSOLIDATION,B,24750,9.33,1,0.41,N,3
23,66996,MORTGAGE,7,MEDICAL,A,10000,9.32,0,0.15,N,3
23,39600,MORTGAGE,8,MEDICAL,A,8250,9.32,0,0.21,N,3
23,65000,RENT,6,PERSONAL,A,8000,9.32,0,0.12,N,3
23,50000,RENT,2,EDUCATION,A,7000,9.32,0,0.14,N,3
23,41000,MORTGAGE,5,DEBTCONSOLIDATION,A,6000,9.32,0,0.15,N,3
23,48500,RENT,1,MEDICAL,A,6000,9.32,0,0.12,N,3
23,87000,MORTGAGE,7,EDUCATION,A,3500,9.32,0,0.04,N,3
23,29666,OTHER,1,VENTURE,A,3000,9.32,0,0.1,N,3
23,11000,OWN,0,PERSONAL,A,1400,9.32,0,0.13,N,3
23,43000,RENT,1,EDUCATION,B,10000,9.25,0,0.23,N,3
23,48000,RENT,0,VENTURE,B,10000,9.25,0,0.21,N,3
23,80500,RENT,5,VENTURE,B,7200,9.25,0,0.09,N,3
23,38400,MORTGAGE,0,PERSONAL,B,5000,9.25,0,0.13,N,3
23,44000,RENT,2,MEDICAL,B,3000,9.25,0,0.07,N,3
23,102000,OWN,7,EDUCATION,A,15000,8.94,0,0.15,N,3
23,65000,RENT,3,VENTURE,A,15000,8.94,0,0.23,N,3
23,98000,MORTGAGE,4,EDUCATION,A,14500,8.94,0,0.15,N,3
23,120000,MORTGAGE,8,VENTURE,A,14000,8.94,0,0.12,N,3
23,50000,RENT,5,MEDICAL,A,10000,8.94,0,0.2,N,3
23,98000,MORTGAGE,3,VENTURE,A,10000,8.94,0,0.1,N,3
23,60000,RENT,2,EDUCATION,A,8000,8.94,0,0.13,N,3
23,48000,RENT,6,EDUCATION,A,7000,8.94,0,0.15,N,3
23,40000,RENT,5,MEDICAL,A,6000,8.94,0,0.15,N,3
23,59785,RENT,2,EDUCATION,A,6000,8.94,0,0.1,N,3
23,28800,RENT,0,DEBTCONSOLIDATION,A,6000,8.94,0,0.21,N,3
23,54000,RENT,3,VENTURE,A,5500,8.94,0,0.1,N,3
23,75000,MORTGAGE,0,PERSONAL,A,5400,8.94,0,0.07,N,3
23,27972,RENT,6,VENTURE,A,5000,8.94,0,0.18,N,3
23,50000,OWN,3,VENTURE,A,5000,8.94,0,0.1,N,3
23,31000,RENT,1,DEBTCONSOLIDATION,A,1500,8.94,0,0.05,N,3
23,216000,MORTGAGE,5,DEBTCONSOLIDATION,A,21000,8.9,0,0.1,N,3
23,84000,OWN,7,EDUCATION,A,17500,8.9,0,0.21,N,3
23,59000,RENT,4,PERSONAL,A,14400,8.9,0,0.24,N,3
23,80800,RENT,6,PERSONAL,A,12000,8.9,0,0.15,N,3
23,90000,RENT,0,MEDICAL,A,12000,8.9,0,0.13,N,3
23,27600,RENT,6,EDUCATION,A,6800,8.9,0,0.25,N,3
23,37000,OWN,0,EDUCATION,A,6000,8.9,0,0.16,N,3
23,65000,MORTGAGE,4,DEBTCONSOLIDATION,A,5400,8.9,0,0.08,N,3
23,40000,RENT,3,DEBTCONSOLIDATION,A,2400,8.9,0,0.06,N,3
23,56000,RENT,2,MEDICAL,A,2400,8.9,0,0.04,N,3
23,70000,RENT,1,PERSONAL,B,17000,8.88,0,0.24,N,3
23,40000,MORTGAGE,2,MEDICAL,B,7000,8.88,0,0.17,N,3
23,35000,RENT,6,DEBTCONSOLIDATION,B,1500,8.88,0,0.04,N,3
23,48000,RENT,7,VENTURE,B,5000,8.7,0,0.1,N,3
23,56000,MORTGAGE,1,MEDICAL,A,10000,8.59,0,0.18,N,3
23,25000,OWN,1,EDUCATION,A,8000,8.59,0,0.32,N,3
23,65000,MORTGAGE,4,EDUCATION,A,7500,8.59,0,0.12,N,3
23,100000,MORTGAGE,0,PERSONAL,A,7000,8.59,0,0.07,N,3
23,58650,MORTGAGE,7,MEDICAL,A,5000,8.59,1,0.07,N,3
23,31200,RENT,2,DEBTCONSOLIDATION,A,4000,8.59,0,0.13,N,3
23,80000,RENT,5,VENTURE,A,18000,8.49,0,0.23,N,3
23,83600,RENT,7,PERSONAL,A,15000,8.49,1,0.18,N,3
23,33000,RENT,8,DEBTCONSOLIDATION,A,12000,8.49,1,0.36,N,3
23,140000,MORTGAGE,7,PERSONAL,A,12000,8.49,0,0.09,N,3
23,100000,MORTGAGE,0,EDUCATION,A,11000,8.49,0,0.11,N,3
23,32400,RENT,7,EDUCATION,A,10000,8.49,1,0.31,N,3
23,59000,MORTGAGE,7,EDUCATION,A,9000,8.49,0,0.15,N,3
23,42500,MORTGAGE,7,EDUCATION,A,7500,8.49,0,0.18,N,3
23,65000,MORTGAGE,2,DEBTCONSOLIDATION,A,7000,8.49,0,0.11,N,3
23,130000,MORTGAGE,4,EDUCATION,A,6800,8.49,0,0.05,N,3
23,30000,RENT,0,EDUCATION,A,6000,8.49,0,0.2,N,3
23,100000,RENT,5,PERSONAL,A,5000,8.49,0,0.05,N,3
23,50000,RENT,0,EDUCATION,A,4900,8.49,0,0.1,N,3
23,55000,RENT,4,VENTURE,A,4500,8.49,0,0.08,N,3
23,80004,RENT,2,DEBTCONSOLIDATION,A,3400,8.49,0,0.04,N,3
23,43000,RENT,1,DEBTCONSOLIDATION,A,3000,8.49,0,0.07,N,3
23,15204,MORTGAGE,7,PERSONAL,A,2800,8.49,1,0.18,N,3
23,175000,MORTGAGE,3,EDUCATION,A,7200,8.38,0,0.04,N,3
23,136000,MORTGAGE,7,DEBTCONSOLIDATION,A,8000,8.32,0,0.06,N,3
23,40000,OWN,0,VENTURE,A,6400,8.32,0,0.16,N,3
23,38000,RENT,4,VENTURE,A,1500,8.32,0,0.04,N,3
23,98000,RENT,5,DEBTCONSOLIDATION,A,3500,8.07,0,0.04,N,3
23,111150,MORTGAGE,1,DEBTCONSOLIDATION,A,10000,8,0,0.09,N,3
23,70000,MORTGAGE,4,EDUCATION,A,8400,8,0,0.12,N,3
23,111000,RENT,7,EDUCATION,A,7000,8,0,0.06,N,3
23,45000,RENT,2,VENTURE,A,6575,8,0,0.15,N,3
23,92000,RENT,0,EDUCATION,A,6500,8,0,0.07,N,3
23,26500,OWN,6,VENTURE,A,6000,8,0,0.23,N,3
23,31920,RENT,0,DEBTCONSOLIDATION,A,5000,8,0,0.16,N,3
23,58500,MORTGAGE,6,DEBTCONSOLIDATION,A,4000,8,0,0.07,N,3
23,75000,MORTGAGE,0,EDUCATION,A,3200,8,0,0.04,N,3
23,68000,MORTGAGE,4,EDUCATION,A,1000,8,0,0.01,N,3
23,102000,MORTGAGE,5,PERSONAL,A,35000,7.9,0,0.34,N,3
23,67000,RENT,3,EDUCATION,A,25000,7.9,1,0.37,N,3
23,50000,RENT,1,DEBTCONSOLIDATION,A,25000,7.9,1,0.5,N,3
23,75000,OWN,6,VENTURE,A,24000,7.9,0,0.32,N,3
23,115000,MORTGAGE,4,EDUCATION,A,24000,7.9,0,0.21,N,3
23,62500,MORTGAGE,4,DEBTCONSOLIDATION,A,23525,7.9,0,0.38,N,3
23,63000,MORTGAGE,7,EDUCATION,A,20000,7.9,0,0.32,N,3
23,75000,MORTGAGE,7,EDUCATION,A,16100,7.9,0,0.21,N,3
23,60000,MORTGAGE,7,EDUCATION,A,15000,7.9,0,0.25,N,3
23,60000,MORTGAGE,7,DEBTCONSOLIDATION,A,15000,7.9,0,0.25,N,3
23,45600,OWN,7,EDUCATION,A,14000,7.9,0,0.31,N,3
23,65000,MORTGAGE,0,PERSONAL,A,12000,7.9,0,0.18,N,3
23,65000,MORTGAGE,0,MEDICAL,A,10200,7.9,0,0.16,N,3
23,62000,MORTGAGE,1,MEDICAL,A,10000,7.9,0,0.16,N,3
23,40000,RENT,0,VENTURE,A,10000,7.9,0,0.25,N,3
23,80000,RENT,5,EDUCATION,A,8000,7.9,0,0.1,N,3
23,62000,RENT,3,EDUCATION,A,7200,7.9,1,0.12,N,3
23,55000,MORTGAGE,7,VENTURE,A,6500,7.9,0,0.12,N,3
23,49000,RENT,6,DEBTCONSOLIDATION,A,6000,7.9,0,0.12,N,3
23,49152,RENT,2,PERSONAL,A,6000,7.9,0,0.12,N,3
23,38000,MORTGAGE,5,PERSONAL,A,5400,7.9,0,0.14,N,3
23,23340,RENT,8,EDUCATION,A,5300,7.9,0,0.23,N,3
23,34348,MORTGAGE,7,EDUCATION,A,5000,7.9,0,0.15,N,3
23,48000,RENT,6,VENTURE,A,4800,7.9,0,0.1,N,3
23,30000,MORTGAGE,7,MEDICAL,A,4600,7.9,0,0.15,N,3
23,95000,MORTGAGE,4,MEDICAL,A,4400,7.9,0,0.05,N,3
23,63719,MORTGAGE,0,MEDICAL,A,3500,7.9,1,0.05,N,3
23,28600,RENT,7,EDUCATION,A,1000,7.9,0,0.03,N,3
23,65004,MORTGAGE,7,PERSONAL,A,15000,7.88,0,0.23,N,3
23,65000,RENT,0,MEDICAL,A,15000,7.88,0,0.23,N,3
23,45312,RENT,3,EDUCATION,A,13500,7.88,0,0.3,N,3
23,60000,MORTGAGE,7,EDUCATION,A,10750,7.88,0,0.18,N,3
23,61200,MORTGAGE,2,DEBTCONSOLIDATION,A,10000,7.88,0,0.16,N,3
23,65000,MORTGAGE,7,EDUCATION,A,9000,7.88,0,0.14,N,3
23,21840,OWN,1,VENTURE,A,9000,7.88,0,0.41,N,3
23,66000,MORTGAGE,0,PERSONAL,A,7800,7.88,0,0.12,N,3
23,38000,RENT,0,EDUCATION,A,7500,7.88,0,0.2,N,3
23,42000,RENT,2,EDUCATION,A,7000,7.88,0,0.17,N,3
23,39600,MORTGAGE,7,MEDICAL,A,6000,7.88,0,0.15,N,3
23,29000,RENT,5,EDUCATION,A,6000,7.88,1,0.21,N,3
23,65000,MORTGAGE,7,EDUCATION,A,5500,7.88,0,0.08,N,3
23,38000,RENT,1,MEDICAL,A,5200,7.88,0,0.14,N,3
23,38004,RENT,2,EDUCATION,A,4500,7.88,0,0.12,N,3
23,95000,MORTGAGE,2,VENTURE,A,4000,7.88,0,0.04,N,3
23,46000,MORTGAGE,,MEDICAL,A,3000,7.88,0,0.07,N,3
23,90000,RENT,0,PERSONAL,A,2000,7.88,0,0.02,N,3
23,29000,RENT,0,DEBTCONSOLIDATION,A,1600,7.88,1,0.06,N,3
23,45000,RENT,0,EDUCATION,A,5000,7.75,0,0.11,N,3
23,80000,MORTGAGE,7,DEBTCONSOLIDATION,A,10000,7.74,0,0.13,N,3
23,37000,MORTGAGE,2,EDUCATION,A,10000,7.74,0,0.27,N,3
23,42048,MORTGAGE,7,EDUCATION,A,8500,7.74,0,0.2,N,3
23,69360,RENT,5,DEBTCONSOLIDATION,A,4000,7.74,0,0.06,N,3
23,14000,RENT,4,VENTURE,A,3000,7.74,1,0.21,N,3
23,39200,RENT,1,EDUCATION,A,2500,7.74,0,0.06,N,3
23,28800,RENT,0,MEDICAL,A,1500,7.74,0,0.05,N,3
23,95000,MORTGAGE,7,PERSONAL,A,6000,7.68,0,0.06,N,3
23,40308,MORTGAGE,1,MEDICAL,A,5000,7.68,0,0.12,N,3
23,32000,RENT,0,EDUCATION,A,4000,7.68,0,0.13,N,3
23,160000,MORTGAGE,5,VENTURE,A,35000,7.66,0,0.22,N,3
23,58800,RENT,7,DEBTCONSOLIDATION,A,20000,7.66,1,0.34,N,3
23,113000,MORTGAGE,4,EDUCATION,A,12000,7.66,0,0.11,N,3
23,35000,RENT,2,DEBTCONSOLIDATION,A,11900,7.66,1,0.34,N,3
23,30000,MORTGAGE,6,EDUCATION,A,10000,7.66,0,0.33,N,3
23,66000,RENT,2,EDUCATION,A,7000,7.66,0,0.11,N,3
23,24000,RENT,3,EDUCATION,A,5250,7.66,1,0.22,N,3
23,78000,MORTGAGE,7,VENTURE,A,4600,7.66,0,0.06,N,3
23,40000,OWN,6,EDUCATION,A,3000,7.66,0,0.07,N,3
23,49000,MORTGAGE,7,MEDICAL,A,2400,7.66,0,0.05,N,3
23,49000,MORTGAGE,7,DEBTCONSOLIDATION,A,2400,7.66,0,0.05,N,3
23,38400,RENT,1,VENTURE,A,2000,7.66,0,0.05,N,3
23,180000,MORTGAGE,8,PERSONAL,A,28000,7.51,0,0.16,N,3
23,87550,RENT,7,MEDICAL,A,18000,7.51,1,0.17,N,3
23,87000,MORTGAGE,7,MEDICAL,A,17000,7.51,0,0.2,N,3
23,69500,OWN,4,VENTURE,A,16800,7.51,0,0.24,N,3
23,105600,MORTGAGE,7,DEBTCONSOLIDATION,A,15000,7.51,0,0.14,N,3
23,65000,MORTGAGE,7,VENTURE,A,14400,7.51,0,0.22,N,3
23,68000,MORTGAGE,7,VENTURE,A,12000,7.51,0,0.18,N,3
23,75000,MORTGAGE,5,VENTURE,A,12000,7.51,0,0.16,N,3
23,83000,RENT,0,VENTURE,A,12000,7.51,0,0.14,N,3
23,120000,MORTGAGE,7,EDUCATION,A,10000,7.51,0,0.08,N,3
23,50000,RENT,5,EDUCATION,A,10000,7.51,0,0.2,N,3
23,39996,MORTGAGE,5,EDUCATION,A,10000,7.51,0,0.25,N,3
23,36996,OWN,4,MEDICAL,A,10000,7.51,0,0.27,N,3
23,54996,RENT,0,PERSONAL,A,10000,7.51,0,0.18,N,3
23,58000,MORTGAGE,0,EDUCATION,A,9600,7.51,0,0.17,N,3
23,60000,RENT,1,DEBTCONSOLIDATION,A,9000,7.51,0,0.15,N,3
23,36000,OWN,3,EDUCATION,A,8500,7.51,0,0.24,N,3
23,105000,MORTGAGE,4,VENTURE,A,7200,7.51,0,0.07,N,3
23,47000,OWN,4,MEDICAL,A,7000,7.51,0,0.15,N,3
23,80000,RENT,6,VENTURE,A,6500,7.51,0,0.08,N,3
23,44000,OWN,7,VENTURE,A,6400,7.51,0,0.15,N,3
23,54000,OWN,7,VENTURE,A,6000,7.51,0,0.11,N,3
23,36000,RENT,7,PERSONAL,A,6000,7.51,0,0.17,N,3
23,130992,MORTGAGE,6,EDUCATION,A,6000,7.51,0,0.05,N,3
23,39996,RENT,2,DEBTCONSOLIDATION,A,6000,7.51,0,0.15,N,3
23,97000,MORTGAGE,1,PERSONAL,A,5000,7.51,0,0.05,N,3
23,80000,MORTGAGE,7,PERSONAL,A,4000,7.51,0,0.05,N,3
23,9192,RENT,,PERSONAL,A,1750,7.51,1,0.19,N,3
23,30000,RENT,1,DEBTCONSOLIDATION,A,1500,7.51,0,0.05,N,3
23,43000,RENT,7,EDUCATION,A,1000,7.51,0,0.02,N,3
23,47148,MORTGAGE,3,MEDICAL,A,25000,7.49,1,0.53,N,3
23,60000,OWN,8,EDUCATION,A,20000,7.49,0,0.33,N,3
23,99996,MORTGAGE,7,EDUCATION,A,20000,7.49,0,0.2,N,3
23,65000,MORTGAGE,5,VENTURE,A,16500,7.49,0,0.25,N,3
23,60000,MORTGAGE,,EDUCATION,A,16000,7.49,0,0.27,N,3
23,40000,RENT,7,PERSONAL,A,15000,7.49,1,0.38,N,3
23,71000,RENT,7,PERSONAL,A,11300,7.49,0,0.16,N,3
23,96000,MORTGAGE,1,EDUCATION,A,10000,7.49,0,0.1,N,3
23,90000,RENT,0,DEBTCONSOLIDATION,A,10000,7.49,0,0.11,N,3
23,35500,MORTGAGE,8,EDUCATION,A,9000,7.49,0,0.25,N,3
23,81600,MORTGAGE,7,VENTURE,A,9000,7.49,0,0.11,N,3
23,40000,RENT,4,VENTURE,A,9000,7.49,0,0.23,N,3
23,60000,RENT,0,VENTURE,A,8400,7.49,0,0.14,N,3
23,33000,MORTGAGE,4,EDUCATION,A,8000,7.49,0,0.24,N,3
23,57750,RENT,3,EDUCATION,A,8000,7.49,0,0.14,N,3
23,51000,MORTGAGE,2,PERSONAL,A,8000,7.49,0,0.16,N,3
23,78500,MORTGAGE,7,EDUCATION,A,7200,7.49,0,0.09,N,3
23,69935,MORTGAGE,2,MEDICAL,A,7200,7.49,0,0.1,N,3
23,53160,MORTGAGE,,DEBTCONSOLIDATION,A,7000,7.49,0,0.13,N,3
23,30000,OWN,,VENTURE,A,7000,7.49,0,0.23,N,3
23,52000,RENT,8,DEBTCONSOLIDATION,A,6600,7.49,0,0.13,N,3
23,34800,RENT,6,EDUCATION,A,6600,7.49,0,0.19,N,3
23,70000,RENT,4,EDUCATION,A,6000,7.49,0,0.09,N,3
23,45000,MORTGAGE,2,DEBTCONSOLIDATION,A,6000,7.49,0,0.13,N,3
23,60000,RENT,4,MEDICAL,A,5400,7.49,0,0.09,N,3
23,75000,RENT,7,EDUCATION,A,5000,7.49,0,0.07,N,3
23,52000,RENT,1,PERSONAL,A,5000,7.49,0,0.1,N,3
23,46500,MORTGAGE,1,MEDICAL,A,5000,7.49,1,0.11,N,3
23,30000,RENT,6,EDUCATION,A,4800,7.49,0,0.16,N,3
23,32400,RENT,4,MEDICAL,A,4500,7.49,0,0.14,N,3
23,65000,MORTGAGE,8,VENTURE,A,3600,7.49,0,0.06,N,3
23,85000,RENT,5,VENTURE,A,3000,7.49,0,0.04,N,3
23,61000,RENT,3,DEBTCONSOLIDATION,A,2500,7.49,0,0.04,N,3
23,61000,RENT,3,EDUCATION,A,2500,7.49,0,0.04,N,3
23,51000,MORTGAGE,2,DEBTCONSOLIDATION,A,2400,7.49,0,0.05,N,3
23,55000,RENT,2,EDUCATION,A,2000,7.49,0,0.04,N,3
23,20000,OWN,7,MEDICAL,A,1200,7.49,0,0.06,N,3
23,25200,MORTGAGE,,MEDICAL,A,1200,7.49,0,0.05,N,3
23,30000,RENT,,VENTURE,A,1000,7.49,0,0.03,N,3
23,85000,MORTGAGE,7,EDUCATION,A,5275,7.43,0,0.06,N,3
23,62500,MORTGAGE,7,VENTURE,A,4000,7.43,0,0.06,N,3
23,48672,RENT,6,EDUCATION,A,12000,7.42,0,0.25,N,3
23,50400,MORTGAGE,4,VENTURE,A,11200,7.42,0,0.22,N,3
23,72000,MORTGAGE,5,MEDICAL,A,16000,7.4,0,0.22,N,3
23,60000,MORTGAGE,3,MEDICAL,A,4500,7.4,0,0.07,N,3
23,45240,RENT,4,VENTURE,A,3200,7.37,0,0.07,N,3
23,112995,RENT,7,VENTURE,A,2500,7.37,0,0.02,N,3
23,86500,MORTGAGE,7,VENTURE,A,14000,7.29,0,0.16,N,3
23,86500,MORTGAGE,7,PERSONAL,A,14000,7.29,0,0.16,N,3
23,39456,OWN,7,EDUCATION,A,14000,7.29,0,0.35,N,3
23,39456,OWN,7,PERSONAL,A,14000,7.29,0,0.35,N,3
23,78000,MORTGAGE,7,EDUCATION,A,12400,7.29,0,0.16,N,3
23,60000,MORTGAGE,7,DEBTCONSOLIDATION,A,12000,7.29,0,0.2,N,3
23,49635,MORTGAGE,6,PERSONAL,A,12000,7.29,1,0.24,N,3
23,122000,MORTGAGE,5,PERSONAL,A,12000,7.29,0,0.1,N,3
23,32000,RENT,5,MEDICAL,A,10000,7.29,1,0.31,N,3
23,32800,OWN,3,VENTURE,A,8000,7.29,0,0.24,N,3
23,36000,RENT,0,MEDICAL,A,3000,7.29,0,0.08,N,3
23,26000,RENT,3,DEBTCONSOLIDATION,A,2700,7.29,0,0.1,N,3
23,15600,RENT,,DEBTCONSOLIDATION,A,2500,7.29,1,0.16,N,3
23,69000,RENT,0,MEDICAL,A,1000,7.29,0,0.01,N,3
23,106000,MORTGAGE,7,EDUCATION,A,10000,7.14,0,0.09,N,3
23,38400,MORTGAGE,5,EDUCATION,A,10000,7.14,0,0.26,N,3
23,36000,MORTGAGE,,EDUCATION,A,10000,7.14,0,0.28,N,3
23,132000,MORTGAGE,3,DEBTCONSOLIDATION,A,9600,7.14,0,0.07,N,3
23,140000,RENT,7,EDUCATION,A,9000,7.14,0,0.06,N,3
23,44000,MORTGAGE,7,PERSONAL,A,8500,7.14,1,0.19,N,3
23,21360,RENT,0,PERSONAL,A,7500,7.14,1,0.35,N,3
23,65000,MORTGAGE,4,MEDICAL,A,7000,7.14,0,0.11,N,3
23,24000,OWN,0,EDUCATION,A,7000,7.14,0,0.29,N,3
23,64000,MORTGAGE,6,DEBTCONSOLIDATION,A,5500,7.14,0,0.09,N,3
23,108000,MORTGAGE,7,DEBTCONSOLIDATION,A,4500,7.14,0,0.04,N,3
23,60000,MORTGAGE,5,DEBTCONSOLIDATION,A,4000,7.14,0,0.07,N,3
23,40000,MORTGAGE,1,PERSONAL,A,4000,7.14,0,0.1,N,3
23,34188,OWN,,VENTURE,A,3200,7.14,0,0.09,N,3
23,93000,MORTGAGE,5,VENTURE,A,3000,7.12,0,0.03,N,3
23,45000,MORTGAGE,2,PERSONAL,A,3000,7.05,0,0.07,N,3
23,45000,RENT,7,VENTURE,A,2000,7.05,0,0.04,N,3
23,46000,MORTGAGE,6,PERSONAL,A,15000,6.99,0,0.33,N,3
23,60000,MORTGAGE,5,EDUCATION,A,8850,6.99,0,0.15,N,3
23,44400,RENT,2,DEBTCONSOLIDATION,A,7100,6.99,1,0.16,N,3
23,51000,RENT,1,MEDICAL,A,7000,6.99,0,0.14,N,3
23,30000,MORTGAGE,6,HOMEIMPROVEMENT,A,6725,6.99,1,0.22,N,3
23,80000,RENT,4,PERSONAL,A,6475,6.99,1,0.08,N,3
23,54000,RENT,3,DEBTCONSOLIDATION,A,6250,6.99,0,0.12,N,3
23,120000,MORTGAGE,7,MEDICAL,A,6000,6.99,0,0.05,N,3
23,84000,RENT,5,VENTURE,A,6000,6.99,0,0.07,N,3
23,60000,RENT,6,DEBTCONSOLIDATION,A,5000,6.99,0,0.08,N,3
23,59004,OWN,3,VENTURE,A,4000,6.99,0,0.07,N,3
23,69600,MORTGAGE,7,DEBTCONSOLIDATION,A,1200,6.99,0,0.02,N,3
23,87200,MORTGAGE,0,VENTURE,A,10000,6.92,0,0.11,N,3
23,42000,RENT,0,EDUCATION,A,8500,6.92,0,0.2,N,3
23,90000,RENT,5,MEDICAL,A,8000,6.92,0,0.09,N,3
23,51996,MORTGAGE,3,PERSONAL,A,5000,6.92,0,0.1,N,3
23,95000,MORTGAGE,7,DEBTCONSOLIDATION,A,4500,6.92,0,0.05,N,3
23,40000,RENT,0,VENTURE,A,3400,6.92,0,0.09,N,3
23,59928,OWN,7,EDUCATION,A,18000,6.91,0,0.3,N,3
23,135000,OWN,7,VENTURE,A,16000,6.91,0,0.12,N,3
23,52000,RENT,7,EDUCATION,A,14000,6.91,0,0.27,N,3
23,62400,RENT,0,VENTURE,A,12000,6.91,0,0.19,N,3
23,60000,RENT,2,DEBTCONSOLIDATION,A,5000,6.91,0,0.08,N,3
23,14400,RENT,2,VENTURE,A,5000,6.91,1,0.35,N,3
23,25000,RENT,0,DEBTCONSOLIDATION,A,5000,6.91,0,0.2,N,3
23,70000,MORTGAGE,0,DEBTCONSOLIDATION,A,3525,6.91,0,0.05,N,3
23,26000,RENT,0,DEBTCONSOLIDATION,A,3500,6.91,0,0.13,N,3
23,11000,RENT,,EDUCATION,A,1200,6.91,0,0.11,N,3
23,120000,MORTGAGE,2,EDUCATION,A,6000,6.76,0,0.05,N,3
23,35375,MORTGAGE,7,DEBTCONSOLIDATION,A,5600,6.76,0,0.16,N,3
23,45000,MORTGAGE,7,VENTURE,A,5000,6.76,0,0.11,N,3
23,67450,RENT,8,EDUCATION,A,4000,6.76,0,0.06,N,3
23,26000,RENT,0,PERSONAL,A,4000,6.76,0,0.15,N,3
23,56000,MORTGAGE,4,EDUCATION,A,3000,6.76,0,0.05,N,3
23,42900,OWN,6,MEDICAL,A,1000,6.76,0,0.02,N,3
23,57188,MORTGAGE,7,VENTURE,A,17450,6.62,0,0.31,N,3
23,86000,RENT,4,MEDICAL,A,14000,6.62,0,0.16,N,3
23,92000,MORTGAGE,7,PERSONAL,A,12000,6.62,0,0.13,N,3
23,37000,RENT,7,EDUCATION,A,11000,6.62,0,0.3,N,3
23,98280,MORTGAGE,7,EDUCATION,A,9400,6.62,0,0.1,N,3
23,98280,MORTGAGE,7,PERSONAL,A,9400,6.62,0,0.1,N,3
23,50000,RENT,4,EDUCATION,A,8000,6.62,0,0.16,N,3
23,54000,MORTGAGE,2,VENTURE,A,7000,6.62,0,0.13,N,3
23,46000,MORTGAGE,7,PERSONAL,A,5000,6.62,0,0.11,N,3
23,124800,MORTGAGE,2,DEBTCONSOLIDATION,A,5000,6.62,0,0.04,N,3
23,42000,RENT,2,MEDICAL,A,3000,6.62,0,0.07,N,3
23,96000,MORTGAGE,5,PERSONAL,A,1500,6.62,0,0.02,N,3
23,30000,MORTGAGE,4,DEBTCONSOLIDATION,A,1000,6.62,1,0.03,N,3
23,60000,MORTGAGE,4,PERSONAL,A,20000,6.54,0,0.33,N,3
23,94200,MORTGAGE,6,EDUCATION,A,18000,6.54,0,0.19,N,3
23,97781,MORTGAGE,7,VENTURE,A,15000,6.54,0,0.15,N,3
23,75000,RENT,6,EDUCATION,A,15000,6.54,0,0.2,N,3
23,50000,RENT,1,DEBTCONSOLIDATION,A,12000,6.54,0,0.24,N,3
23,42000,MORTGAGE,3,EDUCATION,A,11000,6.54,0,0.26,N,3
23,83000,RENT,3,MEDICAL,A,10000,6.54,0,0.12,N,3
23,24000,RENT,0,VENTURE,A,9250,6.54,1,0.39,N,3
23,57504,MORTGAGE,1,DEBTCONSOLIDATION,A,9000,6.54,0,0.16,N,3
23,60000,MORTGAGE,6,EDUCATION,A,7000,6.54,0,0.12,N,3
23,97781,MORTGAGE,7,MEDICAL,A,5575,6.54,0,0.06,N,3
23,46300,RENT,0,PERSONAL,A,1675,6.54,0,0.04,N,3
23,40000,MORTGAGE,,EDUCATION,A,4000,6.39,0,0.1,N,3
23,16000,OWN,7,PERSONAL,A,2000,6.39,0,0.13,N,3
23,40800,OWN,,MEDICAL,A,21000,6.17,0,0.51,N,3
23,55000,MORTGAGE,5,EDUCATION,A,15000,6.17,0,0.27,N,3
23,100000,MORTGAGE,2,VENTURE,A,14000,6.17,0,0.14,N,3
23,75000,RENT,3,EDUCATION,A,13200,6.17,0,0.18,N,3
23,77705,MORTGAGE,,DEBTCONSOLIDATION,A,11700,6.17,0,0.15,N,3
23,85000,RENT,5,EDUCATION,A,10000,6.17,0,0.12,N,3
23,95000,RENT,3,PERSONAL,A,10000,6.17,0,0.11,N,3
23,43200,RENT,0,EDUCATION,A,9000,6.17,0,0.21,N,3
23,52000,RENT,2,EDUCATION,A,8400,6.17,0,0.16,N,3
23,72000,MORTGAGE,7,EDUCATION,A,7000,6.17,0,0.1,N,3
23,72000,MORTGAGE,7,DEBTCONSOLIDATION,A,6000,6.17,0,0.08,N,3
23,42000,MORTGAGE,2,VENTURE,A,1500,6.17,0,0.04,N,3
23,85000,RENT,4,VENTURE,A,16000,6.03,0,0.19,N,3
23,90000,MORTGAGE,5,PERSONAL,A,15000,6.03,0,0.17,N,3
23,117696,MORTGAGE,2,EDUCATION,A,15000,6.03,0,0.13,N,3
23,85000,RENT,5,PERSONAL,A,13600,6.03,0,0.16,N,3
23,75000,RENT,4,MEDICAL,A,12000,6.03,0,0.16,N,3
23,60000,RENT,4,MEDICAL,A,12000,6.03,0,0.2,N,3
23,32000,RENT,4,PERSONAL,A,10700,6.03,1,0.33,N,3
23,75000,MORTGAGE,7,VENTURE,A,10200,6.03,0,0.14,N,3
23,60000,MORTGAGE,7,EDUCATION,A,10000,6.03,0,0.17,N,3
23,51000,MORTGAGE,7,VENTURE,A,10000,6.03,0,0.2,N,3
23,53724,MORTGAGE,7,EDUCATION,A,8600,6.03,0,0.16,N,3
23,25000,RENT,2,EDUCATION,A,8500,6.03,1,0.34,N,3
23,74000,RENT,7,HOMEIMPROVEMENT,A,7000,6.03,1,0.09,N,3
23,60000,RENT,4,DEBTCONSOLIDATION,A,7000,6.03,0,0.12,N,3
23,16800,RENT,7,EDUCATION,A,6625,6.03,1,0.39,N,3
23,75000,RENT,1,MEDICAL,A,6000,6.03,0,0.08,N,3
23,54960,MORTGAGE,7,EDUCATION,A,5500,6.03,0,0.1,N,3
23,60000,OWN,2,MEDICAL,A,5000,6.03,0,0.08,N,3
23,27864,RENT,0,MEDICAL,A,4600,6.03,0,0.17,N,3
23,45000,RENT,2,VENTURE,A,3600,6.03,0,0.08,N,3
23,70000,MORTGAGE,7,VENTURE,A,3500,6.03,0,0.05,N,3
23,85000,MORTGAGE,4,EDUCATION,A,3000,6.03,0,0.04,N,3
23,60000,MORTGAGE,6,EDUCATION,A,1200,6.03,0,0.02,N,3
23,75000,RENT,2,PERSONAL,B,7000,6,0,0.09,N,3
23,70572,MORTGAGE,8,EDUCATION,A,14500,5.99,0,0.21,N,3
23,60000,MORTGAGE,7,EDUCATION,A,12000,5.99,0,0.2,N,3
23,165000,MORTGAGE,3,EDUCATION,A,9600,5.99,0,0.06,N,3
23,69000,OWN,7,MEDICAL,A,9000,5.99,0,0.13,N,3
23,45000,RENT,4,EDUCATION,A,9000,5.99,0,0.2,N,3
23,50000,MORTGAGE,6,VENTURE,A,7000,5.99,0,0.14,N,3
23,29000,RENT,1,VENTURE,A,6000,5.99,0,0.21,N,3
23,50000,OWN,4,VENTURE,A,4800,5.99,0,0.1,N,3
23,15600,RENT,1,VENTURE,A,4500,5.99,1,0.29,N,3
23,55000,RENT,5,PERSONAL,A,3600,5.99,0,0.07,N,3
23,80000,MORTGAGE,,PERSONAL,A,3000,5.99,0,0.04,N,3
23,80000,MORTGAGE,,PERSONAL,A,3000,5.99,0,0.04,N,3
23,23000,RENT,5,EDUCATION,A,2400,5.99,0,0.1,N,3
23,77004,MORTGAGE,6,MEDICAL,A,12000,5.79,0,0.16,N,3
23,45000,RENT,2,PERSONAL,A,12000,5.79,0,0.27,N,3
23,78000,RENT,7,DEBTCONSOLIDATION,A,10000,5.79,0,0.13,N,3
23,55000,RENT,7,EDUCATION,A,10000,5.79,0,0.18,N,3
23,53004,MORTGAGE,7,PERSONAL,A,10000,5.79,0,0.19,N,3
23,65000,RENT,3,PERSONAL,A,10000,5.79,0,0.15,N,3
23,88000,RENT,7,PERSONAL,A,9600,5.79,0,0.11,N,3
23,24000,OWN,0,PERSONAL,A,8000,5.79,0,0.33,N,3
23,60000,RENT,4,DEBTCONSOLIDATION,A,7000,5.79,0,0.12,N,3
23,96000,MORTGAGE,2,PERSONAL,A,7000,5.79,0,0.07,N,3
23,46932,OWN,,EDUCATION,A,7000,5.79,0,0.15,N,3
23,130000,MORTGAGE,7,DEBTCONSOLIDATION,A,6000,5.79,0,0.05,N,3
23,74000,RENT,7,EDUCATION,A,6000,5.79,0,0.08,N,3
23,57600,MORTGAGE,7,PERSONAL,A,5000,5.79,0,0.09,N,3
23,85000,MORTGAGE,7,EDUCATION,A,4000,5.79,0,0.05,N,3
23,30000,MORTGAGE,3,DEBTCONSOLIDATION,A,3800,5.79,0,0.13,N,3
23,140000,MORTGAGE,0,EDUCATION,A,3500,5.79,0,0.03,N,3
23,30000,RENT,0,MEDICAL,A,3000,5.79,0,0.1,N,3
23,63600,MORTGAGE,7,VENTURE,A,2475,5.79,0,0.04,N,3
23,75000,RENT,3,VENTURE,A,2000,5.79,0,0.03,N,3
23,37000,OWN,6,MEDICAL,A,1125,5.79,0,0.03,N,3
23,83199,MORTGAGE,2,DEBTCONSOLIDATION,A,14400,5.42,0,0.17,N,3
23,70000,MORTGAGE,7,EDUCATION,A,13000,5.42,0,0.19,N,3
23,70000,MORTGAGE,7,PERSONAL,A,13000,5.42,0,0.19,N,3
23,120000,MORTGAGE,7,EDUCATION,A,12000,5.42,0,0.1,N,3
23,91392,RENT,7,DEBTCONSOLIDATION,A,12000,5.42,0,0.13,N,3
23,140000,MORTGAGE,4,PERSONAL,A,12000,5.42,0,0.09,N,3
23,45992,MORTGAGE,7,VENTURE,A,10000,5.42,0,0.22,N,3
23,42000,RENT,4,PERSONAL,A,10000,5.42,0,0.24,N,3
23,33000,RENT,1,MEDICAL,A,10000,5.42,0,0.3,N,3
23,66000,MORTGAGE,,PERSONAL,A,10000,5.42,0,0.15,N,3
23,49000,MORTGAGE,6,DEBTCONSOLIDATION,A,9600,5.42,0,0.2,N,3
23,42000,MORTGAGE,7,VENTURE,A,8000,5.42,0,0.19,N,3
23,45000,MORTGAGE,7,DEBTCONSOLIDATION,A,7000,5.42,0,0.16,N,3
23,75000,MORTGAGE,5,VENTURE,A,6400,5.42,0,0.09,N,3
23,115000,MORTGAGE,4,DEBTCONSOLIDATION,A,5600,5.42,0,0.05,N,3
23,36000,OWN,,VENTURE,A,5500,5.42,0,0.15,N,3
23,79200,MORTGAGE,7,EDUCATION,A,5000,5.42,0,0.06,N,3
23,165000,MORTGAGE,3,DEBTCONSOLIDATION,A,5000,5.42,0,0.03,N,3
23,40000,MORTGAGE,3,MEDICAL,A,5000,5.42,0,0.13,N,3
23,62000,MORTGAGE,2,VENTURE,A,5000,5.42,0,0.08,N,3
23,48000,RENT,3,MEDICAL,A,4800,5.42,0,0.1,N,3
23,62000,RENT,2,MEDICAL,A,4200,5.42,0,0.07,N,3
23,55000,MORTGAGE,7,DEBTCONSOLIDATION,A,4000,5.42,0,0.07,N,3
23,90000,MORTGAGE,1,EDUCATION,A,4000,5.42,0,0.04,N,3
23,60000,MORTGAGE,7,PERSONAL,A,3800,5.42,0,0.06,N,3
23,120000,MORTGAGE,7,DEBTCONSOLIDATION,A,3750,5.42,0,0.03,N,3
23,70000,RENT,1,EDUCATION,A,3500,5.42,0,0.05,N,3
23,79100,MORTGAGE,4,VENTURE,A,3300,5.42,0,0.04,N,3
23,46000,MORTGAGE,1,VENTURE,A,3000,5.42,0,0.07,N,3
23,48000,OWN,7,MEDICAL,A,2500,5.42,0,0.05,N,3
23,35000,MORTGAGE,7,EDUCATION,A,2100,5.42,0,0.06,N,3
23,42870,RENT,7,MEDICAL,A,2000,5.42,0,0.05,N,3
23,94940,MORTGAGE,4,VENTURE,A,2000,5.42,0,0.02,N,3
23,175000,MORTGAGE,5,EDUCATION,D,35000,,0,0.2,N,3
23,43600,MORTGAGE,5,DEBTCONSOLIDATION,B,25000,,1,0.57,N,3
23,86000,MORTGAGE,4,MEDICAL,B,25000,,0,0.29,N,3
23,83300,MORTGAGE,0,MEDICAL,D,25000,,1,0.26,N,3
23,110000,RENT,0,PERSONAL,B,22000,,0,0.2,N,3
23,60000,MORTGAGE,8,EDUCATION,B,21000,,0,0.35,N,3
23,56000,OWN,7,EDUCATION,B,20000,,0,0.36,N,3
23,102000,MORTGAGE,4,EDUCATION,B,20000,,0,0.2,N,3
23,120000,MORTGAGE,7,EDUCATION,B,18225,,0,0.15,N,3
23,43600,OWN,7,EDUCATION,C,15000,,0,0.34,N,3
23,75000,RENT,4,MEDICAL,B,15000,,0,0.2,N,3
23,141000,MORTGAGE,1,VENTURE,B,15000,,0,0.11,N,3
23,45000,RENT,0,MEDICAL,B,15000,,1,0.33,N,3
23,45504,RENT,2,PERSONAL,C,14500,,1,0.32,N,3
23,45000,RENT,4,EDUCATION,B,14400,,1,0.32,N,3
23,48000,MORTGAGE,7,EDUCATION,A,14125,,0,0.29,N,3
23,24000,RENT,1,VENTURE,B,14075,,1,0.59,N,3
23,40000,MORTGAGE,7,VENTURE,B,14000,,0,0.35,N,3
23,66300,MORTGAGE,6,MEDICAL,B,14000,,1,0.18,N,3
23,120000,MORTGAGE,5,EDUCATION,A,14000,,0,0.12,N,3
23,84996,MORTGAGE,5,PERSONAL,A,14000,,0,0.16,N,3
23,68000,OWN,2,VENTURE,A,14000,,0,0.21,N,3
23,35000,OWN,2,VENTURE,B,14000,,0,0.4,N,3
23,58200,MORTGAGE,2,PERSONAL,B,13000,,0,0.22,N,3
23,32004,RENT,3,EDUCATION,C,12300,,1,0.38,Y,3
23,36000,RENT,7,PERSONAL,B,12250,,1,0.34,N,3
23,54000,RENT,7,PERSONAL,C,12000,,0,0.22,Y,3
23,90000,MORTGAGE,6,DEBTCONSOLIDATION,A,12000,,0,0.13,N,3
23,90000,MORTGAGE,6,EDUCATION,A,12000,,0,0.13,N,3
23,91000,MORTGAGE,3,PERSONAL,B,12000,,0,0.13,N,3
23,60000,RENT,2,EDUCATION,A,12000,,0,0.2,N,3
23,56900,MORTGAGE,7,MEDICAL,B,11200,,0,0.2,N,3
23,36000,MORTGAGE,7,EDUCATION,B,11000,,0,0.31,N,3
23,81600,RENT,3,PERSONAL,B,11000,,0,0.13,N,3
23,36000,MORTGAGE,7,HOMEIMPROVEMENT,A,10750,,1,0.3,N,3
23,33600,RENT,2,DEBTCONSOLIDATION,C,10750,,1,0.32,Y,3
23,85000,RENT,1,DEBTCONSOLIDATION,A,10200,,0,0.12,N,3
23,105000,MORTGAGE,8,VENTURE,A,10000,,0,0.1,N,3
23,60000,MORTGAGE,8,MEDICAL,B,10000,,0,0.17,N,3
23,60000,MORTGAGE,8,DEBTCONSOLIDATION,B,10000,,0,0.17,N,3
23,108000,RENT,7,DEBTCONSOLIDATION,B,10000,,1,0.09,N,3
23,67000,MORTGAGE,7,VENTURE,A,10000,,0,0.15,N,3
23,59000,RENT,7,EDUCATION,C,10000,,0,0.17,Y,3
23,42000,RENT,7,DEBTCONSOLIDATION,D,10000,,1,0.24,Y,3
23,86000,MORTGAGE,4,VENTURE,A,10000,,0,0.12,N,3
23,70000,RENT,4,EDUCATION,A,10000,,0,0.14,N,3
23,74000,MORTGAGE,3,VENTURE,C,10000,,1,0.14,Y,3
23,64000,RENT,3,VENTURE,D,10000,,1,0.16,Y,3
23,69996,OWN,2,VENTURE,B,10000,,0,0.14,N,3
23,26000,MORTGAGE,0,HOMEIMPROVEMENT,E,10000,,1,0.38,Y,3
23,34000,RENT,1,VENTURE,C,9500,,1,0.28,N,3
23,75000,MORTGAGE,0,DEBTCONSOLIDATION,C,9500,,0,0.13,Y,3
23,76000,MORTGAGE,7,DEBTCONSOLIDATION,D,9000,,1,0.12,Y,3
23,18000,RENT,2,HOMEIMPROVEMENT,C,8500,,1,0.47,Y,3
23,30000,RENT,1,EDUCATION,A,8400,,1,0.28,N,3
23,55550,RENT,7,DEBTCONSOLIDATION,B,8000,,0,0.14,N,3
23,35004,RENT,7,VENTURE,A,8000,,0,0.23,N,3
23,33000,RENT,4,EDUCATION,C,8000,,0,0.24,N,3
23,58600,RENT,3,MEDICAL,C,8000,,0,0.14,Y,3
23,60000,RENT,2,DEBTCONSOLIDATION,B,8000,,0,0.13,N,3
23,30000,MORTGAGE,0,MEDICAL,D,8000,,1,0.27,Y,3
23,67200,RENT,,VENTURE,C,8000,,0,0.12,N,3
23,28000,OWN,1,EDUCATION,C,7500,,0,0.27,N,3
23,42000,RENT,4,EDUCATION,B,7400,,0,0.18,N,3
23,89000,RENT,7,EDUCATION,C,7000,,0,0.08,N,3
23,89000,RENT,7,EDUCATION,C,7000,,0,0.08,Y,3
23,31000,RENT,7,HOMEIMPROVEMENT,B,7000,,1,0.23,N,3
23,84000,RENT,4,VENTURE,D,6500,,0,0.08,N,3
23,67000,OWN,7,PERSONAL,C,6400,,0,0.1,N,3
23,45000,OWN,4,PERSONAL,D,6400,,0,0.14,Y,3
23,30000,RENT,3,VENTURE,C,6400,,0,0.21,Y,3
23,30000,RENT,2,MEDICAL,A,6400,,0,0.21,N,3
23,27500,MORTGAGE,7,EDUCATION,B,6300,,0,0.23,N,3
23,60495,RENT,8,MEDICAL,A,6000,,0,0.1,N,3
23,102000,MORTGAGE,7,DEBTCONSOLIDATION,C,6000,,0,0.06,Y,3
23,79992,MORTGAGE,7,DEBTCONSOLIDATION,B,6000,,0,0.08,N,3
23,52000,OWN,7,EDUCATION,A,6000,,0,0.12,N,3
23,50004,MORTGAGE,7,PERSONAL,A,6000,,0,0.12,N,3
23,28800,RENT,4,MEDICAL,B,6000,,0,0.21,N,3
23,25800,RENT,2,VENTURE,C,6000,,0,0.23,Y,3
23,24000,RENT,0,PERSONAL,B,6000,,0,0.25,N,3
23,72000,MORTGAGE,7,MEDICAL,B,5975,,0,0.08,N,3
23,62000,OWN,2,VENTURE,B,5575,,0,0.09,N,3
23,33600,RENT,1,DEBTCONSOLIDATION,B,5500,,0,0.16,N,3
23,80796,MORTGAGE,7,MEDICAL,A,5000,,0,0.06,N,3
23,72000,MORTGAGE,7,EDUCATION,B,5000,,0,0.07,N,3
23,75000,RENT,4,VENTURE,B,5000,,0,0.07,N,3
23,60000,RENT,2,DEBTCONSOLIDATION,A,5000,,0,0.08,N,3
23,40000,RENT,2,MEDICAL,C,5000,,0,0.13,N,3
23,29000,RENT,1,MEDICAL,F,5000,,1,0.17,Y,3
23,105000,OWN,0,VENTURE,C,5000,,0,0.05,Y,3
23,74400,MORTGAGE,0,PERSONAL,A,5000,,0,0.07,N,3
23,42000,RENT,0,VENTURE,C,5000,,1,0.12,N,3
23,36000,RENT,0,EDUCATION,B,5000,,0,0.14,N,3
23,30000,RENT,0,EDUCATION,C,5000,,0,0.17,N,3
23,54000,RENT,7,MEDICAL,B,4500,,1,0.08,N,3
23,23520,RENT,8,MEDICAL,A,4200,,0,0.18,N,3
23,33600,MORTGAGE,3,MEDICAL,A,4200,,0,0.13,N,3
23,21000,RENT,3,EDUCATION,A,4200,,0,0.2,N,3
23,57600,MORTGAGE,7,DEBTCONSOLIDATION,A,4000,,0,0.07,N,3
23,14000,OWN,2,DEBTCONSOLIDATION,D,4000,,1,0.29,N,3
23,103240,MORTGAGE,0,VENTURE,A,4000,,0,0.04,N,3
23,20000,MORTGAGE,7,EDUCATION,C,3625,,0,0.18,Y,3
23,110000,RENT,0,PERSONAL,A,3600,,0,0.03,N,3
23,56000,RENT,7,DEBTCONSOLIDATION,C,3500,,0,0.06,Y,3
23,39292,MORTGAGE,3,MEDICAL,A,3250,,1,0.08,N,3
23,113316,MORTGAGE,7,EDUCATION,B,3000,,0,0.03,N,3
23,54000,MORTGAGE,7,DEBTCONSOLIDATION,A,3000,,0,0.06,N,3
23,19200,MORTGAGE,7,DEBTCONSOLIDATION,A,3000,,1,0.16,N,3
23,13200,RENT,0,DEBTCONSOLIDATION,C,3000,,1,0.23,N,3
23,61440,OWN,6,PERSONAL,B,2500,,0,0.04,N,3
23,51873,RENT,2,VENTURE,A,2500,,0,0.05,N,3
23,30000,MORTGAGE,7,HOMEIMPROVEMENT,A,2200,,1,0.07,N,3
23,33600,RENT,0,DEBTCONSOLIDATION,B,2100,,0,0.06,N,3
23,45000,RENT,3,EDUCATION,B,2000,,0,0.04,N,3
23,80004,RENT,0,PERSONAL,A,2000,,0,0.02,N,3
23,27350,MORTGAGE,5,VENTURE,B,1925,,0,0.07,N,3
23,155004,RENT,4,MEDICAL,C,1500,,0,0.01,N,3
23,78216,MORTGAGE,7,PERSONAL,C,1200,,1,0.02,N,3
23,60000,RENT,7,DEBTCONSOLIDATION,B,1200,,0,0.02,N,3
23,38000,RENT,0,DEBTCONSOLIDATION,A,1075,,0,0.03,N,3
23,38400,RENT,6,EDUCATION,B,1000,,0,0.03,N,3
23,76800,MORTGAGE,0,EDUCATION,F,7200,20.89,1,0.09,N,2
23,54000,RENT,2,PERSONAL,F,9600,20.62,1,0.18,Y,2
23,108366,RENT,7,HOMEIMPROVEMENT,F,35000,20.25,1,0.32,N,2
23,50000,RENT,6,EDUCATION,E,6400,20.2,0,0.13,N,2
23,49000,MORTGAGE,7,PERSONAL,G,15000,19.82,1,0.31,N,2
23,59000,RENT,5,DEBTCONSOLIDATION,E,24000,19.69,1,0.41,Y,2
23,300000,OWN,1,EDUCATION,F,24250,19.41,0,0.08,Y,2
23,46000,RENT,2,PERSONAL,F,12800,19.41,1,0.28,Y,2
23,61000,MORTGAGE,2,VENTURE,E,18400,19.29,0,0.3,N,2
23,96050,MORTGAGE,0,MEDICAL,F,15000,19.13,1,0.13,N,2
23,60000,MORTGAGE,0,VENTURE,F,3000,19.13,0,0.05,N,2
23,30000,MORTGAGE,3,MEDICAL,E,3800,18.64,1,0.13,N,2
23,35000,MORTGAGE,7,EDUCATION,F,15000,18.43,0,0.43,Y,2
23,56000,MORTGAGE,7,PERSONAL,F,13750,18.43,0,0.25,N,2
23,29000,RENT,0,VENTURE,F,8000,18.3,1,0.28,N,2
23,78000,RENT,0,HOMEIMPROVEMENT,F,20000,18.25,1,0.26,Y,2
23,82000,RENT,7,HOMEIMPROVEMENT,D,15000,18.25,1,0.18,Y,2
23,68000,RENT,1,VENTURE,E,14400,17.99,1,0.21,N,2
23,47000,RENT,1,VENTURE,E,25000,17.93,1,0.53,N,2
23,31200,RENT,0,MEDICAL,E,15250,17.93,1,0.49,N,2
23,42000,RENT,5,EDUCATION,E,3000,17.93,0,0.07,Y,2
23,73000,OTHER,1,PERSONAL,F,25000,17.9,1,0.34,N,2
23,69500,RENT,3,VENTURE,E,20000,17.74,0,0.29,Y,2
23,54000,RENT,5,VENTURE,D,13275,17.58,0,0.25,Y,2
23,50000,RENT,7,MEDICAL,D,7200,17.58,1,0.14,Y,2
23,78000,RENT,5,EDUCATION,D,2300,17.58,0,0.03,Y,2
23,70550,RENT,0,MEDICAL,E,14000,17.51,1,0.17,Y,2
23,36000,RENT,4,DEBTCONSOLIDATION,D,6500,17.49,1,0.18,Y,2
23,100000,MORTGAGE,4,VENTURE,E,25000,17.14,0,0.25,Y,2
23,103000,MORTGAGE,1,PERSONAL,E,20000,17.04,0,0.19,N,2
23,74800,RENT,1,MEDICAL,E,20000,17.04,1,0.23,Y,2
23,95000,MORTGAGE,3,HOMEIMPROVEMENT,F,15000,17.03,1,0.16,N,2
23,57000,RENT,3,EDUCATION,D,20000,16.89,1,0.35,N,2
23,19250,RENT,1,HOMEIMPROVEMENT,E,6250,16.82,1,0.32,N,2
23,20004,MORTGAGE,2,EDUCATION,E,2500,16.82,0,0.12,Y,2
23,102000,OWN,0,MEDICAL,D,30000,16.77,0,0.29,Y,2
23,44000,RENT,6,HOMEIMPROVEMENT,D,5000,16.77,1,0.11,N,2
23,27000,RENT,2,MEDICAL,E,5000,16.77,1,0.19,Y,2
23,16800,RENT,2,MEDICAL,D,2750,16.77,1,0.16,Y,2
23,92000,MORTGAGE,7,VENTURE,E,10000,16.7,0,0.11,Y,2
23,41500,RENT,3,EDUCATION,E,6000,16.7,1,0.14,N,2
23,14400,OWN,2,HOMEIMPROVEMENT,E,4000,16.7,1,0.28,N,2
23,53950,MORTGAGE,8,EDUCATION,E,15000,16.63,1,0.28,Y,2
23,56403,MORTGAGE,7,MEDICAL,D,30000,16.49,1,0.45,N,2
23,52360,MORTGAGE,,VENTURE,D,15000,16.49,0,0.29,Y,2
23,52360,MORTGAGE,,PERSONAL,D,15000,16.49,0,0.29,Y,2
23,60000,RENT,5,VENTURE,D,5000,16.49,0,0.08,Y,2
23,54000,RENT,6,HOMEIMPROVEMENT,E,6000,16.45,1,0.11,N,2
23,98000,RENT,0,EDUCATION,E,10000,16.4,1,0.1,N,2
23,67000,MORTGAGE,1,EDUCATION,E,16000,16.32,0,0.24,Y,2
23,90000,MORTGAGE,1,EDUCATION,E,15000,16.32,0,0.17,N,2
23,67150,MORTGAGE,5,MEDICAL,D,10000,16.32,1,0.13,N,2
23,45000,RENT,7,VENTURE,D,4000,16.32,0,0.09,Y,2
23,30000,MORTGAGE,4,MEDICAL,D,4000,16.32,1,0.13,N,2
23,54000,RENT,7,EDUCATION,D,2500,16.32,0,0.05,Y,2
23,72000,MORTGAGE,5,PERSONAL,D,12000,16.29,0,0.17,N,2
23,52700,MORTGAGE,7,MEDICAL,D,8000,16.29,1,0.13,Y,2
23,16080,RENT,,DEBTCONSOLIDATION,D,3000,16.29,1,0.19,Y,2
23,16080,RENT,,EDUCATION,D,3000,16.29,1,0.19,Y,2
23,40000,RENT,7,EDUCATION,D,9250,16.07,0,0.23,N,2
23,130000,RENT,4,EDUCATION,D,25000,16.02,0,0.19,Y,2
23,70000,RENT,4,EDUCATION,D,8000,16.02,0,0.11,N,2
23,69000,RENT,7,DEBTCONSOLIDATION,D,6000,16.02,1,0.09,Y,2
23,48000,RENT,8,VENTURE,D,3600,16.02,0,0.07,N,2
23,50960,RENT,7,VENTURE,D,1800,16.02,0,0.04,N,2
23,138000,RENT,7,DEBTCONSOLIDATION,D,24000,16,1,0.17,Y,2
23,32900,RENT,1,EDUCATION,D,20000,16,1,0.61,N,2
23,100000,MORTGAGE,7,EDUCATION,D,15000,16,0,0.15,Y,2
23,74800,MORTGAGE,7,MEDICAL,D,15000,16,1,0.17,N,2
23,44004,RENT,0,VENTURE,E,12000,16,1,0.27,N,2
23,22884,MORTGAGE,4,EDUCATION,E,6000,16,0,0.26,N,2
23,20000,RENT,0,VENTURE,E,3200,16,1,0.16,N,2
23,72250,MORTGAGE,7,MEDICAL,D,35000,15.99,1,0.41,N,2
23,135000,MORTGAGE,1,VENTURE,D,12500,15.99,0,0.09,N,2
23,35500,RENT,2,HOMEIMPROVEMENT,D,9000,15.99,1,0.25,Y,2
23,50400,OWN,7,EDUCATION,D,7000,15.99,0,0.14,N,2
23,63900,RENT,7,DEBTCONSOLIDATION,D,5000,15.99,1,0.08,N,2
23,24000,MORTGAGE,2,MEDICAL,D,5000,15.99,1,0.21,Y,2
23,27996,OWN,1,PERSONAL,D,4800,15.99,0,0.17,Y,2
23,18000,RENT,1,HOMEIMPROVEMENT,D,3000,15.99,1,0.17,Y,2
23,140000,OWN,6,EDUCATION,C,16400,15.96,0,0.12,N,2
23,43200,OWN,6,VENTURE,E,13000,15.95,0,0.3,N,2
23,18000,MORTGAGE,1,MEDICAL,D,2500,15.95,1,0.14,N,2
23,39000,RENT,2,DEBTCONSOLIDATION,D,1200,15.95,1,0.03,N,2
23,99500,MORTGAGE,7,EDUCATION,D,25000,15.7,0,0.25,N,2
23,103000,RENT,6,PERSONAL,D,24250,15.7,0,0.24,N,2
23,66300,RENT,7,MEDICAL,D,9800,15.7,1,0.13,Y,2
23,22800,RENT,3,PERSONAL,D,1750,15.7,1,0.08,Y,2
23,55200,MORTGAGE,1,PERSONAL,E,15250,15.68,1,0.28,N,2
23,50000,RENT,5,EDUCATION,E,9200,15.68,0,0.18,N,2
23,96260,MORTGAGE,,EDUCATION,D,25200,15.65,0,0.26,N,2
23,160000,MORTGAGE,2,EDUCATION,D,25000,15.65,0,0.16,Y,2
23,74000,RENT,1,VENTURE,D,15000,15.65,1,0.2,N,2
23,80832,OWN,0,MEDICAL,D,15000,15.65,0,0.19,N,2
23,300000,MORTGAGE,5,EDUCATION,D,10000,15.65,0,0.03,Y,2
23,21600,RENT,1,EDUCATION,D,4500,15.65,1,0.21,N,2
23,21000,RENT,3,DEBTCONSOLIDATION,D,3750,15.65,1,0.18,N,2
23,65000,MORTGAGE,4,EDUCATION,D,13600,15.62,0,0.21,Y,2
23,48000,RENT,6,VENTURE,D,10000,15.62,0,0.21,Y,2
23,28000,MORTGAGE,7,DEBTCONSOLIDATION,D,9500,15.62,1,0.34,N,2
23,24000,OWN,2,EDUCATION,D,8000,15.62,0,0.33,N,2
23,25920,RENT,4,EDUCATION,D,10000,15.58,1,0.39,N,2
23,48000,RENT,3,DEBTCONSOLIDATION,D,8000,15.58,1,0.17,N,2
23,42000,RENT,3,HOMEIMPROVEMENT,D,8000,15.58,1,0.19,N,2
23,54000,MORTGAGE,2,MEDICAL,D,7500,15.58,1,0.14,N,2
23,60996,RENT,2,PERSONAL,D,4200,15.58,1,0.07,N,2
23,66215,RENT,1,MEDICAL,D,25000,15.37,1,0.32,Y,2
23,29520,RENT,7,EDUCATION,D,8500,15.37,0,0.29,Y,2
23,60000,OWN,2,MEDICAL,D,18500,15.33,0,0.31,N,2
23,85000,OWN,3,MEDICAL,D,15000,15.33,0,0.18,Y,2
23,55000,MORTGAGE,6,DEBTCONSOLIDATION,D,10000,15.33,1,0.18,N,2
23,60000,RENT,7,EDUCATION,D,4000,15.33,0,0.07,Y,2
23,14000,RENT,2,EDUCATION,D,2300,15.33,1,0.16,N,2
23,30000,MORTGAGE,4,VENTURE,D,9500,15.31,1,0.32,N,2
23,37000,RENT,5,DEBTCONSOLIDATION,D,5500,15.31,1,0.15,Y,2
23,54000,RENT,7,MEDICAL,C,15000,15.27,1,0.28,N,2
23,14898,RENT,,VENTURE,C,6250,15.27,1,0.42,N,2
23,21000,OWN,2,EDUCATION,C,6000,15.27,0,0.29,N,2
23,21000,OWN,2,VENTURE,C,6000,15.27,0,0.29,N,2
23,44000,MORTGAGE,2,VENTURE,C,4000,15.27,0,0.09,N,2
23,65500,RENT,4,MEDICAL,C,35000,15.23,1,0.53,N,2
23,160000,MORTGAGE,1,VENTURE,C,35000,15.23,0,0.22,Y,2
23,92004,RENT,6,MEDICAL,C,30000,15.23,1,0.33,Y,2
23,85000,RENT,5,MEDICAL,C,6700,15.23,0,0.08,Y,2
23,24000,OWN,2,VENTURE,C,6000,15.23,0,0.25,Y,2
23,60000,MORTGAGE,7,PERSONAL,C,2000,15.23,0,0.03,Y,2
23,79416,RENT,7,VENTURE,D,25000,15.21,1,0.31,Y,2
23,49000,MORTGAGE,7,MEDICAL,D,5000,15.21,1,0.1,N,2
23,55488,RENT,4,MEDICAL,D,5000,15.21,1,0.08,N,2
23,74000,RENT,7,VENTURE,D,2800,15.21,1,0.04,Y,2
23,13000,RENT,3,PERSONAL,D,2800,15.21,1,0.22,Y,2
23,13000,RENT,3,HOMEIMPROVEMENT,D,2800,15.21,1,0.22,N,2
23,28800,RENT,1,PERSONAL,D,1675,15.21,1,0.06,Y,2
23,30000,RENT,3,MEDICAL,D,3000,15.2,1,0.1,Y,2
23,42000,MORTGAGE,5,EDUCATION,D,2000,15.2,1,0.05,Y,2
23,71000,MORTGAGE,2,DEBTCONSOLIDATION,E,20000,15.13,1,0.28,Y,2
23,95000,RENT,7,VENTURE,D,15000,15.05,0,0.16,Y,2
23,87000,MORTGAGE,2,PERSONAL,D,25000,14.96,0,0.29,Y,2
23,130000,OWN,7,VENTURE,D,22600,14.96,0,0.17,Y,2
23,69000,MORTGAGE,0,HOMEIMPROVEMENT,D,15000,14.96,1,0.22,N,2
23,41000,MORTGAGE,7,VENTURE,D,10000,14.96,0,0.24,Y,2
23,31785,MORTGAGE,7,MEDICAL,D,6000,14.96,1,0.19,N,2
23,54000,MORTGAGE,7,DEBTCONSOLIDATION,D,5000,14.96,1,0.09,Y,2
23,52000,RENT,5,PERSONAL,D,4600,14.96,1,0.09,N,2
23,30500,MORTGAGE,6,MEDICAL,D,3000,14.96,1,0.1,Y,2
23,59000,RENT,7,PERSONAL,D,2500,14.96,0,0.04,N,2
23,44000,RENT,3,MEDICAL,D,5000,14.91,1,0.11,Y,2
23,138000,RENT,1,EDUCATION,D,5000,14.91,1,0.04,N,2
23,68500,MORTGAGE,7,PERSONAL,D,9800,14.84,1,0.14,N,2
23,100300,RENT,3,MEDICAL,D,8400,14.84,1,0.07,N,2
23,61000,RENT,2,PERSONAL,D,8400,14.84,1,0.14,N,2
23,28000,MORTGAGE,4,HOMEIMPROVEMENT,D,5225,14.84,1,0.19,N,2
23,39600,RENT,4,MEDICAL,D,5000,14.84,1,0.13,Y,2
23,29100,RENT,3,EDUCATION,D,5000,14.84,0,0.17,N,2
23,86004,RENT,0,PERSONAL,D,5000,14.84,1,0.06,N,2
23,33996,RENT,0,PERSONAL,D,5000,14.84,1,0.15,Y,2
23,20800,RENT,4,EDUCATION,D,3200,14.84,0,0.15,N,2
23,54996,RENT,8,EDUCATION,D,15000,14.83,0,0.27,N,2
23,48000,MORTGAGE,8,MEDICAL,D,1400,14.83,1,0.03,Y,2
23,70000,MORTGAGE,5,MEDICAL,C,10000,14.79,0,0.14,Y,2
23,40000,MORTGAGE,7,EDUCATION,C,6000,14.79,0,0.15,N,2
23,36000,MORTGAGE,4,PERSONAL,C,5000,14.79,0,0.14,N,2
23,32000,RENT,3,DEBTCONSOLIDATION,C,5000,14.79,0,0.16,N,2
23,36000,RENT,1,EDUCATION,C,5000,14.79,0,0.14,N,2
23,33600,MORTGAGE,,DEBTCONSOLIDATION,C,4000,14.79,0,0.12,N,2
23,55004,MORTGAGE,4,EDUCATION,D,9600,14.74,0,0.17,Y,2
23,45500,OWN,5,EDUCATION,C,14000,14.72,0,0.31,Y,2
23,65000,RENT,2,DEBTCONSOLIDATION,C,8000,14.72,0,0.12,Y,2
23,68400,RENT,7,EDUCATION,C,7200,14.72,0,0.11,N,2
23,64000,RENT,7,DEBTCONSOLIDATION,C,3500,14.72,1,0.05,Y,2
23,14400,OWN,7,DEBTCONSOLIDATION,C,3000,14.72,1,0.21,Y,2
23,63000,RENT,7,EDUCATION,C,2500,14.72,0,0.04,N,2
23,33204,RENT,7,EDUCATION,C,2000,14.72,0,0.06,Y,2
23,45000,RENT,2,DEBTCONSOLIDATION,C,1700,14.72,0,0.04,N,2
23,45000,RENT,2,EDUCATION,C,1700,14.72,0,0.04,N,2
23,66000,RENT,7,EDUCATION,C,12000,14.65,0,0.18,Y,2
23,45600,MORTGAGE,3,VENTURE,C,12000,14.65,0,0.26,Y,2
23,60000,RENT,0,EDUCATION,C,9600,14.65,0,0.16,Y,2
23,54000,RENT,7,MEDICAL,C,9500,14.65,0,0.18,N,2
23,30188,RENT,3,PERSONAL,C,8000,14.65,0,0.27,N,2
23,55400,MORTGAGE,1,MEDICAL,D,5500,14.61,1,0.1,N,2
23,83000,MORTGAGE,5,DEBTCONSOLIDATION,D,5000,14.61,1,0.06,N,2
23,93000,RENT,0,DEBTCONSOLIDATION,D,25000,14.59,1,0.27,Y,2
23,143000,MORTGAGE,7,DEBTCONSOLIDATION,D,24250,14.59,1,0.17,Y,2
23,95000,RENT,0,DEBTCONSOLIDATION,D,20000,14.59,1,0.21,Y,2
23,48000,MORTGAGE,7,DEBTCONSOLIDATION,D,16800,14.59,1,0.35,N,2
23,42000,MORTGAGE,7,EDUCATION,D,10000,14.59,0,0.24,Y,2
23,57000,RENT,6,HOMEIMPROVEMENT,D,3000,14.59,1,0.05,N,2
23,29004,RENT,7,DEBTCONSOLIDATION,D,1500,14.59,1,0.05,Y,2
23,49530,MORTGAGE,7,DEBTCONSOLIDATION,D,16000,14.54,1,0.32,Y,2
23,62500,RENT,4,DEBTCONSOLIDATION,D,16000,14.54,1,0.26,N,2
23,56000,MORTGAGE,7,VENTURE,D,8000,14.54,1,0.14,Y,2
23,30652,MORTGAGE,4,DEBTCONSOLIDATION,D,6000,14.54,1,0.2,Y,2
23,56000,RENT,3,EDUCATION,D,5875,14.54,0,0.1,N,2
23,33000,RENT,7,MEDICAL,D,5500,14.54,1,0.17,N,2
23,63000,RENT,3,VENTURE,D,5400,14.54,0,0.09,N,2
23,63000,RENT,0,VENTURE,D,16000,14.42,1,0.25,Y,2
23,21600,RENT,2,HOMEIMPROVEMENT,D,6000,14.42,1,0.28,N,2
23,84996,MORTGAGE,0,EDUCATION,C,16750,14.35,0,0.2,N,2
23,87000,MORTGAGE,5,DEBTCONSOLIDATION,C,15000,14.35,0,0.17,N,2
23,85000,MORTGAGE,8,DEBTCONSOLIDATION,C,5000,14.35,0,0.06,Y,2
23,24000,RENT,0,EDUCATION,C,2000,14.35,0,0.08,Y,2
23,70000,RENT,7,DEBTCONSOLIDATION,C,22500,14.27,1,0.32,N,2
23,85000,RENT,2,PERSONAL,C,16000,14.27,0,0.19,N,2
23,108060,MORTGAGE,7,DEBTCONSOLIDATION,C,14400,14.27,0,0.13,N,2
23,80000,RENT,0,VENTURE,C,14000,14.27,0,0.17,Y,2
23,75000,RENT,3,EDUCATION,C,12000,14.27,0,0.16,Y,2
23,115000,MORTGAGE,7,EDUCATION,C,10000,14.27,0,0.09,N,2
23,115000,MORTGAGE,7,EDUCATION,C,10000,14.27,0,0.09,Y,2
23,62000,RENT,0,EDUCATION,C,10000,14.27,0,0.16,Y,2
23,45000,MORTGAGE,4,EDUCATION,C,8650,14.27,0,0.19,N,2
23,24000,RENT,0,HOMEIMPROVEMENT,C,5000,14.27,1,0.21,Y,2
23,70000,RENT,1,VENTURE,C,3000,14.27,0,0.04,Y,2
23,93000,RENT,6,EDUCATION,C,10000,14.26,0,0.11,N,2
23,45000,RENT,0,EDUCATION,C,1000,14.26,0,0.02,Y,2
23,56100,MORTGAGE,5,MEDICAL,C,18000,14.22,1,0.27,Y,2
23,60000,RENT,7,PERSONAL,C,15000,14.22,0,0.25,Y,2
23,39500,MORTGAGE,3,DEBTCONSOLIDATION,C,10000,14.22,0,0.25,Y,2
23,37440,RENT,8,EDUCATION,E,8000,14.18,0,0.21,N,2
23,26400,RENT,8,EDUCATION,C,4000,14.17,1,0.15,N,2
23,34000,MORTGAGE,0,EDUCATION,C,4000,14.17,1,0.12,N,2
23,104736,MORTGAGE,3,DEBTCONSOLIDATION,D,25000,14.11,1,0.24,Y,2
23,54000,RENT,7,PERSONAL,D,10000,14.11,1,0.19,N,2
23,69743,MORTGAGE,7,VENTURE,D,1000,14.11,0,0.01,N,2
23,51000,MORTGAGE,6,DEBTCONSOLIDATION,D,17500,14.09,1,0.34,Y,2
23,54000,RENT,4,EDUCATION,C,11200,13.99,0,0.21,Y,2
23,60785,MORTGAGE,7,DEBTCONSOLIDATION,C,10625,13.99,0,0.17,N,2
23,30000,RENT,7,EDUCATION,C,10000,13.99,1,0.33,N,2
23,48000,MORTGAGE,5,EDUCATION,C,5000,13.99,0,0.1,Y,2
23,44000,RENT,1,MEDICAL,C,5000,13.99,1,0.11,Y,2
23,64800,MORTGAGE,7,PERSONAL,C,4000,13.99,0,0.06,Y,2
23,22000,RENT,1,VENTURE,C,2000,13.99,0,0.09,N,2
23,40000,RENT,7,VENTURE,C,1500,13.99,0,0.04,Y,2
23,81000,RENT,7,MEDICAL,C,18000,13.98,0,0.22,N,2
23,65400,RENT,1,DEBTCONSOLIDATION,C,10075,13.98,0,0.15,Y,2
23,75000,RENT,4,PERSONAL,C,6000,13.98,0,0.08,Y,2
23,60000,RENT,4,PERSONAL,C,5000,13.98,0,0.08,Y,2
23,65000,RENT,3,MEDICAL,C,5000,13.98,0,0.08,Y,2
23,45000,RENT,4,PERSONAL,C,4800,13.98,0,0.11,Y,2
23,51996,RENT,7,DEBTCONSOLIDATION,C,4000,13.98,0,0.08,Y,2
23,51996,RENT,7,PERSONAL,C,4000,13.98,0,0.08,Y,2
23,42500,RENT,1,PERSONAL,C,6200,13.92,0,0.15,N,2
23,35000,RENT,0,DEBTCONSOLIDATION,C,5200,13.92,0,0.15,N,2
23,60000,RENT,0,MEDICAL,C,16800,13.85,0,0.28,Y,2
23,75000,MORTGAGE,3,MEDICAL,C,11000,13.85,0,0.15,N,2
23,55000,MORTGAGE,5,MEDICAL,C,8000,13.85,0,0.15,Y,2
23,38376,OWN,,VENTURE,C,8400,13.8,0,0.22,Y,2
23,30000,MORTGAGE,7,MEDICAL,C,10000,13.79,1,0.33,N,2
23,39000,RENT,5,PERSONAL,C,8400,13.79,1,0.22,N,2
23,27000,RENT,4,PERSONAL,C,7000,13.79,0,0.26,N,2
23,97583,MORTGAGE,7,MEDICAL,D,6950,13.67,1,0.06,N,2
23,72000,MORTGAGE,6,VENTURE,C,12000,13.61,1,0.17,Y,2
23,48996,MORTGAGE,7,EDUCATION,C,10525,13.61,0,0.21,N,2
23,120000,MORTGAGE,7,EDUCATION,C,8000,13.61,0,0.07,Y,2
23,72000,MORTGAGE,7,MEDICAL,C,8000,13.61,0,0.11,Y,2
23,50000,MORTGAGE,2,EDUCATION,C,8000,13.61,0,0.16,N,2
23,42996,RENT,7,VENTURE,C,2000,13.61,0,0.05,Y,2
23,36000,RENT,3,PERSONAL,C,14400,13.57,1,0.4,N,2
23,30000,RENT,4,DEBTCONSOLIDATION,C,13000,13.57,1,0.43,Y,2
23,39689,OWN,1,VENTURE,C,13000,13.57,0,0.33,Y,2
23,100000,RENT,1,EDUCATION,C,12000,13.57,0,0.12,Y,2
23,43500,RENT,0,MEDICAL,C,10450,13.57,0,0.24,N,2
23,42000,MORTGAGE,1,PERSONAL,C,5750,13.57,0,0.14,N,2
23,25000,MORTGAGE,0,PERSONAL,C,4750,13.57,0,0.19,N,2
23,122000,MORTGAGE,7,EDUCATION,C,16000,13.49,0,0.13,N,2
23,55000,OWN,5,VENTURE,C,15000,13.49,0,0.27,N,2
23,113000,RENT,2,DEBTCONSOLIDATION,C,14000,13.49,0,0.12,Y,2
23,42000,RENT,4,EDUCATION,C,12000,13.49,0,0.29,N,2
23,60000,RENT,4,EDUCATION,C,9800,13.49,0,0.16,N,2
23,30000,RENT,6,EDUCATION,C,8500,13.49,0,0.28,N,2
23,60000,MORTGAGE,6,EDUCATION,C,8000,13.49,0,0.13,Y,2
23,44000,RENT,5,EDUCATION,C,8000,13.49,1,0.18,Y,2
23,30000,RENT,0,MEDICAL,C,8000,13.49,0,0.27,Y,2
23,60000,RENT,7,EDUCATION,C,5000,13.49,0,0.08,N,2
23,103000,MORTGAGE,6,DEBTCONSOLIDATION,C,4000,13.49,0,0.04,N,2
23,31200,RENT,0,PERSONAL,C,3200,13.49,0,0.1,Y,2
23,12996,OWN,0,DEBTCONSOLIDATION,C,2400,13.49,1,0.18,Y,2
23,70000,MORTGAGE,7,EDUCATION,C,2000,13.49,0,0.03,Y,2
23,45000,RENT,1,DEBTCONSOLIDATION,C,2000,13.49,0,0.04,N,2
23,45000,MORTGAGE,4,EDUCATION,C,14500,13.48,0,0.32,Y,2
23,122000,RENT,7,DEBTCONSOLIDATION,C,14000,13.48,0,0.11,Y,2
23,50000,MORTGAGE,3,VENTURE,C,7000,13.48,0,0.14,Y,2
23,120000,RENT,4,MEDICAL,C,23750,13.47,0,0.2,N,2
23,46394,MORTGAGE,7,MEDICAL,C,15000,13.47,0,0.32,N,2
23,53500,RENT,6,EDUCATION,C,15000,13.47,0,0.28,N,2
23,44000,RENT,1,EDUCATION,C,13000,13.47,0,0.3,N,2
23,57996,RENT,1,MEDICAL,C,11650,13.47,0,0.2,N,2
23,67200,RENT,7,EDUCATION,C,5650,13.47,0,0.08,N,2
23,33996,RENT,1,EDUCATION,C,5500,13.47,0,0.16,Y,2
23,65000,RENT,3,EDUCATION,C,5000,13.47,0,0.08,Y,2
23,91092,MORTGAGE,2,PERSONAL,C,10000,13.43,0,0.11,N,2
23,65000,RENT,6,DEBTCONSOLIDATION,C,8500,13.35,0,0.13,Y,2
23,35941,MORTGAGE,7,HOMEIMPROVEMENT,C,3500,13.35,1,0.1,N,2
23,9000,OWN,4,HOMEIMPROVEMENT,C,2000,13.35,1,0.22,N,2
23,43200,RENT,2,VENTURE,D,9100,13.24,1,0.21,N,2
23,77200,MORTGAGE,4,EDUCATION,C,22000,13.23,1,0.28,N,2
23,30000,RENT,1,EDUCATION,C,16000,13.23,1,0.53,N,2
23,126000,RENT,0,MEDICAL,C,8000,13.23,0,0.06,N,2
23,55000,MORTGAGE,7,VENTURE,C,7000,13.23,0,0.13,Y,2
23,112404,MORTGAGE,1,DEBTCONSOLIDATION,C,6000,13.23,0,0.05,Y,2
23,44000,OWN,7,VENTURE,C,5000,13.23,0,0.11,N,2
23,40000,RENT,4,PERSONAL,C,3500,13.23,0,0.09,Y,2
23,23500,RENT,4,EDUCATION,C,3000,13.23,0,0.13,Y,2
23,64800,MORTGAGE,7,DEBTCONSOLIDATION,C,2400,13.23,0,0.04,N,2
23,52000,RENT,1,PERSONAL,C,25000,13.22,1,0.48,N,2
23,65500,RENT,2,DEBTCONSOLIDATION,C,20000,13.22,1,0.31,N,2
23,35000,RENT,3,DEBTCONSOLIDATION,C,10000,13.22,0,0.29,N,2
23,52000,RENT,5,DEBTCONSOLIDATION,C,8000,13.22,0,0.15,N,2
23,94965,MORTGAGE,3,EDUCATION,C,8000,13.22,0,0.08,N,2
23,61000,RENT,3,VENTURE,C,8000,13.22,0,0.13,Y,2
23,73000,MORTGAGE,7,EDUCATION,C,7500,13.22,0,0.1,Y,2
23,63402,RENT,3,VENTURE,C,6000,13.22,0,0.09,Y,2
23,18000,RENT,1,VENTURE,C,3250,13.22,1,0.18,N,2
23,60000,MORTGAGE,1,MEDICAL,C,13200,13.16,0,0.22,Y,2
23,85000,RENT,2,VENTURE,C,12000,13.16,0,0.14,Y,2
23,64000,RENT,0,PERSONAL,C,12000,13.16,0,0.19,N,2
23,22000,RENT,3,EDUCATION,C,9600,13.16,1,0.44,N,2
23,85500,RENT,1,EDUCATION,C,17000,13.11,0,0.2,Y,2
23,73000,RENT,1,PERSONAL,C,14000,13.11,0,0.19,N,2
23,118000,MORTGAGE,4,VENTURE,C,12000,13.11,0,0.1,N,2
23,44000,RENT,7,MEDICAL,C,9800,13.11,1,0.22,N,2
23,69996,RENT,7,VENTURE,C,5600,13.11,0,0.08,Y,2
23,36000,MORTGAGE,7,VENTURE,C,4800,13.06,0,0.13,Y,2
23,18000,RENT,4,PERSONAL,C,3000,13.06,1,0.17,N,2
23,22800,RENT,0,PERSONAL,C,1600,13.06,0,0.07,N,2
23,40000,RENT,3,EDUCATION,C,16000,12.99,1,0.4,Y,2
23,116004,MORTGAGE,1,PERSONAL,C,14000,12.99,0,0.12,N,2
23,73500,RENT,1,VENTURE,C,12000,12.99,1,0.16,N,2
23,60000,MORTGAGE,6,EDUCATION,C,7000,12.99,0,0.12,Y,2
23,60000,MORTGAGE,7,MEDICAL,C,5000,12.99,0,0.08,N,2
23,30000,RENT,,HOMEIMPROVEMENT,C,5000,12.99,1,0.17,Y,2
23,128000,MORTGAGE,4,EDUCATION,C,4800,12.99,0,0.04,Y,2
23,24091,MORTGAGE,5,PERSONAL,C,3500,12.99,0,0.15,Y,2
23,24091,MORTGAGE,5,MEDICAL,C,3500,12.99,0,0.15,Y,2
23,19200,RENT,3,VENTURE,C,3000,12.99,1,0.16,Y,2
23,75000,RENT,2,PERSONAL,C,12000,12.98,0,0.16,Y,2
23,60228,RENT,7,MEDICAL,C,8000,12.98,0,0.13,Y,2
23,35000,MORTGAGE,7,MEDICAL,C,5000,12.98,1,0.14,N,2
23,74700,RENT,6,PERSONAL,D,24000,12.92,1,0.32,N,2
23,64000,RENT,7,EDUCATION,D,10325,12.92,1,0.16,Y,2
23,100000,RENT,0,PERSONAL,C,24250,12.87,0,0.24,Y,2
23,43236,OWN,1,VENTURE,C,18000,12.87,0,0.42,N,2
23,50000,RENT,1,EDUCATION,C,12000,12.87,0,0.24,Y,2
23,108600,MORTGAGE,3,MEDICAL,C,8000,12.87,0,0.07,Y,2
23,78000,MORTGAGE,1,VENTURE,C,8000,12.87,1,0.1,N,2
23,65004,OWN,5,VENTURE,C,7000,12.87,0,0.11,Y,2
23,48000,OWN,8,EDUCATION,C,6000,12.87,0,0.13,Y,2
23,68000,MORTGAGE,2,DEBTCONSOLIDATION,C,21000,12.84,0,0.31,N,2
23,45000,OWN,0,VENTURE,C,8000,12.84,0,0.18,Y,2
23,42996,RENT,2,EDUCATION,C,6000,12.84,0,0.14,Y,2
23,16000,MORTGAGE,1,DEBTCONSOLIDATION,C,5600,12.84,1,0.35,Y,2
23,54000,RENT,7,EDUCATION,C,5000,12.84,1,0.09,Y,2
23,90000,MORTGAGE,1,DEBTCONSOLIDATION,C,1500,12.84,0,0.02,N,2
23,75000,RENT,7,VENTURE,C,18000,12.73,0,0.24,N,2
23,90000,RENT,4,DEBTCONSOLIDATION,C,13000,12.73,0,0.14,N,2
23,90000,RENT,4,DEBTCONSOLIDATION,C,13000,12.73,0,0.14,N,2
23,87000,MORTGAGE,0,EDUCATION,C,12000,12.73,0,0.14,Y,2
23,55000,RENT,0,PERSONAL,C,10200,12.73,0,0.19,Y,2
23,55000,RENT,0,DEBTCONSOLIDATION,C,10200,12.73,0,0.19,N,2
23,28685,RENT,3,DEBTCONSOLIDATION,C,7000,12.73,0,0.24,N,2
23,40104,OTHER,7,EDUCATION,C,10000,12.72,0,0.25,Y,2
23,38850,RENT,0,EDUCATION,C,4000,12.72,0,0.1,Y,2
23,45000,RENT,0,EDUCATION,C,1775,12.72,0,0.04,Y,2
23,45000,RENT,0,EDUCATION,C,1775,12.72,0,0.04,N,2
23,200000,MORTGAGE,7,VENTURE,B,21000,12.69,0,0.1,N,2
23,82000,RENT,2,PERSONAL,B,20900,12.69,0,0.25,N,2
23,82000,RENT,2,DEBTCONSOLIDATION,B,20900,12.69,0,0.25,N,2
23,50000,RENT,0,EDUCATION,B,19400,12.69,1,0.39,N,2
23,95000,RENT,0,EDUCATION,B,14000,12.69,0,0.15,N,2
23,60000,RENT,2,DEBTCONSOLIDATION,B,12000,12.69,0,0.2,N,2
23,42000,RENT,6,EDUCATION,B,11800,12.69,0,0.28,N,2
23,36000,MORTGAGE,7,EDUCATION,B,11300,12.69,0,0.31,N,2
23,157500,RENT,1,EDUCATION,B,10000,12.69,0,0.06,N,2
23,157500,RENT,1,EDUCATION,B,10000,12.69,0,0.06,N,2
23,52000,RENT,0,VENTURE,B,9000,12.69,0,0.17,N,2
23,40000,RENT,7,VENTURE,B,7500,12.69,0,0.19,N,2
23,21000,OWN,7,EDUCATION,B,7500,12.69,0,0.36,N,2
23,30000,RENT,0,VENTURE,B,7000,12.69,0,0.23,N,2
23,75000,MORTGAGE,7,VENTURE,B,5400,12.69,0,0.07,N,2
23,24996,MORTGAGE,4,EDUCATION,B,5000,12.69,0,0.2,N,2
23,34000,RENT,4,MEDICAL,B,4000,12.69,0,0.12,N,2
23,47496,RENT,7,EDUCATION,B,3500,12.69,0,0.07,N,2
23,72000,MORTGAGE,7,VENTURE,B,2400,12.69,0,0.03,N,2
23,92000,MORTGAGE,5,EDUCATION,B,2400,12.69,0,0.03,N,2
23,88000,MORTGAGE,7,MEDICAL,C,18150,12.68,0,0.21,N,2
23,92000,MORTGAGE,7,MEDICAL,C,18000,12.68,0,0.2,Y,2
23,92000,MORTGAGE,7,EDUCATION,C,18000,12.68,0,0.2,N,2
23,47000,MORTGAGE,7,EDUCATION,C,13850,12.68,0,0.29,Y,2
23,75000,MORTGAGE,3,VENTURE,C,10200,12.68,0,0.14,Y,2
23,36504,RENT,0,EDUCATION,C,4900,12.68,0,0.13,N,2
23,37344,MORTGAGE,0,EDUCATION,C,3200,12.68,0,0.09,Y,2
23,21000,RENT,2,DEBTCONSOLIDATION,C,3000,12.68,0,0.14,Y,2
23,84000,MORTGAGE,2,EDUCATION,D,20000,12.61,0,0.24,Y,2
23,36000,OWN,1,MEDICAL,C,14600,12.61,0,0.41,Y,2
23,105000,RENT,0,EDUCATION,C,12000,12.61,0,0.11,N,2
23,46000,RENT,2,DEBTCONSOLIDATION,D,10000,12.61,1,0.22,N,2
23,40000,RENT,1,EDUCATION,C,9000,12.61,0,0.23,Y,2
23,36000,RENT,1,PERSONAL,D,7500,12.61,1,0.21,Y,2
23,50000,RENT,3,EDUCATION,C,4000,12.61,0,0.08,Y,2
23,83004,MORTGAGE,7,VENTURE,C,3500,12.61,0,0.04,Y,2
23,84000,MORTGAGE,7,VENTURE,B,25000,12.53,0,0.3,N,2
23,55000,RENT,5,DEBTCONSOLIDATION,B,20000,12.53,1,0.36,N,2
23,86670,MORTGAGE,4,PERSONAL,B,20000,12.53,0,0.23,N,2
23,36000,OWN,2,MEDICAL,C,12000,12.53,0,0.33,N,2
23,60000,MORTGAGE,7,PERSONAL,B,9500,12.53,0,0.16,N,2
23,60000,OWN,0,PERSONAL,B,8000,12.53,0,0.13,N,2
23,45000,RENT,8,DEBTCONSOLIDATION,C,6000,12.53,0,0.13,N,2
23,27996,RENT,3,MEDICAL,C,5500,12.53,0,0.2,N,2
23,27996,RENT,3,VENTURE,C,5500,12.53,0,0.2,N,2
23,21600,OWN,0,EDUCATION,B,4400,12.53,0,0.2,N,2
23,55000,RENT,4,MEDICAL,B,4000,12.53,0,0.07,N,2
23,54000,MORTGAGE,7,EDUCATION,B,21200,12.42,1,0.39,N,2
23,90000,MORTGAGE,7,MEDICAL,B,21000,12.42,0,0.23,N,2
23,75000,OWN,5,PERSONAL,B,21000,12.42,0,0.28,N,2
23,80000,MORTGAGE,7,EDUCATION,B,15000,12.42,0,0.19,N,2
23,77000,RENT,7,PERSONAL,B,15000,12.42,0,0.19,N,2
23,88000,MORTGAGE,1,VENTURE,B,15000,12.42,0,0.17,N,2
23,58000,RENT,1,MEDICAL,B,12800,12.42,0,0.22,N,2
23,35000,MORTGAGE,7,DEBTCONSOLIDATION,B,12000,12.42,0,0.34,N,2
23,80000,RENT,5,MEDICAL,B,12000,12.42,0,0.15,N,2
23,54000,RENT,0,DEBTCONSOLIDATION,B,12000,12.42,1,0.22,N,2
23,54000,MORTGAGE,5,VENTURE,B,8500,12.42,0,0.16,N,2
23,30000,RENT,2,EDUCATION,B,8000,12.42,0,0.27,N,2
23,54000,MORTGAGE,7,EDUCATION,B,4800,12.42,0,0.09,N,2
23,62000,RENT,7,VENTURE,B,4500,12.42,0,0.07,N,2
23,61200,RENT,7,PERSONAL,B,3000,12.42,0,0.05,N,2
23,78000,MORTGAGE,7,EDUCATION,B,2400,12.42,0,0.03,N,2
23,85000,MORTGAGE,6,EDUCATION,D,9000,12.36,0,0.11,Y,2
23,59000,RENT,7,EDUCATION,C,20000,12.29,1,0.34,N,2
23,36000,RENT,0,EDUCATION,C,3000,12.29,1,0.08,N,2
23,51000,RENT,6,DEBTCONSOLIDATION,C,13500,12.23,0,0.26,Y,2
23,100000,MORTGAGE,7,PERSONAL,C,5400,12.23,0,0.05,Y,2
23,20000,RENT,6,PERSONAL,C,4000,12.23,0,0.2,Y,2
23,26880,RENT,6,DEBTCONSOLIDATION,C,3000,12.23,0,0.11,Y,2
23,70000,MORTGAGE,5,PERSONAL,B,20000,12.21,0,0.29,N,2
23,60000,RENT,3,EDUCATION,B,20000,12.21,1,0.33,N,2
23,167300,MORTGAGE,1,EDUCATION,B,20000,12.21,0,0.12,N,2
23,80000,MORTGAGE,7,EDUCATION,B,17000,12.21,0,0.21,N,2
23,45000,MORTGAGE,1,MEDICAL,B,10000,12.21,0,0.22,N,2
23,65000,RENT,3,MEDICAL,B,8500,12.21,0,0.13,N,2
23,80607,RENT,2,MEDICAL,B,6000,12.21,0,0.07,N,2
23,24000,OWN,1,EDUCATION,B,1500,12.21,0,0.06,N,2
23,74000,MORTGAGE,4,HOMEIMPROVEMENT,B,25000,12.18,1,0.34,N,2
23,48235,MORTGAGE,5,VENTURE,B,20000,12.18,0,0.41,N,2
23,110000,RENT,7,EDUCATION,B,15000,12.18,0,0.14,N,2
23,62000,MORTGAGE,4,MEDICAL,B,10000,12.18,0,0.16,N,2
23,30000,RENT,4,MEDICAL,B,8000,12.18,0,0.27,N,2
23,15000,RENT,3,DEBTCONSOLIDATION,B,5175,12.18,1,0.34,N,2
23,30000,OWN,5,PERSONAL,B,3000,12.18,0,0.1,N,2
23,30000,RENT,0,PERSONAL,B,1925,12.18,0,0.06,N,2
23,47000,RENT,1,PERSONAL,C,15000,12.04,1,0.32,Y,2
23,84000,MORTGAGE,7,EDUCATION,B,23000,11.99,0,0.27,N,2
23,84000,MORTGAGE,7,EDUCATION,B,23000,11.99,0,0.27,N,2
23,57000,MORTGAGE,0,VENTURE,B,20000,11.99,0,0.35,N,2
23,114000,MORTGAGE,1,EDUCATION,B,17325,11.99,0,0.15,N,2
23,39000,RENT,3,MEDICAL,B,10000,11.99,1,0.26,N,2
23,34800,RENT,0,MEDICAL,B,7000,11.99,1,0.2,N,2
23,65000,RENT,2,EDUCATION,B,6000,11.99,0,0.09,N,2
23,29004,MORTGAGE,2,MEDICAL,B,6000,11.99,0,0.21,N,2
23,55000,RENT,3,VENTURE,B,5400,11.99,0,0.1,N,2
23,32640,RENT,5,VENTURE,B,4800,11.99,0,0.15,N,2
23,45000,MORTGAGE,4,VENTURE,B,4725,11.99,0,0.1,N,2
23,72000,RENT,8,MEDICAL,B,3000,11.99,0,0.04,N,2
23,70000,MORTGAGE,,EDUCATION,B,2500,11.99,0,0.04,N,2
23,91000,MORTGAGE,7,DEBTCONSOLIDATION,C,7500,11.97,0,0.08,Y,2
23,58000,MORTGAGE,7,MEDICAL,C,7200,11.97,1,0.12,N,2
23,50004,MORTGAGE,8,EDUCATION,C,2000,11.91,0,0.04,Y,2
23,59000,MORTGAGE,0,EDUCATION,B,21600,11.89,0,0.37,N,2
23,87000,RENT,2,EDUCATION,B,18000,11.89,0,0.21,N,2
23,76268,MORTGAGE,7,DEBTCONSOLIDATION,B,15000,11.89,1,0.2,N,2
23,108000,MORTGAGE,1,EDUCATION,B,14000,11.89,0,0.13,N,2
23,35400,RENT,4,VENTURE,B,9600,11.89,0,0.27,N,2
23,35400,RENT,4,DEBTCONSOLIDATION,B,9600,11.89,0,0.27,N,2
23,111000,MORTGAGE,7,MEDICAL,B,8350,11.89,0,0.08,N,2
23,31200,RENT,2,EDUCATION,B,3000,11.89,0,0.1,N,2
23,75000,RENT,3,PERSONAL,B,10000,11.86,0,0.13,N,2
23,66000,RENT,0,MEDICAL,B,9200,11.86,0,0.14,N,2
23,66000,RENT,0,EDUCATION,B,9200,11.86,0,0.14,N,2
23,45000,MORTGAGE,1,MEDICAL,B,7200,11.86,0,0.16,N,2
23,30996,OWN,2,VENTURE,B,5000,11.86,0,0.16,N,2
23,72000,MORTGAGE,0,PERSONAL,B,5000,11.86,0,0.07,N,2
23,30000,RENT,0,PERSONAL,B,5000,11.86,0,0.17,N,2
23,50000,RENT,4,MEDICAL,B,2800,11.86,0,0.06,N,2
23,138000,MORTGAGE,7,PERSONAL,B,2700,11.86,0,0.02,N,2
23,54000,RENT,1,VENTURE,B,20000,11.83,1,0.37,N,2
23,50004,MORTGAGE,7,PERSONAL,B,16000,11.83,0,0.32,N,2
23,41196,MORTGAGE,7,EDUCATION,B,16000,11.83,0,0.39,N,2
23,42000,RENT,7,DEBTCONSOLIDATION,B,15000,11.83,1,0.36,N,2
23,35000,OTHER,0,PERSONAL,B,12800,11.83,1,0.37,N,2
23,75000,RENT,4,EDUCATION,B,7500,11.83,0,0.1,N,2
23,184000,OWN,5,EDUCATION,B,2500,11.83,0,0.01,N,2
23,49800,RENT,2,PERSONAL,B,2400,11.83,0,0.05,N,2
23,40000,RENT,0,VENTURE,C,1500,11.78,0,0.04,N,2
23,39270,RENT,6,VENTURE,C,2200,11.72,0,0.06,N,2
23,62500,RENT,7,MEDICAL,B,26000,11.71,1,0.42,N,2
23,76896,MORTGAGE,8,EDUCATION,B,25000,11.71,0,0.33,N,2
23,80700,RENT,7,MEDICAL,B,20000,11.71,0,0.25,N,2
23,38000,RENT,7,PERSONAL,B,12000,11.71,1,0.32,N,2
23,61000,OWN,1,PERSONAL,B,12000,11.71,0,0.2,N,2
23,32000,MORTGAGE,7,EDUCATION,B,10000,11.71,0,0.31,N,2
23,29000,RENT,2,EDUCATION,B,9000,11.71,1,0.31,N,2
23,105000,RENT,7,MEDICAL,B,7200,11.71,0,0.07,N,2
23,48000,RENT,7,PERSONAL,B,7200,11.71,0,0.15,N,2
23,31000,RENT,1,DEBTCONSOLIDATION,B,6000,11.71,1,0.19,N,2
23,54000,RENT,4,MEDICAL,B,5200,11.71,0,0.1,N,2
23,78000,MORTGAGE,5,EDUCATION,B,5000,11.71,0,0.06,N,2
23,38000,RENT,5,VENTURE,B,4400,11.71,0,0.12,N,2
23,24000,RENT,0,EDUCATION,B,2500,11.71,0,0.1,N,2
23,40000,RENT,5,PERSONAL,B,2000,11.71,0,0.05,N,2
23,120000,RENT,0,DEBTCONSOLIDATION,C,10000,11.66,0,0.08,N,2
23,33448,RENT,2,EDUCATION,C,2500,11.66,0,0.07,Y,2
23,44400,RENT,0,EDUCATION,B,1500,11.63,0,0.03,N,2
23,74000,MORTGAGE,7,EDUCATION,B,12000,11.58,0,0.16,N,2
23,68000,RENT,3,MEDICAL,B,15700,11.49,0,0.23,N,2
23,45000,MORTGAGE,7,EDUCATION,B,14000,11.49,0,0.31,N,2
23,34000,RENT,0,DEBTCONSOLIDATION,B,11500,11.49,1,0.34,N,2
23,100000,MORTGAGE,7,PERSONAL,B,11200,11.49,0,0.11,N,2
23,102000,MORTGAGE,7,EDUCATION,B,10000,11.49,0,0.1,N,2
23,75000,RENT,0,PERSONAL,B,10000,11.49,0,0.13,N,2
23,69000,RENT,7,PERSONAL,B,9000,11.49,0,0.13,N,2
23,40000,RENT,3,EDUCATION,B,8000,11.49,0,0.2,N,2
23,55000,RENT,1,VENTURE,B,6800,11.49,0,0.12,N,2
23,36000,MORTGAGE,7,HOMEIMPROVEMENT,B,6725,11.49,1,0.19,N,2
23,76000,MORTGAGE,8,DEBTCONSOLIDATION,B,6000,11.49,1,0.08,N,2
23,45000,RENT,7,VENTURE,B,6000,11.49,0,0.13,N,2
23,28800,RENT,0,EDUCATION,B,5000,11.49,0,0.17,N,2
23,99996,MORTGAGE,2,PERSONAL,B,4800,11.49,0,0.05,N,2
23,65000,RENT,2,DEBTCONSOLIDATION,B,3600,11.49,0,0.06,N,2
23,30000,RENT,,MEDICAL,B,3500,11.49,1,0.12,N,2
23,43949,RENT,7,MEDICAL,B,3000,11.49,0,0.07,N,2
23,42000,RENT,0,EDUCATION,B,2500,11.49,0,0.06,N,2
23,36000,MORTGAGE,7,EDUCATION,B,2000,11.49,0,0.06,N,2
23,66661,MORTGAGE,7,PERSONAL,B,1500,11.49,0,0.02,N,2
23,24000,RENT,4,VENTURE,B,1500,11.49,0,0.06,N,2
23,50000,OWN,3,PERSONAL,B,1500,11.49,0,0.03,N,2
23,105000,MORTGAGE,3,MEDICAL,B,20000,11.48,0,0.19,N,2
23,45000,MORTGAGE,5,EDUCATION,B,14500,11.48,0,0.32,N,2
23,44796,RENT,2,DEBTCONSOLIDATION,B,10000,11.48,0,0.22,N,2
23,45000,MORTGAGE,4,EDUCATION,B,9925,11.48,0,0.22,N,2
23,75000,RENT,0,MEDICAL,B,6000,11.48,0,0.08,N,2
23,75000,RENT,0,VENTURE,B,6000,11.48,0,0.08,N,2
23,52000,MORTGAGE,7,PERSONAL,B,5000,11.48,1,0.1,N,2
23,60000,MORTGAGE,7,VENTURE,B,2450,11.48,0,0.04,N,2
23,100000,RENT,0,PERSONAL,B,10000,11.46,0,0.1,N,2
23,55812,MORTGAGE,4,MEDICAL,B,21825,11.36,0,0.39,N,2
23,63000,RENT,2,MEDICAL,B,21000,11.36,1,0.33,N,2
23,54000,RENT,8,VENTURE,B,12000,11.36,0,0.22,N,2
23,105000,MORTGAGE,7,VENTURE,B,12000,11.36,0,0.11,N,2
23,163000,OWN,5,EDUCATION,B,10000,11.36,0,0.06,N,2
23,61041,RENT,7,PERSONAL,B,9000,11.36,0,0.15,N,2
23,61498,MORTGAGE,5,PERSONAL,B,5000,11.36,0,0.08,N,2
23,100000,MORTGAGE,5,DEBTCONSOLIDATION,C,15000,11.34,0,0.15,Y,2
23,87000,MORTGAGE,0,PERSONAL,C,7500,11.28,0,0.09,Y,2
23,108000,MORTGAGE,7,HOMEIMPROVEMENT,B,18000,11.26,1,0.17,N,2
23,92000,MORTGAGE,7,PERSONAL,B,15000,11.26,0,0.16,N,2
23,56004,MORTGAGE,7,PERSONAL,B,15000,11.26,1,0.27,N,2
23,60000,MORTGAGE,6,EDUCATION,B,11500,11.26,0,0.19,N,2
23,44064,RENT,0,EDUCATION,B,9500,11.26,0,0.22,N,2
23,24996,OWN,1,EDUCATION,B,8000,11.26,0,0.32,N,2
23,61200,RENT,4,MEDICAL,B,20000,11.14,1,0.28,N,2
23,54586,RENT,5,PERSONAL,B,19000,11.14,1,0.35,N,2
23,30000,RENT,3,PERSONAL,B,10000,11.14,1,0.33,N,2
23,52000,OWN,1,PERSONAL,B,10000,11.14,0,0.19,N,2
23,50000,MORTGAGE,5,PERSONAL,B,9000,11.14,0,0.18,N,2
23,80000,MORTGAGE,7,PERSONAL,B,8500,11.14,0,0.11,N,2
23,38500,RENT,2,MEDICAL,B,7000,11.14,0,0.18,N,2
23,92004,MORTGAGE,7,EDUCATION,B,24250,11.12,0,0.26,N,2
23,54000,RENT,2,PERSONAL,B,20000,11.12,1,0.37,N,2
23,75000,MORTGAGE,7,VENTURE,B,17000,11.12,0,0.23,N,2
23,72000,RENT,7,VENTURE,B,5600,11.12,0,0.08,N,2
23,75000,MORTGAGE,5,PERSONAL,B,5000,11.12,0,0.07,N,2
23,30159,RENT,0,EDUCATION,B,5000,11.12,0,0.17,N,2
23,83000,MORTGAGE,7,EDUCATION,B,1500,11.12,0,0.02,N,2
23,151200,RENT,7,DEBTCONSOLIDATION,B,28000,11.11,0,0.19,N,2
23,83000,MORTGAGE,7,EDUCATION,B,24175,11.11,1,0.29,N,2
23,96000,MORTGAGE,0,VENTURE,B,20000,11.11,0,0.21,N,2
23,67000,RENT,0,MEDICAL,B,20000,11.11,0,0.3,N,2
23,57000,MORTGAGE,5,VENTURE,B,18000,11.11,0,0.32,N,2
23,60000,RENT,3,PERSONAL,B,17000,11.11,0,0.28,N,2
23,60000,RENT,0,DEBTCONSOLIDATION,B,15000,11.11,0,0.25,N,2
23,95000,RENT,2,VENTURE,B,13600,11.11,0,0.14,N,2
23,46000,RENT,1,EDUCATION,B,12500,11.11,0,0.27,N,2
23,170000,RENT,7,EDUCATION,B,12000,11.11,0,0.07,N,2
23,170000,RENT,7,PERSONAL,B,12000,11.11,0,0.07,N,2
23,69996,MORTGAGE,5,VENTURE,B,12000,11.11,0,0.17,N,2
23,42996,RENT,3,PERSONAL,B,8000,11.11,0,0.19,N,2
23,40000,MORTGAGE,6,PERSONAL,B,7200,11.11,0,0.18,N,2
23,21888,RENT,8,EDUCATION,B,6600,11.11,0,0.3,N,2
23,48000,RENT,3,EDUCATION,B,6600,11.11,0,0.14,N,2
23,85272,RENT,7,EDUCATION,B,5000,11.11,0,0.06,N,2
23,55000,MORTGAGE,2,EDUCATION,B,5000,11.11,0,0.09,N,2
23,14400,RENT,1,EDUCATION,B,4750,11.11,1,0.33,N,2
23,120000,MORTGAGE,0,EDUCATION,C,23000,11.03,0,0.19,N,2
23,62000,MORTGAGE,8,HOMEIMPROVEMENT,C,9000,11.03,1,0.15,N,2
23,74000,RENT,7,DEBTCONSOLIDATION,B,24000,10.99,1,0.32,N,2
23,95000,RENT,2,EDUCATION,B,20000,10.99,0,0.21,N,2
23,76000,OWN,3,EDUCATION,B,18000,10.99,0,0.24,N,2
23,78000,RENT,5,VENTURE,B,17000,10.99,0,0.22,N,2
23,44390,OWN,3,EDUCATION,B,14300,10.99,0,0.32,N,2
23,45000,MORTGAGE,8,VENTURE,B,13000,10.99,0,0.29,N,2
23,39000,RENT,1,PERSONAL,B,12000,10.99,1,0.31,N,2
23,85000,MORTGAGE,6,EDUCATION,B,10000,10.99,0,0.12,N,2
23,38000,RENT,4,PERSONAL,B,10000,10.99,0,0.26,N,2
23,51000,RENT,2,EDUCATION,B,9000,10.99,0,0.18,N,2
23,56000,RENT,3,DEBTCONSOLIDATION,B,8400,10.99,0,0.15,N,2
23,28000,MORTGAGE,2,VENTURE,B,8400,10.99,0,0.3,N,2
23,64000,MORTGAGE,7,DEBTCONSOLIDATION,B,8000,10.99,0,0.13,N,2
23,64500,MORTGAGE,6,MEDICAL,B,7000,10.99,0,0.11,N,2
23,55000,RENT,7,EDUCATION,B,6000,10.99,0,0.11,N,2
23,41000,RENT,3,MEDICAL,B,6000,10.99,0,0.15,N,2
23,60000,MORTGAGE,,EDUCATION,B,5600,10.99,0,0.09,N,2
23,44000,MORTGAGE,3,MEDICAL,B,5400,10.99,1,0.12,N,2
23,40992,RENT,7,EDUCATION,B,5000,10.99,0,0.12,N,2
23,34800,RENT,1,HOMEIMPROVEMENT,B,5000,10.99,1,0.14,N,2
23,15000,OWN,4,VENTURE,B,4600,10.99,1,0.31,N,2
23,54000,RENT,2,MEDICAL,B,4200,10.99,1,0.08,N,2
23,57850,MORTGAGE,8,EDUCATION,B,4000,10.99,0,0.07,N,2
23,55000,RENT,8,MEDICAL,B,4000,10.99,0,0.07,N,2
23,18000,RENT,5,PERSONAL,B,4000,10.99,1,0.22,N,2
23,67000,RENT,7,MEDICAL,B,3000,10.99,0,0.04,N,2
23,50400,MORTGAGE,7,VENTURE,B,2500,10.99,0,0.05,N,2
23,36000,RENT,3,EDUCATION,B,1000,10.99,0,0.03,N,2
23,69000,MORTGAGE,0,EDUCATION,B,8000,10.95,0,0.12,N,2
23,33000,RENT,0,PERSONAL,B,7800,10.95,1,0.24,N,2
23,77000,RENT,3,VENTURE,B,1150,10.95,0,0.01,N,2
23,32198,MORTGAGE,3,EDUCATION,B,1000,10.95,0,0.03,N,2
23,59004,RENT,5,DEBTCONSOLIDATION,B,20000,10.83,1,0.34,N,2
23,60480,RENT,7,EDUCATION,B,15000,10.83,0,0.25,N,2
23,40000,MORTGAGE,1,VENTURE,B,1200,10.83,0,0.03,N,2
23,46000,RENT,6,PERSONAL,B,18250,10.75,1,0.4,N,2
23,168000,MORTGAGE,6,PERSONAL,B,15750,10.75,0,0.09,N,2
23,53664,MORTGAGE,7,DEBTCONSOLIDATION,B,15000,10.75,0,0.28,N,2
23,28644,MORTGAGE,2,EDUCATION,B,10000,10.75,0,0.35,N,2
23,27996,OWN,2,MEDICAL,B,9250,10.75,0,0.33,N,2
23,120000,RENT,1,PERSONAL,B,7000,10.75,0,0.06,N,2
23,69000,RENT,7,MEDICAL,B,4800,10.75,0,0.07,N,2
23,69000,RENT,7,DEBTCONSOLIDATION,B,4800,10.75,0,0.07,N,2
23,24000,RENT,7,DEBTCONSOLIDATION,B,2700,10.75,1,0.11,N,2
23,85000,MORTGAGE,,EDUCATION,B,24000,10.74,0,0.28,N,2
23,50000,RENT,4,VENTURE,B,18225,10.74,1,0.36,N,2
23,63189,MORTGAGE,7,VENTURE,B,8000,10.74,0,0.13,N,2
23,45000,MORTGAGE,6,MEDICAL,B,5000,10.74,1,0.11,N,2
23,58000,RENT,1,VENTURE,B,4000,10.74,0,0.07,N,2
23,41000,MORTGAGE,4,MEDICAL,B,7500,10.71,0,0.18,N,2
23,65000,RENT,0,VENTURE,B,7000,10.71,0,0.11,N,2
23,42000,RENT,3,DEBTCONSOLIDATION,B,1500,10.71,0,0.04,N,2
23,97000,RENT,7,VENTURE,B,30000,10.65,1,0.31,N,2
23,72250,RENT,7,MEDICAL,B,30000,10.65,1,0.35,N,2
23,80000,MORTGAGE,7,VENTURE,B,22000,10.65,0,0.28,N,2
23,52000,MORTGAGE,5,EDUCATION,B,12800,10.65,0,0.25,N,2
23,60000,MORTGAGE,3,PERSONAL,B,12000,10.65,0,0.2,N,2
23,104000,MORTGAGE,7,PERSONAL,B,9000,10.65,0,0.09,N,2
23,45000,RENT,7,EDUCATION,B,9000,10.65,0,0.2,N,2
23,55000,RENT,2,PERSONAL,B,8000,10.65,0,0.15,N,2
23,36000,RENT,5,VENTURE,B,7000,10.65,0,0.19,N,2
23,52000,RENT,3,EDUCATION,B,7000,10.65,0,0.13,N,2
23,90000,RENT,1,MEDICAL,B,7000,10.65,0,0.08,N,2
23,46852,RENT,3,HOMEIMPROVEMENT,B,6800,10.65,1,0.15,N,2
23,65000,OWN,6,PERSONAL,B,6000,10.65,0,0.09,N,2
23,50000,RENT,8,MEDICAL,B,5825,10.65,0,0.12,N,2
23,150000,RENT,3,VENTURE,B,5000,10.65,0,0.03,N,2
23,100000,RENT,4,VENTURE,B,4150,10.65,0,0.04,N,2
23,120000,MORTGAGE,8,EDUCATION,B,4000,10.65,0,0.03,N,2
23,57700,MORTGAGE,7,PERSONAL,B,3500,10.65,0,0.06,N,2
23,15600,RENT,3,EDUCATION,B,2500,10.65,1,0.16,N,2
23,8400,RENT,,EDUCATION,B,2000,10.65,1,0.24,N,2
23,39600,RENT,5,EDUCATION,B,19000,10.62,1,0.48,N,2
23,80004,MORTGAGE,2,VENTURE,B,19000,10.62,0,0.24,N,2
23,75996,MORTGAGE,7,MEDICAL,B,15000,10.62,0,0.2,N,2
23,28000,RENT,4,EDUCATION,B,7000,10.62,0,0.25,N,2
23,33000,RENT,5,PERSONAL,B,5000,10.62,0,0.15,N,2
23,39000,OWN,7,MEDICAL,B,3000,10.62,0,0.08,N,2
23,100000,RENT,4,MEDICAL,B,2000,10.62,0,0.02,N,2
23,210000,RENT,,EDUCATION,B,12000,10.59,0,0.06,N,2
23,45000,RENT,2,PERSONAL,B,11200,10.59,0,0.25,N,2
23,115000,MORTGAGE,3,EDUCATION,B,10000,10.59,0,0.09,N,2
23,80038,RENT,3,PERSONAL,B,10000,10.59,0,0.12,N,2
23,63000,MORTGAGE,2,PERSONAL,B,10000,10.59,0,0.16,N,2
23,34560,MORTGAGE,1,MEDICAL,B,10000,10.59,0,0.29,N,2
23,55000,RENT,0,EDUCATION,B,10000,10.59,0,0.18,N,2
23,37200,MORTGAGE,7,HOMEIMPROVEMENT,B,7000,10.59,1,0.19,N,2
23,110000,MORTGAGE,0,VENTURE,B,7000,10.59,0,0.06,N,2
23,19000,RENT,2,EDUCATION,C,6000,10.59,1,0.32,N,2
23,35000,RENT,7,PERSONAL,B,5400,10.59,0,0.15,N,2
23,50000,RENT,7,EDUCATION,B,5000,10.59,0,0.1,N,2
23,35000,RENT,5,PERSONAL,B,4500,10.59,0,0.13,N,2
23,38400,RENT,7,PERSONAL,B,4000,10.59,0,0.1,N,2
23,42000,RENT,0,VENTURE,B,4000,10.59,0,0.1,N,2
23,52000,RENT,2,PERSONAL,B,3625,10.59,1,0.07,N,2
23,56160,MORTGAGE,2,PERSONAL,B,3050,10.59,0,0.05,N,2
23,50000,OWN,0,VENTURE,B,2800,10.59,0,0.06,N,2
23,46728,RENT,2,PERSONAL,B,2650,10.59,0,0.06,N,2
23,33990,MORTGAGE,2,DEBTCONSOLIDATION,C,1000,10.59,1,0.03,N,2
23,32000,MORTGAGE,,EDUCATION,B,1000,10.59,1,0.03,N,2
23,38000,RENT,5,EDUCATION,B,6000,10.46,0,0.16,N,2
23,45000,RENT,3,MEDICAL,B,5275,10.39,0,0.12,N,2
23,56600,OWN,3,MEDICAL,B,12000,10.38,0,0.21,N,2
23,52000,RENT,7,VENTURE,B,7500,10.38,0,0.14,N,2
23,26400,RENT,7,EDUCATION,B,5400,10.38,0,0.2,N,2
23,50400,RENT,3,VENTURE,B,5000,10.38,0,0.1,N,2
23,50400,RENT,3,EDUCATION,B,5000,10.38,0,0.1,N,2
23,28800,RENT,5,PERSONAL,B,2800,10.38,0,0.1,N,2
23,28800,RENT,5,EDUCATION,B,2800,10.38,0,0.1,N,2
23,65000,RENT,0,MEDICAL,B,20000,10.37,1,0.31,N,2
23,35000,RENT,6,EDUCATION,B,17000,10.37,1,0.49,N,2
23,145000,MORTGAGE,3,MEDICAL,B,12000,10.37,0,0.08,N,2
23,68000,MORTGAGE,2,VENTURE,B,10000,10.37,0,0.15,N,2
23,58000,RENT,4,EDUCATION,B,8000,10.37,0,0.14,N,2
23,49980,MORTGAGE,7,MEDICAL,B,4800,10.37,1,0.1,N,2
23,58320,RENT,4,MEDICAL,B,4000,10.37,0,0.07,N,2
23,12000,RENT,2,PERSONAL,B,3075,10.37,1,0.26,N,2
23,51996,RENT,1,DEBTCONSOLIDATION,B,3000,10.37,0,0.06,N,2
23,57744,MORTGAGE,7,PERSONAL,B,2500,10.37,0,0.04,N,2
23,16800,RENT,0,DEBTCONSOLIDATION,B,1950,10.37,0,0.12,N,2
23,10000,RENT,,PERSONAL,B,1000,10.37,1,0.1,N,2
23,74000,RENT,3,MEDICAL,B,25000,10.36,1,0.34,N,2
23,26000,OWN,7,PERSONAL,B,2000,10.36,0,0.08,N,2
23,60000,MORTGAGE,6,PERSONAL,B,2000,10.36,0,0.03,N,2
23,10008,RENT,,DEBTCONSOLIDATION,B,1600,10.36,1,0.16,N,2
23,73164,MORTGAGE,7,VENTURE,B,1000,10.36,0,0.01,N,2
23,33600,RENT,2,PERSONAL,B,1000,10.36,0,0.03,N,2
23,50000,OWN,0,VENTURE,B,14000,10.33,0,0.28,N,2
23,87000,RENT,1,DEBTCONSOLIDATION,B,7500,10.33,0,0.09,N,2
23,88000,RENT,0,EDUCATION,C,15000,10.28,0,0.17,N,2
23,84000,MORTGAGE,7,PERSONAL,B,25000,10.25,0,0.3,N,2
23,60000,RENT,7,DEBTCONSOLIDATION,B,25000,10.25,1,0.42,N,2
23,45000,RENT,4,PERSONAL,B,20000,10.25,1,0.44,N,2
23,35000,OWN,7,MEDICAL,B,10000,10.25,0,0.29,N,2
23,45000,RENT,2,EDUCATION,B,9600,10.25,0,0.21,N,2
23,48500,MORTGAGE,8,PERSONAL,B,6000,10.25,0,0.12,N,2
23,50000,RENT,0,DEBTCONSOLIDATION,B,5000,10.25,0,0.1,N,2
23,47184,RENT,0,DEBTCONSOLIDATION,B,5000,10.25,0,0.11,N,2
23,10500,RENT,,MEDICAL,B,1000,10.25,1,0.1,N,2
23,91000,RENT,5,EDUCATION,B,10000,10.2,0,0.11,N,2
23,39996,RENT,6,PERSONAL,B,5000,10.2,0,0.13,N,2
23,62000,MORTGAGE,7,DEBTCONSOLIDATION,B,6400,10.08,0,0.1,N,2
23,85000,MORTGAGE,3,EDUCATION,B,15000,10,0,0.18,N,2
23,50000,MORTGAGE,2,DEBTCONSOLIDATION,B,14400,10,0,0.29,N,2
23,126996,OWN,2,EDUCATION,B,11000,10,0,0.09,N,2
23,40800,MORTGAGE,4,MEDICAL,B,10400,10,0,0.25,N,2
23,82000,MORTGAGE,5,PERSONAL,B,9600,10,0,0.12,N,2
23,250000,MORTGAGE,7,EDUCATION,B,8800,10,0,0.04,N,2
23,64000,RENT,5,VENTURE,B,8000,10,0,0.13,N,2
23,85596,MORTGAGE,5,VENTURE,B,6000,10,0,0.07,N,2
23,32400,RENT,6,VENTURE,B,3000,10,0,0.09,N,2
23,120000,RENT,7,EDUCATION,B,25000,9.99,0,0.21,N,2
23,120000,RENT,7,DEBTCONSOLIDATION,B,25000,9.99,0,0.21,N,2
23,65000,RENT,2,DEBTCONSOLIDATION,B,14000,9.99,0,0.22,N,2
23,68000,MORTGAGE,5,MEDICAL,B,11500,9.99,0,0.17,N,2
23,125000,MORTGAGE,7,MEDICAL,B,10000,9.99,0,0.08,N,2
23,36000,RENT,5,EDUCATION,B,10000,9.99,0,0.28,N,2
23,36000,RENT,3,EDUCATION,B,9000,9.99,0,0.25,N,2
23,66000,MORTGAGE,8,EDUCATION,B,8750,9.99,0,0.13,N,2
23,80000,RENT,2,VENTURE,B,7800,9.99,0,0.1,N,2
23,27600,RENT,2,PERSONAL,B,7200,9.99,0,0.26,N,2
23,78000,RENT,0,MEDICAL,B,6000,9.99,0,0.08,N,2
23,54000,MORTGAGE,,PERSONAL,B,5000,9.99,0,0.09,N,2
23,60000,RENT,8,EDUCATION,B,3600,9.99,0,0.06,N,2
23,19200,RENT,0,PERSONAL,B,3000,9.99,1,0.16,N,2
23,92000,MORTGAGE,0,EDUCATION,B,12950,9.96,0,0.14,N,2
23,45000,RENT,8,EDUCATION,B,19600,9.91,1,0.44,N,2
23,40000,MORTGAGE,5,EDUCATION,B,18000,9.91,0,0.45,N,2
23,40000,RENT,2,EDUCATION,B,17475,9.91,1,0.44,N,2
23,92000,MORTGAGE,2,DEBTCONSOLIDATION,B,15000,9.91,0,0.16,N,2
23,57468,MORTGAGE,8,EDUCATION,B,14075,9.91,0,0.24,N,2
23,63150,MORTGAGE,7,MEDICAL,B,12000,9.91,0,0.19,N,2
23,40100,RENT,7,MEDICAL,B,12000,9.91,0,0.3,N,2
23,97000,MORTGAGE,5,EDUCATION,B,12000,9.91,0,0.12,N,2
23,75000,MORTGAGE,4,VENTURE,B,12000,9.91,0,0.16,N,2
23,26004,RENT,8,DEBTCONSOLIDATION,B,2200,9.91,1,0.08,N,2
23,40000,MORTGAGE,3,EDUCATION,B,12000,9.88,0,0.3,N,2
23,54000,MORTGAGE,3,VENTURE,B,10000,9.88,0,0.19,N,2
23,105999,MORTGAGE,6,VENTURE,B,8550,9.88,0,0.08,N,2
23,105999,MORTGAGE,6,EDUCATION,B,8550,9.88,0,0.08,N,2
23,36100,RENT,0,EDUCATION,B,6000,9.88,0,0.17,N,2
23,52000,RENT,3,EDUCATION,B,4800,9.88,0,0.09,N,2
23,58500,RENT,2,DEBTCONSOLIDATION,B,3000,9.88,0,0.05,N,2
23,55000,RENT,2,VENTURE,B,3000,9.88,0,0.05,N,2
23,30000,RENT,7,MEDICAL,B,2500,9.88,0,0.08,N,2
23,87500,MORTGAGE,2,PERSONAL,B,1600,9.88,0,0.02,N,2
23,82800,MORTGAGE,1,HOMEIMPROVEMENT,B,12000,9.76,1,0.14,N,2
23,30000,MORTGAGE,2,VENTURE,B,1200,9.67,0,0.04,N,2
23,54000,MORTGAGE,7,MEDICAL,A,13500,9.63,0,0.25,N,2
23,39996,RENT,6,PERSONAL,B,12000,9.63,0,0.3,N,2
23,60000,RENT,3,PERSONAL,A,12000,9.63,0,0.2,N,2
23,85000,RENT,1,MEDICAL,A,12000,9.63,0,0.14,N,2
23,137000,MORTGAGE,0,EDUCATION,A,11400,9.63,0,0.08,N,2
23,75000,RENT,0,DEBTCONSOLIDATION,A,10000,9.63,0,0.13,N,2
23,43000,MORTGAGE,1,PERSONAL,A,9000,9.63,0,0.21,N,2
23,43000,MORTGAGE,1,EDUCATION,A,9000,9.63,0,0.21,N,2
23,73185,MORTGAGE,7,MEDICAL,B,7000,9.63,1,0.08,N,2
23,77200,RENT,1,EDUCATION,B,3000,9.63,0,0.04,N,2
23,68000,RENT,7,EDUCATION,B,23000,9.62,1,0.34,N,2
23,75000,MORTGAGE,0,EDUCATION,B,12000,9.62,0,0.16,N,2
23,80000,OWN,7,PERSONAL,B,9000,9.62,0,0.11,N,2
23,27000,MORTGAGE,,EDUCATION,B,4000,9.62,0,0.15,N,2
23,69000,MORTGAGE,1,VENTURE,B,19000,9.51,0,0.28,N,2
23,60000,MORTGAGE,7,DEBTCONSOLIDATION,B,6000,9.45,0,0.1,N,2
23,180000,MORTGAGE,2,VENTURE,B,5000,9.33,0,0.03,N,2
23,39600,MORTGAGE,8,EDUCATION,A,8250,9.32,0,0.21,N,2
23,67000,MORTGAGE,0,VENTURE,A,6000,9.32,0,0.09,N,2
23,25000,MORTGAGE,4,MEDICAL,A,5000,9.32,0,0.2,N,2
23,55000,OTHER,5,VENTURE,A,4000,9.32,0,0.07,N,2
23,45288,MORTGAGE,7,DEBTCONSOLIDATION,B,20500,9.25,0,0.45,N,2
23,55000,RENT,4,EDUCATION,B,8000,9.25,0,0.15,N,2
23,75000,MORTGAGE,7,EDUCATION,B,7100,9.25,0,0.09,N,2
23,48000,RENT,5,DEBTCONSOLIDATION,B,5000,9.25,0,0.1,N,2
23,36000,RENT,4,DEBTCONSOLIDATION,B,3700,9.25,0,0.1,N,2
23,62000,MORTGAGE,4,VENTURE,B,9600,9.2,0,0.15,N,2
23,60000,RENT,8,VENTURE,A,7500,9.07,0,0.13,N,2
23,120000,MORTGAGE,0,PERSONAL,A,17000,8.94,0,0.14,N,2
23,168952,MORTGAGE,5,HOMEIMPROVEMENT,A,12500,8.94,1,0.07,N,2
23,57000,RENT,4,DEBTCONSOLIDATION,A,12000,8.94,0,0.21,N,2
23,116000,RENT,7,VENTURE,A,11000,8.94,0,0.09,N,2
23,116000,RENT,7,EDUCATION,A,11000,8.94,0,0.09,N,2
23,29856,RENT,0,PERSONAL,A,10300,8.94,1,0.34,N,2
23,88000,MORTGAGE,7,MEDICAL,A,10000,8.94,0,0.11,N,2
23,50000,RENT,5,PERSONAL,A,10000,8.94,0,0.2,N,2
23,62000,RENT,1,DEBTCONSOLIDATION,A,10000,8.94,0,0.16,N,2
23,149385,OWN,7,PERSONAL,A,7000,8.94,0,0.05,N,2
23,107000,RENT,2,DEBTCONSOLIDATION,A,4900,8.94,0,0.05,N,2
23,12000,RENT,0,MEDICAL,A,2100,8.94,1,0.17,N,2
23,12000,RENT,0,EDUCATION,A,2100,8.94,1,0.17,N,2
23,37500,RENT,0,PERSONAL,A,1800,8.94,0,0.05,N,2
23,78000,RENT,2,VENTURE,A,19000,8.9,0,0.24,N,2
23,120000,RENT,7,PERSONAL,A,18400,8.9,0,0.15,N,2
23,90000,RENT,0,EDUCATION,A,12000,8.9,0,0.13,N,2
23,23000,RENT,2,EDUCATION,A,8875,8.9,1,0.39,N,2
23,52000,MORTGAGE,7,EDUCATION,A,8400,8.9,0,0.16,N,2
23,80000,RENT,3,DEBTCONSOLIDATION,A,7200,8.9,0,0.09,N,2
23,47000,RENT,0,VENTURE,A,5000,8.9,0,0.11,N,2
23,62000,MORTGAGE,3,VENTURE,A,4000,8.9,0,0.06,N,2
23,22800,MORTGAGE,2,PERSONAL,A,3000,8.9,1,0.13,N,2
23,66500,MORTGAGE,0,DEBTCONSOLIDATION,B,22000,8.88,1,0.33,N,2
23,55000,RENT,2,MEDICAL,B,10800,8.88,0,0.2,N,2
23,36000,OWN,7,EDUCATION,B,6000,8.88,0,0.17,N,2
23,57500,RENT,1,VENTURE,B,4000,8.88,0,0.07,N,2
23,91200,MORTGAGE,7,DEBTCONSOLIDATION,B,3000,8.88,0,0.03,N,2
23,14088,RENT,2,MEDICAL,B,1500,8.88,0,0.11,N,2
23,31500,RENT,7,EDUCATION,B,1200,8.88,0,0.04,N,2
23,109200,MORTGAGE,4,VENTURE,A,10000,8.63,0,0.09,N,2
23,225000,RENT,8,DEBTCONSOLIDATION,A,7500,8.63,0,0.03,N,2
23,85000,MORTGAGE,7,DEBTCONSOLIDATION,A,7000,8.63,0,0.08,N,2
23,46800,MORTGAGE,4,PERSONAL,A,13000,8.59,0,0.28,N,2
23,57504,MORTGAGE,7,PERSONAL,A,10000,8.59,0,0.17,N,2
23,51852,MORTGAGE,0,MEDICAL,A,10000,8.59,0,0.19,N,2
23,36000,RENT,0,EDUCATION,A,10000,8.59,0,0.28,N,2
23,43000,MORTGAGE,3,DEBTCONSOLIDATION,A,9800,8.59,0,0.23,N,2
23,75000,MORTGAGE,4,EDUCATION,A,8000,8.59,0,0.11,N,2
23,55000,MORTGAGE,2,EDUCATION,A,7000,8.59,0,0.13,N,2
23,32000,OWN,2,VENTURE,A,6500,8.59,0,0.2,N,2
23,83600,RENT,7,DEBTCONSOLIDATION,A,15000,8.49,1,0.18,N,2
23,78000,MORTGAGE,4,PERSONAL,A,15000,8.49,0,0.19,N,2
23,70000,MORTGAGE,3,VENTURE,A,15000,8.49,0,0.21,N,2
23,100000,MORTGAGE,0,VENTURE,A,11000,8.49,0,0.11,N,2
23,80000,RENT,5,PERSONAL,A,10000,8.49,0,0.13,N,2
23,48000,RENT,3,DEBTCONSOLIDATION,A,8000,8.49,0,0.17,N,2
23,25000,OWN,5,MEDICAL,A,7200,8.49,0,0.29,N,2
23,75000,MORTGAGE,4,PERSONAL,A,7000,8.49,0,0.09,N,2
23,56000,RENT,4,PERSONAL,A,6200,8.49,0,0.11,N,2
23,82500,MORTGAGE,0,PERSONAL,A,5000,8.49,0,0.06,N,2
23,54000,RENT,5,HOMEIMPROVEMENT,A,4500,8.49,1,0.08,N,2
23,26000,RENT,3,MEDICAL,A,4500,8.49,1,0.17,N,2
23,50000,RENT,5,DEBTCONSOLIDATION,A,4375,8.49,0,0.09,N,2
23,48500,RENT,5,MEDICAL,A,3850,8.49,0,0.08,N,2
23,120000,RENT,3,VENTURE,A,3725,8.49,0,0.03,N,2
23,50000,RENT,1,DEBTCONSOLIDATION,A,3000,8.49,0,0.06,N,2
23,65000,MORTGAGE,0,PERSONAL,A,12800,8.38,0,0.2,N,2
23,136000,MORTGAGE,7,EDUCATION,A,8000,8.32,0,0.06,N,2
23,66480,OWN,6,EDUCATION,A,4000,8.32,0,0.06,N,2
23,33000,RENT,3,EDUCATION,A,1200,8.32,0,0.04,N,2
23,28989,MORTGAGE,0,EDUCATION,A,10000,8,0,0.34,N,2
23,125000,OTHER,4,EDUCATION,A,7500,8,0,0.06,N,2
23,60000,MORTGAGE,0,DEBTCONSOLIDATION,A,7500,8,0,0.13,N,2
23,42996,RENT,7,VENTURE,A,7200,8,0,0.17,N,2
23,44500,RENT,2,EDUCATION,A,7000,8,0,0.16,N,2
23,92000,RENT,0,PERSONAL,A,6500,8,0,0.07,N,2
23,75000,MORTGAGE,0,EDUCATION,A,6000,8,0,0.08,N,2
23,58500,MORTGAGE,6,MEDICAL,A,4000,8,0,0.07,N,2
23,69996,MORTGAGE,4,VENTURE,A,4000,8,0,0.06,N,2
23,48562,RENT,4,VENTURE,A,3500,8,0,0.07,N,2
23,26000,MORTGAGE,7,MEDICAL,A,5000,7.91,0,0.19,N,2
23,95000,MORTGAGE,7,EDUCATION,A,35000,7.9,0,0.37,N,2
23,95000,RENT,2,VENTURE,A,35000,7.9,1,0.37,N,2
23,75000,MORTGAGE,5,EDUCATION,A,31825,7.9,0,0.42,N,2
23,65000,RENT,2,EDUCATION,A,28000,7.9,1,0.43,N,2
23,63000,MORTGAGE,7,EDUCATION,A,20000,7.9,0,0.32,N,2
23,60000,RENT,7,MEDICAL,A,20000,7.9,1,0.33,N,2
23,32000,RENT,5,MEDICAL,A,14125,7.9,1,0.44,N,2
23,70000,RENT,3,VENTURE,A,12000,7.9,0,0.17,N,2
23,70000,RENT,3,EDUCATION,A,12000,7.9,0,0.17,N,2
23,25000,RENT,1,PERSONAL,A,7100,7.9,0,0.28,N,2
23,33000,RENT,2,VENTURE,A,7000,7.9,0,0.21,N,2
23,72000,RENT,0,MEDICAL,A,7000,7.9,0,0.1,N,2
23,27000,OWN,4,VENTURE,A,6400,7.9,0,0.24,N,2
23,16000,OWN,7,MEDICAL,A,6000,7.9,1,0.38,N,2
23,25200,RENT,1,EDUCATION,A,5500,7.9,0,0.22,N,2
23,48000,RENT,6,EDUCATION,A,4800,7.9,0,0.1,N,2
23,41000,RENT,7,PERSONAL,A,4700,7.9,0,0.11,N,2
23,26400,RENT,7,EDUCATION,A,3800,7.9,0,0.14,N,2
23,60000,RENT,4,VENTURE,A,3600,7.9,0,0.06,N,2
23,20400,RENT,2,MEDICAL,A,1200,7.9,0,0.06,N,2
23,20400,RENT,2,MEDICAL,A,1200,7.9,0,0.06,N,2
23,36000,OWN,,VENTURE,A,18000,7.88,0,0.5,N,2
23,60000,MORTGAGE,7,EDUCATION,A,12000,7.88,0,0.2,N,2
23,60000,RENT,0,PERSONAL,A,12000,7.88,0,0.2,N,2
23,42000,MORTGAGE,0,DEBTCONSOLIDATION,A,11000,7.88,0,0.26,N,2
23,72000,RENT,3,MEDICAL,A,10800,7.88,0,0.15,N,2
23,72000,RENT,3,EDUCATION,A,10800,7.88,0,0.15,N,2
23,120000,MORTGAGE,8,MEDICAL,A,10000,7.88,0,0.08,N,2
23,110000,RENT,5,DEBTCONSOLIDATION,A,10000,7.88,0,0.09,N,2
23,58000,RENT,2,DEBTCONSOLIDATION,A,10000,7.88,0,0.17,N,2
23,41000,RENT,5,EDUCATION,A,9500,7.88,0,0.23,N,2
23,30000,MORTGAGE,2,VENTURE,A,8000,7.88,0,0.27,N,2
23,78000,MORTGAGE,7,EDUCATION,A,6150,7.88,0,0.08,N,2
23,77004,MORTGAGE,7,VENTURE,A,6000,7.88,0,0.08,N,2
23,69000,RENT,7,MEDICAL,A,6000,7.88,0,0.09,N,2
23,39600,MORTGAGE,7,MEDICAL,A,6000,7.88,0,0.15,N,2
23,29000,MORTGAGE,7,PERSONAL,A,6000,7.88,1,0.21,N,2
23,66000,MORTGAGE,3,VENTURE,A,6000,7.88,0,0.09,N,2
23,30000,RENT,5,EDUCATION,A,5900,7.88,0,0.2,N,2
23,65000,MORTGAGE,7,EDUCATION,A,5500,7.88,0,0.08,N,2
23,106000,RENT,7,EDUCATION,A,5000,7.88,0,0.05,N,2
23,38004,RENT,2,EDUCATION,A,4500,7.88,0,0.12,N,2
23,42000,RENT,1,MEDICAL,A,4100,7.88,0,0.1,N,2
23,79000,MORTGAGE,2,EDUCATION,A,3200,7.88,0,0.04,N,2
23,99000,MORTGAGE,8,EDUCATION,A,1800,7.88,0,0.02,N,2
23,65000,MORTGAGE,7,EDUCATION,A,4000,7.75,0,0.06,N,2
23,57600,RENT,1,DEBTCONSOLIDATION,A,4000,7.75,0,0.07,N,2
23,80000,MORTGAGE,7,MEDICAL,A,10000,7.74,0,0.13,N,2
23,130008,MORTGAGE,0,MEDICAL,A,9000,7.74,0,0.07,N,2
23,95327,OWN,4,VENTURE,A,4325,7.74,0,0.05,N,2
23,40000,RENT,1,PERSONAL,A,6000,7.68,0,0.15,N,2
23,36300,RENT,0,VENTURE,A,4000,7.68,0,0.11,N,2
23,18460,RENT,0,PERSONAL,A,2775,7.68,0,0.15,N,2
23,32000,MORTGAGE,4,EDUCATION,A,1200,7.68,0,0.04,N,2
23,160000,MORTGAGE,5,PERSONAL,A,35000,7.66,0,0.22,N,2
23,82000,RENT,3,VENTURE,A,14400,7.66,0,0.18,N,2
23,33000,RENT,0,DEBTCONSOLIDATION,A,11000,7.66,1,0.33,N,2
23,42000,MORTGAGE,7,EDUCATION,A,10500,7.66,1,0.25,N,2
23,100000,MORTGAGE,8,VENTURE,A,10000,7.66,0,0.1,N,2
23,107500,RENT,7,MEDICAL,A,10000,7.66,0,0.09,N,2
23,74400,MORTGAGE,3,HOMEIMPROVEMENT,A,9000,7.66,1,0.12,N,2
23,60000,RENT,4,PERSONAL,A,7500,7.66,0,0.13,N,2
23,29376,RENT,3,VENTURE,A,5950,7.66,0,0.2,N,2
23,78000,MORTGAGE,7,EDUCATION,A,4600,7.66,0,0.06,N,2
23,37200,MORTGAGE,7,DEBTCONSOLIDATION,A,4000,7.66,1,0.11,N,2
23,60000,MORTGAGE,3,MEDICAL,A,4000,7.66,0,0.07,N,2
23,70000,RENT,4,PERSONAL,A,2000,7.66,0,0.03,N,2
23,119500,MORTGAGE,4,PERSONAL,A,24000,7.51,0,0.2,N,2
23,52000,MORTGAGE,7,EDUCATION,A,22000,7.51,0,0.42,N,2
23,73000,RENT,7,EDUCATION,A,15000,7.51,1,0.21,N,2
23,97600,MORTGAGE,7,MEDICAL,A,14500,7.51,0,0.15,N,2
23,48000,MORTGAGE,8,VENTURE,A,10500,7.51,0,0.22,N,2
23,70000,MORTGAGE,,EDUCATION,A,10500,7.51,0,0.15,N,2
23,88000,MORTGAGE,8,EDUCATION,A,10000,7.51,0,0.11,N,2
23,39000,MORTGAGE,8,EDUCATION,A,10000,7.51,0,0.26,N,2
23,71496,RENT,7,EDUCATION,A,10000,7.51,0,0.14,N,2
23,90000,RENT,4,VENTURE,A,10000,7.51,0,0.11,N,2
23,31000,RENT,0,MEDICAL,A,10000,7.51,1,0.32,N,2
23,65000,RENT,0,VENTURE,A,9975,7.51,0,0.15,N,2
23,44000,RENT,7,EDUCATION,A,9800,7.51,1,0.22,N,2
23,80400,RENT,4,PERSONAL,A,9000,7.51,0,0.11,N,2
23,26976,RENT,4,EDUCATION,A,9000,7.51,1,0.33,N,2
23,57996,MORTGAGE,5,EDUCATION,A,8800,7.51,0,0.15,N,2
23,35808,MORTGAGE,3,EDUCATION,A,8700,7.51,0,0.24,N,2
23,50400,MORTGAGE,7,EDUCATION,A,8375,7.51,0,0.17,N,2
23,52780,MORTGAGE,2,PERSONAL,A,8000,7.51,0,0.15,N,2
23,36000,RENT,2,MEDICAL,A,8000,7.51,1,0.22,N,2
23,60000,MORTGAGE,0,PERSONAL,A,8000,7.51,0,0.13,N,2
23,36000,RENT,0,EDUCATION,A,8000,7.51,0,0.22,N,2
23,55000,MORTGAGE,3,PERSONAL,A,7500,7.51,0,0.14,N,2
23,33000,RENT,0,EDUCATION,A,6500,7.51,0,0.2,N,2
23,72000,MORTGAGE,7,EDUCATION,A,6400,7.51,0,0.09,N,2
23,70000,MORTGAGE,7,PERSONAL,A,6000,7.51,0,0.09,N,2
23,25000,RENT,7,VENTURE,A,6000,7.51,0,0.24,N,2
23,102000,MORTGAGE,2,PERSONAL,A,6000,7.51,0,0.06,N,2
23,96000,MORTGAGE,7,DEBTCONSOLIDATION,A,5000,7.51,0,0.05,N,2
23,41000,RENT,2,EDUCATION,A,5000,7.51,0,0.12,N,2
23,40000,MORTGAGE,7,MEDICAL,A,4000,7.51,0,0.1,N,2
23,59000,MORTGAGE,7,PERSONAL,A,3600,7.51,0,0.06,N,2
23,44000,MORTGAGE,4,EDUCATION,A,3200,7.51,0,0.07,N,2
23,48000,MORTGAGE,0,EDUCATION,A,3200,7.51,0,0.07,N,2
23,60000,RENT,1,DEBTCONSOLIDATION,A,3000,7.51,0,0.05,N,2
23,35000,RENT,0,DEBTCONSOLIDATION,A,2500,7.51,0,0.07,N,2
23,22000,RENT,0,VENTURE,A,2500,7.51,0,0.11,N,2
23,35292,MORTGAGE,7,EDUCATION,A,2100,7.51,0,0.06,N,2
23,42806,MORTGAGE,7,EDUCATION,A,1000,7.51,0,0.02,N,2
23,113000,MORTGAGE,2,VENTURE,A,22400,7.49,0,0.2,N,2
23,54000,RENT,7,PERSONAL,A,20375,7.49,1,0.38,N,2
23,72000,MORTGAGE,7,EDUCATION,A,20000,7.49,0,0.28,N,2
23,85000,RENT,0,MEDICAL,A,20000,7.49,0,0.24,N,2
23,62000,RENT,7,VENTURE,A,16000,7.49,0,0.26,N,2
23,71000,RENT,7,MEDICAL,A,11300,7.49,0,0.16,N,2
23,65000,MORTGAGE,7,EDUCATION,A,10000,7.49,0,0.15,N,2
23,30000,RENT,3,DEBTCONSOLIDATION,A,10000,7.49,1,0.33,N,2
23,78204,RENT,0,EDUCATION,A,10000,7.49,0,0.13,N,2
23,55000,RENT,7,VENTURE,A,9600,7.49,0,0.17,N,2
23,55000,MORTGAGE,4,VENTURE,A,8000,7.49,0,0.15,N,2
23,63000,MORTGAGE,8,EDUCATION,A,7300,7.49,0,0.12,N,2
23,144000,OWN,1,VENTURE,A,6800,7.49,0,0.05,N,2
23,34800,RENT,6,VENTURE,A,6600,7.49,0,0.19,N,2
23,128000,MORTGAGE,7,EDUCATION,A,6000,7.49,0,0.05,N,2
23,70000,RENT,4,EDUCATION,A,6000,7.49,0,0.09,N,2
23,28800,MORTGAGE,0,MEDICAL,A,6000,7.49,0,0.21,N,2
23,67000,MORTGAGE,2,DEBTCONSOLIDATION,A,5600,7.49,0,0.08,N,2
23,24000,OWN,7,EDUCATION,A,5000,7.49,0,0.21,N,2
23,69000,RENT,4,PERSONAL,A,5000,7.49,1,0.07,N,2
23,48600,OWN,2,MEDICAL,A,5000,7.49,0,0.1,N,2
23,36100,RENT,2,DEBTCONSOLIDATION,A,5000,7.49,0,0.14,N,2
23,92000,MORTGAGE,7,EDUCATION,A,4800,7.49,0,0.05,N,2
23,30000,RENT,2,VENTURE,A,3000,7.49,0,0.1,N,2
23,150600,MORTGAGE,3,EDUCATION,A,2400,7.49,0,0.02,N,2
23,50000,OWN,7,VENTURE,A,2050,7.49,0,0.04,N,2
23,22000,MORTGAGE,5,DEBTCONSOLIDATION,A,1550,7.49,1,0.07,N,2
23,200000,MORTGAGE,0,EDUCATION,A,5000,7.43,0,0.03,N,2
23,72000,RENT,7,PERSONAL,A,3000,7.43,0,0.04,N,2
23,26400,RENT,0,MEDICAL,A,7000,7.4,0,0.27,N,2
23,50000,RENT,7,DEBTCONSOLIDATION,A,5000,7.4,0,0.1,N,2
23,30000,MORTGAGE,5,MEDICAL,A,1000,7.4,0,0.03,N,2
23,50129,MORTGAGE,7,VENTURE,A,11400,7.29,0,0.23,N,2
23,34000,OWN,7,VENTURE,A,10950,7.29,0,0.32,N,2
23,34000,OWN,7,EDUCATION,A,10950,7.29,0,0.32,N,2
23,45756,RENT,8,MEDICAL,A,10000,7.29,0,0.22,N,2
23,48000,RENT,1,DEBTCONSOLIDATION,A,10000,7.29,0,0.21,N,2
23,48152,MORTGAGE,7,MEDICAL,A,9500,7.29,0,0.2,N,2
23,78000,RENT,7,DEBTCONSOLIDATION,A,8100,7.29,0,0.1,N,2
23,78000,RENT,7,MEDICAL,A,8100,7.29,0,0.1,N,2
23,24000,RENT,7,PERSONAL,A,8000,7.29,1,0.33,N,2
23,30280,MORTGAGE,5,EDUCATION,A,5800,7.29,0,0.19,N,2
23,60000,RENT,1,PERSONAL,A,5600,7.29,0,0.09,N,2
23,106000,MORTGAGE,7,EDUCATION,A,10000,7.14,0,0.09,N,2
23,51000,MORTGAGE,7,MEDICAL,A,10000,7.14,0,0.2,N,2
23,60000,RENT,5,DEBTCONSOLIDATION,A,10000,7.14,0,0.17,N,2
23,60000,RENT,5,MEDICAL,A,10000,7.14,0,0.17,N,2
23,40800,MORTGAGE,3,MEDICAL,A,10000,7.14,0,0.25,N,2
23,140000,RENT,7,VENTURE,A,9000,7.14,0,0.06,N,2
23,57000,RENT,1,PERSONAL,A,9000,7.14,0,0.16,N,2
23,85000,MORTGAGE,5,EDUCATION,A,8000,7.14,0,0.09,N,2
23,57996,RENT,5,DEBTCONSOLIDATION,A,8000,7.14,0,0.14,N,2
23,80000,RENT,1,VENTURE,A,7000,7.14,0,0.09,N,2
23,70200,MORTGAGE,3,MEDICAL,A,5000,7.14,0,0.07,N,2
23,58000,MORTGAGE,3,DEBTCONSOLIDATION,A,5000,7.14,0,0.09,N,2
23,59000,RENT,5,DEBTCONSOLIDATION,A,3000,7.14,0,0.05,N,2
23,51000,RENT,0,DEBTCONSOLIDATION,A,1000,7.14,0,0.02,N,2
23,75000,MORTGAGE,7,EDUCATION,A,8000,7.05,0,0.11,N,2
23,132000,MORTGAGE,5,PERSONAL,A,15000,6.99,0,0.11,N,2
23,72000,OWN,,PERSONAL,A,15000,6.99,0,0.21,N,2
23,61000,MORTGAGE,,PERSONAL,A,10000,6.99,0,0.16,N,2
23,33600,MORTGAGE,8,PERSONAL,A,8000,6.99,0,0.24,N,2
23,20004,MORTGAGE,6,PERSONAL,A,7125,6.99,0,0.36,N,2
23,35000,RENT,5,PERSONAL,A,5000,6.99,0,0.14,N,2
23,46800,MORTGAGE,,PERSONAL,A,5000,6.99,0,0.11,N,2
23,90000,MORTGAGE,7,VENTURE,A,4900,6.99,0,0.05,N,2
23,55000,RENT,2,EDUCATION,A,3000,6.99,0,0.05,N,2
23,110000,MORTGAGE,4,VENTURE,A,2500,6.99,0,0.02,N,2
23,22800,RENT,5,DEBTCONSOLIDATION,A,1775,6.99,0,0.08,N,2
23,30000,RENT,8,EDUCATION,A,10625,6.92,1,0.35,N,2
23,75000,OWN,5,VENTURE,A,10000,6.92,0,0.13,N,2
23,50000,RENT,0,EDUCATION,A,10000,6.92,0,0.2,N,2
23,150000,MORTGAGE,7,DEBTCONSOLIDATION,A,9600,6.92,0,0.06,N,2
23,92000,RENT,7,EDUCATION,A,9000,6.92,0,0.1,N,2
23,93000,RENT,1,DEBTCONSOLIDATION,A,7200,6.92,0,0.08,N,2
23,83236,RENT,6,EDUCATION,A,7000,6.92,0,0.08,N,2
23,84000,MORTGAGE,4,DEBTCONSOLIDATION,A,7000,6.92,0,0.08,N,2
23,50000,MORTGAGE,3,PERSONAL,A,6000,6.92,0,0.12,N,2
23,145596,MORTGAGE,0,DEBTCONSOLIDATION,A,4700,6.92,0,0.03,N,2
23,34884,RENT,3,EDUCATION,A,2000,6.92,0,0.06,N,2
23,86250,MORTGAGE,5,VENTURE,A,20000,6.91,0,0.23,N,2
23,112976,MORTGAGE,2,MEDICAL,A,20000,6.91,0,0.18,N,2
23,48000,RENT,5,EDUCATION,A,15000,6.91,1,0.31,N,2
23,75000,RENT,6,DEBTCONSOLIDATION,A,13000,6.91,0,0.17,N,2
23,60000,MORTGAGE,4,EDUCATION,A,13000,6.91,0,0.22,N,2
23,62471,MORTGAGE,,EDUCATION,A,12000,6.91,0,0.19,N,2
23,72000,RENT,3,PERSONAL,A,10000,6.91,0,0.14,N,2
23,57500,RENT,5,EDUCATION,A,9000,6.91,0,0.16,N,2
23,150000,MORTGAGE,7,MEDICAL,A,8000,6.91,0,0.05,N,2
23,21000,RENT,6,EDUCATION,A,7500,6.91,1,0.36,N,2
23,50000,RENT,3,VENTURE,A,6400,6.91,0,0.13,N,2
23,110000,MORTGAGE,7,VENTURE,A,5000,6.91,0,0.05,N,2
23,38004,RENT,5,VENTURE,A,5000,6.91,0,0.13,N,2
23,50000,RENT,0,EDUCATION,A,3000,6.91,0,0.06,N,2
23,25000,RENT,0,PERSONAL,A,2500,6.91,0,0.1,N,2
23,72000,MORTGAGE,7,VENTURE,A,9000,6.76,0,0.13,N,2
23,72000,MORTGAGE,7,VENTURE,A,9000,6.76,0,0.13,N,2
23,65000,MORTGAGE,7,VENTURE,A,6250,6.76,0,0.1,N,2
23,67000,OWN,1,VENTURE,A,3250,6.76,0,0.05,N,2
23,79000,MORTGAGE,7,EDUCATION,A,17825,6.62,0,0.23,N,2
23,44004,OWN,7,MEDICAL,A,17000,6.62,0,0.39,N,2
23,44004,OWN,7,EDUCATION,A,17000,6.62,0,0.39,N,2
23,97000,MORTGAGE,4,DEBTCONSOLIDATION,A,16000,6.62,0,0.16,N,2
23,78000,MORTGAGE,0,MEDICAL,A,10000,6.62,0,0.13,N,2
23,21600,RENT,5,VENTURE,A,7000,6.62,1,0.32,N,2
23,33000,RENT,0,EDUCATION,A,7000,6.62,0,0.21,N,2
23,70000,RENT,8,DEBTCONSOLIDATION,A,6725,6.62,0,0.1,N,2
23,70000,RENT,8,VENTURE,A,6725,6.62,0,0.1,N,2
23,66000,MORTGAGE,5,VENTURE,A,6000,6.62,0,0.09,N,2
23,24000,RENT,4,DEBTCONSOLIDATION,A,5000,6.62,0,0.21,N,2
23,30000,OWN,1,PERSONAL,A,5000,6.62,0,0.17,N,2
23,31164,MORTGAGE,7,DEBTCONSOLIDATION,A,4500,6.62,0,0.14,N,2
23,30000,MORTGAGE,8,VENTURE,A,4375,6.62,0,0.15,N,2
23,130104,MORTGAGE,7,VENTURE,A,24000,6.54,0,0.18,N,2
23,53352,RENT,3,VENTURE,A,17500,6.54,1,0.33,N,2
23,52000,RENT,7,VENTURE,A,10000,6.54,0,0.19,N,2
23,59000,RENT,7,EDUCATION,A,7500,6.54,0,0.13,N,2
23,60000,MORTGAGE,6,PERSONAL,A,7000,6.54,0,0.12,N,2
23,75800,RENT,0,PERSONAL,A,7000,6.54,0,0.09,N,2
23,19200,OWN,,PERSONAL,A,6000,6.54,1,0.31,N,2
23,17004,RENT,3,MEDICAL,A,5000,6.54,1,0.29,N,2
23,33000,RENT,0,DEBTCONSOLIDATION,A,3725,6.54,0,0.11,N,2
23,34800,RENT,7,EDUCATION,A,2500,6.39,0,0.07,N,2
23,70000,MORTGAGE,7,EDUCATION,A,20000,6.17,0,0.29,N,2
23,100000,MORTGAGE,8,PERSONAL,A,16000,6.17,0,0.16,N,2
23,38400,RENT,7,EDUCATION,A,15000,6.17,1,0.39,N,2
23,55000,MORTGAGE,5,PERSONAL,A,15000,6.17,0,0.27,N,2
23,60000,RENT,2,MEDICAL,A,9000,6.17,0,0.15,N,2
23,60000,RENT,2,VENTURE,A,9000,6.17,0,0.15,N,2
23,75000,OWN,8,EDUCATION,A,8000,6.17,0,0.11,N,2
23,75000,OWN,8,VENTURE,A,8000,6.17,0,0.11,N,2
23,38000,RENT,0,MEDICAL,A,8000,6.17,0,0.21,N,2
23,36000,RENT,,DEBTCONSOLIDATION,A,5000,6.17,0,0.14,N,2
23,23136,RENT,,EDUCATION,A,4800,6.17,0,0.21,N,2
23,30000,RENT,0,VENTURE,A,3600,6.17,0,0.12,N,2
23,84000,MORTGAGE,7,EDUCATION,A,16000,6.03,0,0.19,N,2
23,67200,MORTGAGE,7,VENTURE,A,16000,6.03,0,0.24,N,2
23,143000,RENT,2,MEDICAL,A,16000,6.03,0,0.11,N,2
23,86000,MORTGAGE,2,PERSONAL,A,15000,6.03,0,0.17,N,2
23,48000,RENT,3,PERSONAL,A,12000,6.03,0,0.25,N,2
23,75000,MORTGAGE,7,PERSONAL,A,10200,6.03,0,0.14,N,2
23,28000,RENT,0,EDUCATION,A,8700,6.03,1,0.31,N,2
23,56000,MORTGAGE,7,VENTURE,A,7200,6.03,0,0.13,N,2
23,35000,RENT,5,DEBTCONSOLIDATION,A,7000,6.03,0,0.2,N,2
23,124000,RENT,3,DEBTCONSOLIDATION,A,6800,6.03,0,0.05,N,2
23,42000,OWN,5,VENTURE,A,6500,6.03,0,0.15,N,2
23,100000,RENT,5,EDUCATION,A,5000,6.03,0,0.05,N,2
23,51000,MORTGAGE,5,DEBTCONSOLIDATION,A,4000,6.03,0,0.08,N,2
23,75000,RENT,2,DEBTCONSOLIDATION,A,3700,6.03,0,0.05,N,2
23,84554,MORTGAGE,3,DEBTCONSOLIDATION,A,3600,6.03,0,0.04,N,2
23,64000,MORTGAGE,7,EDUCATION,A,2100,6.03,0,0.03,N,2
23,40000,RENT,2,EDUCATION,A,1000,6.03,0,0.03,N,2
23,42000,MORTGAGE,8,MEDICAL,B,7600,6,0,0.18,N,2
23,144000,MORTGAGE,7,PERSONAL,A,10000,5.99,0,0.07,N,2
23,84000,RENT,7,DEBTCONSOLIDATION,A,10000,5.99,0,0.12,N,2
23,56000,MORTGAGE,4,VENTURE,A,6000,5.99,0,0.11,N,2
23,47000,MORTGAGE,1,VENTURE,A,6000,5.99,0,0.13,N,2
23,18000,OWN,3,EDUCATION,A,4000,5.99,1,0.22,N,2
23,50000,MORTGAGE,5,VENTURE,A,3600,5.99,0,0.07,N,2
23,30000,RENT,3,PERSONAL,A,3600,5.99,0,0.12,N,2
23,77000,OWN,3,VENTURE,A,3500,5.99,0,0.05,N,2
23,66000,RENT,3,EDUCATION,A,3000,5.99,0,0.05,N,2
23,52000,RENT,0,EDUCATION,A,3000,5.99,0,0.06,N,2
23,50004,MORTGAGE,7,EDUCATION,A,2700,5.99,0,0.05,N,2
23,28000,MORTGAGE,5,MEDICAL,A,2500,5.99,0,0.09,N,2
23,32000,MORTGAGE,4,EDUCATION,A,2000,5.99,0,0.06,N,2
23,62000,RENT,8,DEBTCONSOLIDATION,A,12000,5.79,0,0.19,N,2
23,35000,RENT,1,EDUCATION,A,10000,5.79,0,0.29,N,2
23,67000,MORTGAGE,3,DEBTCONSOLIDATION,A,9250,5.79,0,0.14,N,2
23,71000,MORTGAGE,7,VENTURE,A,8500,5.79,0,0.12,N,2
23,113000,MORTGAGE,7,EDUCATION,A,8000,5.79,0,0.07,N,2
23,45378,MORTGAGE,7,PERSONAL,A,6000,5.79,0,0.13,N,2
23,50000,RENT,4,DEBTCONSOLIDATION,A,6000,5.79,0,0.12,N,2
23,22800,MORTGAGE,3,PERSONAL,A,4800,5.79,0,0.21,N,2
23,129600,OWN,7,PERSONAL,A,13500,5.42,0,0.1,N,2
23,56700,MORTGAGE,7,EDUCATION,A,12000,5.42,0,0.21,N,2
23,56700,MORTGAGE,7,VENTURE,A,12000,5.42,0,0.21,N,2
23,39520,RENT,8,PERSONAL,A,11000,5.42,0,0.28,N,2
23,96060,MORTGAGE,7,MEDICAL,A,10000,5.42,0,0.1,N,2
23,46450,MORTGAGE,6,EDUCATION,A,10000,5.42,0,0.22,N,2
23,40000,OWN,,VENTURE,A,7500,5.42,0,0.19,N,2
23,36000,MORTGAGE,7,PERSONAL,A,7200,5.42,0,0.2,N,2
23,35352,MORTGAGE,,EDUCATION,A,6500,5.42,0,0.18,N,2
23,51000,OWN,7,VENTURE,A,6000,5.42,0,0.12,N,2
23,42000,OWN,0,PERSONAL,A,6000,5.42,0,0.14,N,2
23,130000,MORTGAGE,,MEDICAL,A,6000,5.42,0,0.05,N,2
23,80000,MORTGAGE,3,VENTURE,A,5500,5.42,0,0.07,N,2
23,35000,OWN,2,VENTURE,A,5500,5.42,0,0.16,N,2
23,36000,OWN,,EDUCATION,A,5500,5.42,0,0.15,N,2
23,80000,RENT,6,PERSONAL,A,5000,5.42,0,0.06,N,2
23,85000,MORTGAGE,2,EDUCATION,A,5000,5.42,0,0.06,N,2
23,65000,RENT,2,VENTURE,A,5000,5.42,0,0.08,N,2
23,96000,MORTGAGE,7,EDUCATION,A,4000,5.42,0,0.04,N,2
23,57600,MORTGAGE,6,DEBTCONSOLIDATION,A,4000,5.42,0,0.07,N,2
23,92000,RENT,2,EDUCATION,A,4000,5.42,0,0.04,N,2
23,50000,RENT,1,MEDICAL,A,4000,5.42,0,0.08,N,2
23,28800,RENT,0,EDUCATION,A,4000,5.42,0,0.14,N,2
23,55000,MORTGAGE,7,DEBTCONSOLIDATION,A,3850,5.42,0,0.07,N,2
23,70000,MORTGAGE,7,DEBTCONSOLIDATION,A,3500,5.42,0,0.05,N,2
23,49000,MORTGAGE,5,EDUCATION,A,3500,5.42,0,0.07,N,2
23,70000,RENT,1,VENTURE,A,3500,5.42,0,0.05,N,2
23,54000,MORTGAGE,8,VENTURE,A,3000,5.42,0,0.06,N,2
23,35000,MORTGAGE,7,VENTURE,A,2100,5.42,0,0.06,N,2
23,59000,MORTGAGE,7,VENTURE,A,2000,5.42,0,0.03,N,2
23,54000,MORTGAGE,7,PERSONAL,A,2000,5.42,0,0.04,N,2
23,112800,MORTGAGE,3,EDUCATION,B,35000,,0,0.31,N,2
23,200000,MORTGAGE,7,EDUCATION,A,28000,,0,0.14,N,2
23,124800,MORTGAGE,4,MEDICAL,B,28000,,0,0.22,N,2
23,74000,MORTGAGE,5,DEBTCONSOLIDATION,D,25975,,1,0.35,N,2
23,78000,RENT,7,DEBTCONSOLIDATION,C,25000,,1,0.32,Y,2
23,90100,MORTGAGE,7,MEDICAL,E,21600,,1,0.2,Y,2
23,83000,RENT,7,DEBTCONSOLIDATION,C,20000,,1,0.24,N,2
23,110000,RENT,2,VENTURE,B,20000,,0,0.18,N,2
23,72000,MORTGAGE,5,EDUCATION,F,19000,,1,0.26,Y,2
23,82000,RENT,7,MEDICAL,A,18000,,0,0.22,N,2
23,73500,RENT,7,EDUCATION,A,18000,,0,0.24,N,2
23,74000,MORTGAGE,0,DEBTCONSOLIDATION,B,17500,,0,0.24,N,2
23,65500,MORTGAGE,3,PERSONAL,B,16800,,0,0.26,N,2
23,103000,MORTGAGE,0,DEBTCONSOLIDATION,D,16750,,1,0.16,N,2
23,80000,RENT,6,EDUCATION,A,16000,,0,0.2,N,2
23,78000,MORTGAGE,4,PERSONAL,B,15250,,1,0.2,N,2
23,121000,RENT,7,MEDICAL,B,15000,,0,0.12,N,2
23,54996,MORTGAGE,7,DEBTCONSOLIDATION,B,15000,,0,0.27,N,2
23,100000,OTHER,1,EDUCATION,B,15000,,0,0.15,N,2
23,38800,RENT,2,EDUCATION,A,14575,,1,0.38,N,2
23,124896,MORTGAGE,5,VENTURE,B,14400,,0,0.12,N,2
23,82000,MORTGAGE,0,MEDICAL,A,14400,,0,0.18,N,2
23,48000,MORTGAGE,7,VENTURE,A,14125,,0,0.29,N,2
23,54000,MORTGAGE,1,EDUCATION,C,13650,,0,0.25,Y,2
23,44248,RENT,,EDUCATION,A,13200,,0,0.3,N,2
23,76000,RENT,3,MEDICAL,C,13000,,0,0.17,Y,2
23,58200,MORTGAGE,2,DEBTCONSOLIDATION,B,13000,,0,0.22,N,2
23,30000,MORTGAGE,0,VENTURE,B,13000,,0,0.43,N,2
23,70000,RENT,0,VENTURE,A,12700,,0,0.18,N,2
23,39000,RENT,7,MEDICAL,A,12300,,1,0.32,N,2
23,55000,RENT,0,VENTURE,C,12300,,0,0.22,N,2
23,88000,MORTGAGE,7,MEDICAL,C,12000,,0,0.14,Y,2
23,70000,RENT,4,MEDICAL,A,12000,,0,0.17,N,2
23,96000,OTHER,3,EDUCATION,E,12000,,0,0.13,Y,2
23,85000,RENT,3,MEDICAL,A,12000,,0,0.14,N,2
23,63250,RENT,1,EDUCATION,B,12000,,0,0.19,N,2
23,39500,RENT,7,MEDICAL,A,11000,,0,0.28,N,2
23,54996,RENT,2,MEDICAL,C,11000,,0,0.2,N,2
23,37440,RENT,0,VENTURE,B,11000,,0,0.29,N,2
23,28800,MORTGAGE,,MEDICAL,A,10625,,0,0.37,N,2
23,51000,RENT,4,DEBTCONSOLIDATION,A,10400,,0,0.2,N,2
23,39996,RENT,8,MEDICAL,B,10000,,0,0.25,N,2
23,80000,MORTGAGE,7,EDUCATION,B,10000,,0,0.13,N,2
23,74000,MORTGAGE,7,EDUCATION,B,10000,,0,0.14,N,2
23,70872,RENT,7,DEBTCONSOLIDATION,C,10000,,0,0.14,N,2
23,50000,RENT,7,MEDICAL,A,10000,,0,0.2,N,2
23,40000,RENT,7,EDUCATION,C,10000,,0,0.25,N,2
23,27996,RENT,7,DEBTCONSOLIDATION,A,10000,,1,0.36,N,2
23,108000,MORTGAGE,5,DEBTCONSOLIDATION,D,10000,,1,0.09,Y,2
23,27000,RENT,5,MEDICAL,B,10000,,1,0.37,N,2
23,114000,MORTGAGE,4,PERSONAL,B,10000,,0,0.09,N,2
23,42000,RENT,4,VENTURE,C,10000,,0,0.24,N,2
23,60000,RENT,3,EDUCATION,E,10000,,0,0.17,N,2
23,62000,MORTGAGE,2,PERSONAL,A,10000,,0,0.16,N,2
23,50000,RENT,0,DEBTCONSOLIDATION,A,10000,,0,0.2,N,2
23,120000,MORTGAGE,,VENTURE,A,10000,,0,0.08,N,2
23,120000,MORTGAGE,,PERSONAL,A,10000,,0,0.08,N,2
23,56500,MORTGAGE,7,MEDICAL,A,9800,,0,0.17,N,2
23,110000,MORTGAGE,7,PERSONAL,D,9600,,0,0.09,Y,2
23,82000,MORTGAGE,7,PERSONAL,D,9000,,0,0.11,Y,2
23,88000,RENT,5,MEDICAL,B,9000,,0,0.1,N,2
23,61200,MORTGAGE,2,VENTURE,A,9000,,0,0.15,N,2
23,50000,MORTGAGE,1,PERSONAL,A,9000,,0,0.18,N,2
23,49029,RENT,1,MEDICAL,A,9000,,1,0.18,N,2
23,66200,RENT,5,PERSONAL,A,8500,,0,0.13,N,2
23,30000,RENT,1,MEDICAL,A,8400,,1,0.28,N,2
23,120000,MORTGAGE,7,HOMEIMPROVEMENT,D,8000,,1,0.07,Y,2
23,48000,RENT,5,VENTURE,B,8000,,0,0.17,N,2
23,36000,RENT,5,VENTURE,B,8000,,0,0.22,N,2
23,36000,RENT,5,VENTURE,B,8000,,0,0.22,N,2
23,54500,RENT,2,DEBTCONSOLIDATION,A,8000,,0,0.15,N,2
23,73426,MORTGAGE,0,EDUCATION,C,7500,,0,0.1,N,2
23,73426,MORTGAGE,0,DEBTCONSOLIDATION,C,7500,,0,0.1,Y,2
23,39975,RENT,0,PERSONAL,C,7500,,0,0.19,Y,2
23,38000,RENT,1,MEDICAL,A,7300,,0,0.19,N,2
23,60000,MORTGAGE,7,DEBTCONSOLIDATION,A,7200,,0,0.12,N,2
23,57996,MORTGAGE,7,DEBTCONSOLIDATION,A,7200,,0,0.12,N,2
23,41496,OWN,4,VENTURE,E,7200,,0,0.17,N,2
23,50000,RENT,8,VENTURE,A,7000,,0,0.14,N,2
23,57000,MORTGAGE,6,PERSONAL,A,7000,,0,0.12,N,2
23,62100,RENT,3,MEDICAL,B,7000,,0,0.11,N,2
23,65000,RENT,8,PERSONAL,A,6200,,0,0.1,N,2
23,83954,RENT,7,EDUCATION,A,6000,,0,0.07,N,2
23,68686,MORTGAGE,7,DEBTCONSOLIDATION,A,6000,,0,0.09,N,2
23,40000,MORTGAGE,4,PERSONAL,B,6000,,0,0.15,N,2
23,46500,OWN,2,DEBTCONSOLIDATION,D,6000,,0,0.13,Y,2
23,60000,RENT,1,DEBTCONSOLIDATION,A,6000,,0,0.1,N,2
23,35004,RENT,1,EDUCATION,B,6000,,0,0.17,N,2
23,24000,RENT,0,DEBTCONSOLIDATION,B,6000,,0,0.25,N,2
23,66500,RENT,0,VENTURE,A,5675,,0,0.09,N,2
23,56880,RENT,7,EDUCATION,B,5600,,0,0.1,N,2
23,20400,RENT,5,VENTURE,D,5500,,0,0.27,Y,2
23,20400,RENT,5,EDUCATION,D,5500,,0,0.27,N,2
23,42000,OWN,1,PERSONAL,B,5400,,0,0.13,N,2
23,125000,MORTGAGE,7,EDUCATION,B,5000,,0,0.04,N,2
23,80796,MORTGAGE,7,DEBTCONSOLIDATION,A,5000,,0,0.06,N,2
23,41017,RENT,6,DEBTCONSOLIDATION,A,5000,,0,0.12,N,2
23,64500,MORTGAGE,4,EDUCATION,A,5000,,0,0.08,N,2
23,35000,RENT,3,MEDICAL,B,5000,,0,0.14,N,2
23,60000,MORTGAGE,0,MEDICAL,A,5000,,0,0.08,N,2
23,42000,RENT,0,DEBTCONSOLIDATION,C,5000,,1,0.12,Y,2
23,32400,RENT,0,MEDICAL,B,5000,,0,0.15,N,2
23,54096,RENT,2,PERSONAL,B,4900,,0,0.09,N,2
23,97000,MORTGAGE,7,EDUCATION,A,4800,,0,0.05,N,2
23,70000,RENT,2,PERSONAL,C,4800,,0,0.07,N,2
23,20400,RENT,0,PERSONAL,A,4800,,0,0.24,N,2
23,24996,OWN,1,PERSONAL,D,4575,,0,0.18,Y,2
23,54000,RENT,7,EDUCATION,B,4500,,1,0.08,N,2
23,45600,RENT,5,MEDICAL,C,4250,,0,0.09,Y,2
23,108000,MORTGAGE,7,DEBTCONSOLIDATION,C,4000,,1,0.04,N,2
23,32535,RENT,6,PERSONAL,B,4000,,0,0.12,N,2
23,32535,RENT,6,DEBTCONSOLIDATION,B,4000,,0,0.12,N,2
23,63996,RENT,2,HOMEIMPROVEMENT,D,4000,,1,0.06,Y,2
23,50000,RENT,6,EDUCATION,C,3000,,0,0.06,Y,2
23,75000,RENT,2,PERSONAL,A,3000,,0,0.04,N,2
23,38500,MORTGAGE,2,DEBTCONSOLIDATION,A,3000,,0,0.08,N,2
23,55000,MORTGAGE,7,MEDICAL,A,2800,,0,0.05,N,2
23,23760,RENT,2,DEBTCONSOLIDATION,B,2800,,0,0.12,N,2
23,92500,MORTGAGE,5,EDUCATION,A,2500,,0,0.03,N,2
23,49000,RENT,1,DEBTCONSOLIDATION,F,2500,,1,0.05,N,2
23,40000,RENT,0,DEBTCONSOLIDATION,B,2500,,0,0.06,N,2
23,65000,MORTGAGE,5,DEBTCONSOLIDATION,A,2275,,0,0.04,N,2
23,87000,RENT,4,EDUCATION,C,2100,,0,0.02,N,2
23,39996,RENT,7,PERSONAL,B,2000,,0,0.05,N,2
23,39996,RENT,7,PERSONAL,B,2000,,0,0.05,N,2
23,38400,MORTGAGE,7,VENTURE,A,2000,,0,0.05,N,2
23,55000,MORTGAGE,0,PERSONAL,A,2000,,0,0.04,N,2
23,97000,MORTGAGE,7,VENTURE,C,1800,,0,0.02,Y,2
23,45000,MORTGAGE,0,DEBTCONSOLIDATION,A,1450,,0,0.03,N,2
23,8628,OWN,,EDUCATION,A,1400,,1,0.16,N,2
23,57600,MORTGAGE,0,VENTURE,B,1000,,0,0.02,N,2
23,57600,MORTGAGE,0,EDUCATION,B,1000,,0,0.02,N,2
22,23000,RENT,1,MEDICAL,F,2800,21.74,1,0.12,N,4
22,14400,RENT,0,HOMEIMPROVEMENT,E,4400,19.91,1,0.31,N,4
22,107000,MORTGAGE,6,HOMEIMPROVEMENT,E,24000,19.69,1,0.22,Y,4
22,30000,RENT,0,DEBTCONSOLIDATION,E,6000,19.39,1,0.2,Y,4
22,34560,RENT,2,MEDICAL,E,1200,19.29,1,0.03,N,4
22,34800,RENT,7,VENTURE,G,9600,19.16,1,0.28,Y,4
22,24000,RENT,0,PERSONAL,E,1500,18.79,1,0.06,Y,4
22,45630,RENT,0,VENTURE,E,2500,18.64,1,0.05,Y,4
22,66300,RENT,4,MEDICAL,E,8000,18.39,1,0.1,N,4
22,84500,RENT,6,PERSONAL,F,25000,18.3,0,0.3,N,4
22,54000,RENT,7,MEDICAL,F,2000,18.3,1,0.04,Y,4
22,52000,RENT,3,MEDICAL,D,12750,18.25,1,0.25,N,4
22,34000,RENT,4,MEDICAL,D,3800,18.25,1,0.11,Y,4
22,39000,MORTGAGE,1,VENTURE,F,5000,18.21,1,0.13,Y,4
22,48000,RENT,7,DEBTCONSOLIDATION,E,10000,17.99,1,0.21,Y,4
22,30000,RENT,2,EDUCATION,E,5300,17.99,1,0.18,Y,4
22,15600,RENT,5,VENTURE,E,3200,17.93,1,0.21,N,4
22,65000,RENT,4,EDUCATION,D,34000,17.58,1,0.52,N,4
22,59000,RENT,2,DEBTCONSOLIDATION,F,12000,17.58,1,0.2,N,4
22,50000,RENT,6,EDUCATION,D,11400,17.58,0,0.23,Y,4
22,66000,OWN,6,DEBTCONSOLIDATION,D,7500,17.58,0,0.11,Y,4
22,49000,RENT,2,MEDICAL,E,24000,17.56,1,0.49,N,4
22,27996,RENT,1,VENTURE,E,5000,17.51,1,0.18,N,4
22,51012,RENT,1,PERSONAL,D,20000,17.49,1,0.39,Y,4
22,64000,OWN,6,EDUCATION,D,15000,17.49,0,0.23,Y,4
22,36000,RENT,3,EDUCATION,D,9600,17.27,1,0.27,Y,4
22,38004,MORTGAGE,7,DEBTCONSOLIDATION,D,3600,17.27,1,0.09,N,4
22,52650,MORTGAGE,1,DEBTCONSOLIDATION,F,19200,17.26,1,0.36,N,4
22,72000,RENT,6,EDUCATION,E,15000,17.19,0,0.21,N,4
22,42500,RENT,0,MEDICAL,E,1500,17.19,1,0.04,Y,4
22,57175,RENT,6,HOMEIMPROVEMENT,F,16000,17.15,1,0.28,N,4
22,34800,RENT,6,DEBTCONSOLIDATION,D,2000,16.89,1,0.06,Y,4
22,53000,MORTGAGE,6,VENTURE,E,8000,16.82,0,0.15,N,4
22,68000,MORTGAGE,6,EDUCATION,D,20000,16.77,0,0.29,Y,4
22,43200,MORTGAGE,1,PERSONAL,D,8400,16.77,0,0.19,N,4
22,21000,RENT,7,DEBTCONSOLIDATION,D,8000,16.77,1,0.38,Y,4
22,28080,RENT,5,VENTURE,E,15250,16.7,1,0.54,N,4
22,54225,RENT,0,EDUCATION,E,15000,16.7,1,0.28,Y,4
22,28800,OWN,2,DEBTCONSOLIDATION,D,10000,16.49,0,0.35,N,4
22,45000,MORTGAGE,2,EDUCATION,D,8000,16.49,0,0.18,Y,4
22,24000,RENT,4,EDUCATION,D,5000,16.49,0,0.21,N,4
22,54000,RENT,5,HOMEIMPROVEMENT,D,3200,16.49,1,0.06,Y,4
22,45000,RENT,4,VENTURE,D,1800,16.49,0,0.04,N,4
22,62250,RENT,3,PERSONAL,E,24000,16.45,1,0.39,Y,4
22,61200,MORTGAGE,6,MEDICAL,E,16000,16.45,1,0.22,N,4
22,32644,MORTGAGE,6,VENTURE,E,13750,16.45,1,0.42,Y,4
22,72000,MORTGAGE,6,EDUCATION,E,8000,16.45,0,0.11,N,4
22,44000,RENT,1,VENTURE,E,16000,16.35,1,0.36,N,4
22,54000,RENT,4,EDUCATION,E,5000,16.35,1,0.09,N,4
22,60000,RENT,3,EDUCATION,D,18000,16.32,0,0.3,N,4
22,72000,MORTGAGE,4,PERSONAL,D,15000,16.32,0,0.21,Y,4
22,42000,RENT,6,MEDICAL,E,10000,16.32,1,0.24,Y,4
22,36000,RENT,5,MEDICAL,D,5000,16.32,1,0.14,N,4
22,56000,MORTGAGE,3,EDUCATION,D,10075,16.29,0,0.18,Y,4
22,83200,RENT,3,EDUCATION,D,10000,16.29,0,0.12,N,4
22,40000,OWN,6,EDUCATION,D,5000,16.29,0,0.13,Y,4
22,14400,RENT,6,PERSONAL,D,3250,16.29,1,0.23,N,4
22,21600,RENT,1,HOMEIMPROVEMENT,D,2400,16.29,1,0.11,N,4
22,21600,RENT,1,EDUCATION,D,2400,16.29,1,0.11,N,4
22,65100,RENT,3,EDUCATION,E,6000,16.2,0,0.09,N,4
22,53000,MORTGAGE,4,PERSONAL,D,8000,16.07,0,0.15,Y,4
22,29100,RENT,2,VENTURE,D,6250,16.07,1,0.21,N,4
22,74867,MORTGAGE,4,MEDICAL,D,17000,16.02,1,0.19,Y,4
22,39868,MORTGAGE,2,DEBTCONSOLIDATION,D,2400,16.02,1,0.06,Y,4
22,46000,RENT,2,DEBTCONSOLIDATION,D,20000,16,1,0.43,Y,4
22,56000,MORTGAGE,5,MEDICAL,E,15000,16,1,0.27,Y,4
22,48000,MORTGAGE,6,EDUCATION,D,12000,16,1,0.25,N,4
22,80750,MORTGAGE,1,MEDICAL,D,24000,15.99,1,0.25,N,4
22,75000,MORTGAGE,6,PERSONAL,D,8000,15.99,1,0.11,N,4
22,30000,RENT,,PERSONAL,D,6400,15.99,1,0.21,N,4
22,27000,RENT,3,MEDICAL,D,6250,15.99,1,0.23,Y,4
22,20400,MORTGAGE,6,EDUCATION,D,6000,15.99,0,0.29,Y,4
22,73000,MORTGAGE,5,DEBTCONSOLIDATION,C,22000,15.96,0,0.3,Y,4
22,47000,MORTGAGE,7,PERSONAL,C,10600,15.96,0,0.23,Y,4
22,50724,RENT,7,EDUCATION,C,6300,15.96,0,0.12,Y,4
22,35000,RENT,4,EDUCATION,C,5000,15.96,1,0.14,N,4
22,83000,OWN,6,DEBTCONSOLIDATION,D,25000,15.95,0,0.3,Y,4
22,71000,RENT,1,EDUCATION,D,25000,15.95,1,0.35,Y,4
22,60350,RENT,1,MEDICAL,D,25000,15.95,1,0.35,N,4
22,44000,RENT,5,EDUCATION,D,10000,15.95,0,0.23,N,4
22,68400,MORTGAGE,0,DEBTCONSOLIDATION,D,10000,15.95,1,0.15,N,4
22,54000,RENT,0,VENTURE,E,10000,15.95,1,0.19,N,4
22,29000,RENT,4,DEBTCONSOLIDATION,E,6400,15.95,1,0.22,Y,4
22,34900,MORTGAGE,4,DEBTCONSOLIDATION,D,3600,15.7,1,0.1,N,4
22,29004,RENT,0,HOMEIMPROVEMENT,D,1200,15.7,1,0.04,Y,4
22,44000,RENT,2,EDUCATION,E,20000,15.68,1,0.45,N,4
22,44004,MORTGAGE,0,DEBTCONSOLIDATION,E,11000,15.68,1,0.25,N,4
22,85200,RENT,6,VENTURE,D,20000,15.65,1,0.23,Y,4
22,30712,RENT,3,DEBTCONSOLIDATION,D,10000,15.65,1,0.33,Y,4
22,75000,MORTGAGE,3,VENTURE,D,28000,15.62,0,0.37,Y,4
22,118000,RENT,0,PERSONAL,D,19550,15.62,1,0.17,Y,4
22,56400,MORTGAGE,6,EDUCATION,D,17300,15.62,0,0.31,N,4
22,120000,MORTGAGE,0,EDUCATION,D,16800,15.62,0,0.14,N,4
22,91800,MORTGAGE,0,MEDICAL,D,16800,15.62,1,0.16,Y,4
22,62004,RENT,5,EDUCATION,D,8400,15.62,0,0.14,Y,4
22,49000,RENT,0,EDUCATION,D,7600,15.62,1,0.16,N,4
22,49000,RENT,1,EDUCATION,D,5000,15.62,1,0.1,Y,4
22,59000,MORTGAGE,7,HOMEIMPROVEMENT,D,4900,15.62,1,0.08,Y,4
22,30000,RENT,,DEBTCONSOLIDATION,D,3200,15.62,1,0.11,Y,4
22,50004,MORTGAGE,5,EDUCATION,D,14000,15.58,0,0.28,N,4
22,60000,OWN,3,PERSONAL,D,8700,15.58,0,0.14,Y,4
22,75000,MORTGAGE,6,VENTURE,D,25000,15.57,1,0.33,Y,4
22,42500,MORTGAGE,6,MEDICAL,E,7000,15.57,1,0.16,Y,4
22,65000,OWN,1,VENTURE,D,5000,15.37,0,0.08,N,4
22,69000,RENT,1,HOMEIMPROVEMENT,D,9500,15.33,1,0.14,Y,4
22,51000,RENT,4,EDUCATION,D,9000,15.33,0,0.18,N,4
22,29000,RENT,5,EDUCATION,D,4000,15.33,1,0.14,Y,4
22,70000,MORTGAGE,6,PERSONAL,D,25000,15.31,0,0.36,Y,4
22,55000,RENT,5,PERSONAL,D,8000,15.31,1,0.15,N,4
22,18000,OWN,1,EDUCATION,D,5400,15.31,1,0.3,Y,4
22,30000,RENT,1,DEBTCONSOLIDATION,C,15000,15.27,1,0.5,N,4
22,30400,MORTGAGE,2,VENTURE,C,9950,15.27,1,0.33,N,4
22,19200,RENT,3,MEDICAL,C,2850,15.27,0,0.15,Y,4
22,53000,MORTGAGE,6,DEBTCONSOLIDATION,C,1000,15.27,0,0.02,Y,4
22,94000,MORTGAGE,6,PERSONAL,C,35000,15.23,0,0.37,Y,4
22,52500,MORTGAGE,6,VENTURE,C,8000,15.23,0,0.15,Y,4
22,29004,RENT,6,DEBTCONSOLIDATION,C,6200,15.23,0,0.21,Y,4
22,18000,RENT,2,DEBTCONSOLIDATION,C,5400,15.23,1,0.3,N,4
22,24996,RENT,4,PERSONAL,C,5300,15.23,0,0.21,Y,4
22,50004,RENT,6,EDUCATION,D,10200,15.21,0,0.2,N,4
22,58650,MORTGAGE,5,MEDICAL,D,9250,15.21,1,0.13,N,4
22,60000,RENT,6,VENTURE,D,7800,15.21,0,0.13,N,4
22,150000,MORTGAGE,6,PERSONAL,D,18000,15.2,0,0.12,N,4
22,22560,RENT,3,PERSONAL,D,4200,15.2,1,0.19,Y,4
22,30000,RENT,4,HOMEIMPROVEMENT,D,8500,15.05,1,0.28,Y,4
22,22000,OWN,1,DEBTCONSOLIDATION,D,8500,15.05,0,0.39,N,4
22,22000,OWN,1,DEBTCONSOLIDATION,D,8500,15.05,0,0.39,N,4
22,74800,RENT,3,MEDICAL,D,20000,14.96,1,0.23,Y,4
22,33996,RENT,6,VENTURE,D,15000,14.96,1,0.44,Y,4
22,67350,MORTGAGE,6,EDUCATION,D,9600,14.96,0,0.14,N,4
22,54000,RENT,6,MEDICAL,D,7000,14.96,1,0.13,Y,4
22,39000,RENT,1,HOMEIMPROVEMENT,D,5600,14.96,1,0.14,N,4
22,90000,RENT,4,EDUCATION,D,5000,14.96,0,0.06,Y,4
22,41000,OWN,6,MEDICAL,D,2500,14.96,0,0.06,Y,4
22,62900,RENT,6,MEDICAL,D,20000,14.91,1,0.27,N,4
22,64312,MORTGAGE,4,VENTURE,D,5000,14.91,0,0.08,Y,4
22,19200,MORTGAGE,6,HOMEIMPROVEMENT,D,1400,14.91,1,0.07,Y,4
22,72000,MORTGAGE,5,VENTURE,D,12000,14.84,0,0.17,Y,4
22,28500,RENT,2,HOMEIMPROVEMENT,D,6250,14.84,1,0.22,N,4
22,36000,MORTGAGE,6,PERSONAL,D,1400,14.84,0,0.04,Y,4
22,55000,RENT,0,DEBTCONSOLIDATION,D,15000,14.83,1,0.27,Y,4
22,19680,RENT,2,MEDICAL,D,7750,14.83,1,0.39,N,4
22,90888,MORTGAGE,5,EDUCATION,C,13200,14.79,0,0.15,N,4
22,67775,MORTGAGE,3,EDUCATION,C,9600,14.79,0,0.14,Y,4
22,53000,MORTGAGE,6,VENTURE,C,7350,14.79,0,0.14,Y,4
22,30000,RENT,7,EDUCATION,C,6000,14.79,1,0.2,N,4
22,70404,MORTGAGE,5,EDUCATION,D,14075,14.74,0,0.2,Y,4
22,62654,MORTGAGE,4,HOMEIMPROVEMENT,D,6000,14.74,1,0.1,N,4
22,26784,RENT,6,DEBTCONSOLIDATION,D,5500,14.74,1,0.21,N,4
22,10000,RENT,0,HOMEIMPROVEMENT,D,1000,14.74,1,0.1,N,4
22,81996,MORTGAGE,7,EDUCATION,C,7000,14.72,0,0.09,N,4
22,42000,RENT,0,VENTURE,C,3600,14.72,0,0.09,Y,4
22,60000,RENT,2,MEDICAL,C,16800,14.65,0,0.28,Y,4
22,66000,RENT,6,HOMEIMPROVEMENT,C,8000,14.65,1,0.12,Y,4
22,24000,MORTGAGE,1,VENTURE,C,5000,14.65,1,0.21,N,4
22,71000,RENT,5,MEDICAL,C,3000,14.65,0,0.04,N,4
22,55000,RENT,3,PERSONAL,D,15000,14.61,0,0.27,Y,4
22,45600,RENT,5,VENTURE,D,10000,14.61,0,0.22,N,4
22,54000,MORTGAGE,1,HOMEIMPROVEMENT,D,10000,14.61,1,0.19,Y,4
22,78792,MORTGAGE,4,EDUCATION,D,5500,14.61,0,0.07,N,4
22,36000,OWN,4,DEBTCONSOLIDATION,D,5000,14.61,0,0.14,Y,4
22,14000,RENT,2,PERSONAL,D,4750,14.61,1,0.34,N,4
22,34000,RENT,0,HOMEIMPROVEMENT,D,1200,14.61,1,0.04,Y,4
22,15000,RENT,3,EDUCATION,D,6000,14.59,1,0.4,N,4
22,33300,MORTGAGE,5,DEBTCONSOLIDATION,D,5325,14.59,1,0.16,N,4
22,52880,RENT,6,MEDICAL,D,5000,14.59,1,0.09,N,4
22,80000,RENT,3,PERSONAL,D,33950,14.54,1,0.42,Y,4
22,43200,RENT,4,EDUCATION,D,9000,14.54,0,0.21,Y,4
22,52584,MORTGAGE,2,PERSONAL,D,6400,14.54,0,0.12,N,4
22,30000,RENT,2,DEBTCONSOLIDATION,D,5000,14.54,1,0.17,N,4
22,32400,RENT,6,MEDICAL,D,9250,14.46,1,0.29,Y,4
22,53000,MORTGAGE,4,VENTURE,D,6600,14.46,0,0.12,Y,4
22,29570,RENT,6,DEBTCONSOLIDATION,D,8000,14.42,1,0.27,Y,4
22,30000,MORTGAGE,6,PERSONAL,D,6600,14.42,0,0.22,Y,4
22,30000,MORTGAGE,6,EDUCATION,D,6600,14.42,0,0.22,N,4
22,56000,RENT,5,EDUCATION,C,14000,14.35,0,0.25,Y,4
22,65000,MORTGAGE,2,PERSONAL,C,13000,14.35,0,0.2,Y,4
22,45004,RENT,1,PERSONAL,C,9000,14.35,0,0.2,Y,4
22,49500,RENT,0,PERSONAL,C,9000,14.35,0,0.18,Y,4
22,42000,RENT,3,MEDICAL,C,8400,14.35,0,0.2,N,4
22,42000,RENT,4,DEBTCONSOLIDATION,C,4800,14.35,0,0.11,N,4
22,67320,MORTGAGE,7,EDUCATION,C,3900,14.35,0,0.06,Y,4
22,54996,RENT,6,DEBTCONSOLIDATION,C,2500,14.35,0,0.05,Y,4
22,54996,RENT,6,EDUCATION,C,2500,14.35,0,0.05,Y,4
22,65000,RENT,4,EDUCATION,C,7000,14.27,0,0.11,Y,4
22,23000,RENT,6,VENTURE,C,4850,14.27,0,0.21,Y,4
22,16800,RENT,2,DEBTCONSOLIDATION,C,4000,14.27,1,0.24,N,4
22,65000,RENT,3,DEBTCONSOLIDATION,C,2000,14.27,0,0.03,Y,4
22,33000,RENT,1,MEDICAL,C,1400,14.27,0,0.04,Y,4
22,61000,MORTGAGE,1,DEBTCONSOLIDATION,C,21000,14.26,0,0.34,Y,4
22,60132,RENT,7,EDUCATION,C,15000,14.26,0,0.25,N,4
22,33000,MORTGAGE,4,VENTURE,C,12500,14.26,0,0.38,Y,4
22,50004,OWN,0,VENTURE,C,5000,14.26,0,0.1,Y,4
22,48000,RENT,1,MEDICAL,C,1600,14.26,0,0.03,N,4
22,30000,MORTGAGE,6,EDUCATION,C,13750,14.22,0,0.46,N,4
22,60000,RENT,3,PERSONAL,C,5000,14.22,0,0.08,N,4
22,30000,RENT,3,VENTURE,C,3500,14.22,1,0.12,N,4
22,48996,OTHER,3,DEBTCONSOLIDATION,D,10000,14.11,1,0.2,N,4
22,31000,RENT,7,MEDICAL,D,9250,14.11,1,0.3,N,4
22,44004,MORTGAGE,3,EDUCATION,D,9000,14.11,1,0.2,N,4
22,36050,RENT,2,PERSONAL,D,6700,14.11,1,0.19,Y,4
22,42000,RENT,4,VENTURE,D,4000,14.09,0,0.1,N,4
22,94000,RENT,5,VENTURE,C,11800,13.99,0,0.13,N,4
22,85000,MORTGAGE,6,VENTURE,C,10000,13.99,0,0.12,Y,4
22,38400,OWN,5,EDUCATION,C,10000,13.99,0,0.26,N,4
22,18000,RENT,0,MEDICAL,C,3000,13.99,1,0.17,Y,4
22,70500,RENT,3,PERSONAL,C,21000,13.98,0,0.3,Y,4
22,77004,RENT,6,DEBTCONSOLIDATION,C,20000,13.98,0,0.26,N,4
22,80000,RENT,3,EDUCATION,C,20000,13.98,0,0.25,Y,4
22,54000,MORTGAGE,1,MEDICAL,C,4000,13.98,0,0.07,N,4
22,11760,RENT,0,VENTURE,C,1000,13.98,0,0.09,N,4
22,62000,MORTGAGE,2,EDUCATION,C,6000,13.92,0,0.1,N,4
22,30000,RENT,3,MEDICAL,C,3500,13.92,0,0.12,N,4
22,65000,OWN,6,MEDICAL,C,3000,13.92,0,0.05,Y,4
22,16320,RENT,0,HOMEIMPROVEMENT,C,3000,13.92,1,0.18,Y,4
22,52000,MORTGAGE,6,PERSONAL,D,10000,13.87,1,0.19,Y,4
22,87000,RENT,5,DEBTCONSOLIDATION,C,20000,13.85,0,0.23,N,4
22,87000,RENT,5,EDUCATION,C,20000,13.85,0,0.23,N,4
22,52000,RENT,1,VENTURE,C,18000,13.85,1,0.35,Y,4
22,62000,RENT,0,MEDICAL,C,18000,13.85,0,0.29,Y,4
22,33000,RENT,6,PERSONAL,C,6000,13.85,0,0.18,N,4
22,16800,MORTGAGE,0,DEBTCONSOLIDATION,C,4750,13.85,1,0.28,Y,4
22,27804,RENT,2,MEDICAL,C,3750,13.85,0,0.13,Y,4
22,96000,MORTGAGE,6,VENTURE,C,25000,13.8,0,0.26,N,4
22,76654,RENT,2,EDUCATION,C,20000,13.79,1,0.26,Y,4
22,126500,RENT,1,DEBTCONSOLIDATION,C,19200,13.79,0,0.15,N,4
22,58000,OTHER,3,DEBTCONSOLIDATION,C,15000,13.79,0,0.26,Y,4
22,42996,MORTGAGE,7,HOMEIMPROVEMENT,C,12000,13.79,1,0.28,N,4
22,54000,RENT,6,EDUCATION,C,10000,13.79,1,0.19,N,4
22,78000,RENT,3,MEDICAL,C,8000,13.79,0,0.1,Y,4
22,31000,MORTGAGE,1,DEBTCONSOLIDATION,C,5000,13.79,0,0.16,N,4
22,30000,RENT,0,HOMEIMPROVEMENT,D,12250,13.67,1,0.41,Y,4
22,75000,MORTGAGE,4,EDUCATION,C,15000,13.61,0,0.2,N,4
22,32376,RENT,1,EDUCATION,C,10000,13.61,1,0.31,Y,4
22,75000,RENT,2,VENTURE,C,7200,13.61,0,0.1,N,4
22,54000,RENT,0,DEBTCONSOLIDATION,C,7000,13.61,0,0.13,N,4
22,32000,RENT,1,EDUCATION,C,4800,13.61,0,0.15,N,4
22,25000,RENT,0,EDUCATION,C,2400,13.61,0,0.1,N,4
22,44000,RENT,7,EDUCATION,C,18000,13.57,1,0.41,Y,4
22,44500,MORTGAGE,3,PERSONAL,C,15000,13.57,0,0.34,Y,4
22,41000,MORTGAGE,6,EDUCATION,C,10000,13.57,1,0.24,N,4
22,22880,RENT,5,DEBTCONSOLIDATION,C,6000,13.57,0,0.26,Y,4
22,38000,RENT,2,EDUCATION,C,6000,13.57,0,0.16,Y,4
22,82000,RENT,6,EDUCATION,D,12000,13.55,0,0.15,N,4
22,81000,RENT,3,DEBTCONSOLIDATION,C,20000,13.49,0,0.25,N,4
22,48000,RENT,0,DEBTCONSOLIDATION,C,17750,13.49,1,0.37,N,4
22,42000,MORTGAGE,6,EDUCATION,C,15000,13.49,0,0.36,Y,4
22,61000,MORTGAGE,6,MEDICAL,C,12000,13.49,0,0.2,N,4
22,44400,RENT,1,PERSONAL,C,11775,13.49,0,0.27,Y,4
22,50000,RENT,6,EDUCATION,C,11000,13.49,0,0.22,Y,4
22,48000,MORTGAGE,6,DEBTCONSOLIDATION,C,10000,13.49,0,0.21,Y,4
22,48000,RENT,2,VENTURE,C,10000,13.49,0,0.21,N,4
22,42000,RENT,1,EDUCATION,C,10000,13.49,0,0.24,Y,4
22,30000,RENT,0,HOMEIMPROVEMENT,C,9000,13.49,1,0.3,Y,4
22,74000,RENT,3,DEBTCONSOLIDATION,C,5000,13.49,1,0.07,Y,4
22,55000,MORTGAGE,6,PERSONAL,C,3250,13.49,0,0.06,Y,4
22,78700,RENT,6,EDUCATION,C,14000,13.48,0,0.18,N,4
22,36000,RENT,4,EDUCATION,C,10000,13.48,0,0.28,Y,4
22,45000,MORTGAGE,4,PERSONAL,C,5000,13.48,0,0.11,Y,4
22,30000,MORTGAGE,6,VENTURE,C,3200,13.48,0,0.11,N,4
22,45600,OWN,6,MEDICAL,C,1800,13.48,0,0.04,N,4
22,16800,RENT,2,EDUCATION,C,1000,13.48,0,0.06,Y,4
22,100000,MORTGAGE,0,MEDICAL,C,24000,13.47,0,0.24,N,4
22,107000,MORTGAGE,2,MEDICAL,C,17400,13.47,0,0.16,N,4
22,32213,MORTGAGE,3,MEDICAL,C,8000,13.47,1,0.25,Y,4
22,72204,RENT,2,EDUCATION,C,6700,13.47,0,0.09,Y,4
22,53000,RENT,5,EDUCATION,C,25000,13.43,1,0.47,Y,4
22,39996,RENT,2,EDUCATION,C,4500,13.43,0,0.11,N,4
22,47800,MORTGAGE,5,PERSONAL,C,1500,13.43,0,0.03,Y,4
22,65000,MORTGAGE,4,EDUCATION,C,10000,13.35,0,0.15,N,4
22,24000,OWN,0,MEDICAL,C,5000,13.35,0,0.21,N,4
22,62050,MORTGAGE,1,MEDICAL,C,2000,13.35,1,0.03,Y,4
22,76500,RENT,0,HOMEIMPROVEMENT,D,7500,13.24,1,0.1,Y,4
22,45000,RENT,0,PERSONAL,C,6000,13.23,0,0.13,N,4
22,33000,RENT,0,MEDICAL,C,5600,13.23,1,0.17,Y,4
22,30000,MORTGAGE,6,DEBTCONSOLIDATION,C,5000,13.23,0,0.17,N,4
22,24702,RENT,,EDUCATION,C,2000,13.23,0,0.08,Y,4
22,89000,MORTGAGE,6,PERSONAL,C,16000,13.22,0,0.18,N,4
22,40000,RENT,1,DEBTCONSOLIDATION,C,12000,13.22,0,0.3,N,4
22,120000,MORTGAGE,3,MEDICAL,C,9600,13.22,0,0.08,Y,4
22,34000,RENT,1,VENTURE,C,6500,13.22,1,0.19,N,4
22,30000,RENT,0,EDUCATION,C,2500,13.16,1,0.08,Y,4
22,36000,RENT,0,EDUCATION,C,1500,13.16,1,0.04,Y,4
22,50496,RENT,6,MEDICAL,C,16750,13.11,1,0.33,Y,4
22,79000,MORTGAGE,6,VENTURE,C,11000,13.11,0,0.14,Y,4
22,27120,RENT,5,DEBTCONSOLIDATION,C,9250,13.11,1,0.34,Y,4
22,65000,MORTGAGE,4,DEBTCONSOLIDATION,C,8100,13.11,0,0.12,N,4
22,83600,OWN,6,VENTURE,C,7500,13.11,0,0.09,Y,4
22,50285,MORTGAGE,6,DEBTCONSOLIDATION,C,7000,13.11,0,0.14,Y,4
22,71500,RENT,2,EDUCATION,C,6400,13.11,0,0.09,N,4
22,60000,MORTGAGE,6,DEBTCONSOLIDATION,C,6000,13.11,0,0.1,Y,4
22,20000,RENT,2,EDUCATION,C,3000,13.11,0,0.15,N,4
22,24000,RENT,1,EDUCATION,C,2000,13.11,0,0.08,Y,4
22,33600,OWN,,PERSONAL,C,12000,13.06,0,0.36,Y,4
22,70600,MORTGAGE,6,MEDICAL,C,7450,13.06,0,0.11,Y,4
22,112774,MORTGAGE,6,VENTURE,C,6400,13.06,0,0.06,Y,4
22,32496,RENT,4,PERSONAL,C,6000,13.04,0,0.18,N,4
22,42000,MORTGAGE,6,EDUCATION,C,14750,12.99,0,0.35,N,4
22,50000,RENT,0,MEDICAL,C,10000,12.99,0,0.2,N,4
22,65000,RENT,6,PERSONAL,C,9600,12.99,0,0.15,Y,4
22,71400,RENT,3,VENTURE,C,5000,12.99,0,0.07,Y,4
22,41504,RENT,6,EDUCATION,C,4800,12.99,0,0.12,N,4
22,29000,RENT,6,MEDICAL,C,4800,12.99,0,0.17,Y,4
22,11220,RENT,,MEDICAL,C,1000,12.99,0,0.09,N,4
22,51996,OWN,6,VENTURE,C,8400,12.98,0,0.16,Y,4
22,110000,MORTGAGE,5,PERSONAL,C,8000,12.98,0,0.07,N,4
22,42500,RENT,0,DEBTCONSOLIDATION,C,5000,12.98,0,0.12,Y,4
22,42500,RENT,0,EDUCATION,C,5000,12.98,0,0.12,N,4
22,55000,MORTGAGE,2,MEDICAL,C,4800,12.98,0,0.09,N,4
22,43000,RENT,6,EDUCATION,C,13000,12.87,0,0.3,Y,4
22,150000,MORTGAGE,6,MEDICAL,C,9500,12.87,0,0.06,Y,4
22,42000,RENT,2,MEDICAL,C,5000,12.87,0,0.12,N,4
22,46320,MORTGAGE,6,DEBTCONSOLIDATION,D,15000,12.86,1,0.32,Y,4
22,33650,RENT,1,EDUCATION,D,6000,12.86,1,0.18,N,4
22,26000,MORTGAGE,6,VENTURE,C,17000,12.84,1,0.65,Y,4
22,85000,RENT,1,EDUCATION,C,12000,12.84,0,0.14,Y,4
22,35500,RENT,6,HOMEIMPROVEMENT,C,10875,12.84,1,0.31,N,4
22,69996,OWN,2,MEDICAL,C,8000,12.84,0,0.11,Y,4
22,29996,MORTGAGE,3,EDUCATION,C,5400,12.84,0,0.18,N,4
22,24000,RENT,3,DEBTCONSOLIDATION,C,1000,12.84,0,0.04,Y,4
22,90000,MORTGAGE,3,EDUCATION,C,25000,12.73,0,0.28,N,4
22,105000,MORTGAGE,3,PERSONAL,C,16000,12.73,0,0.15,Y,4
22,24000,RENT,1,PERSONAL,C,15000,12.73,1,0.63,Y,4
22,44400,RENT,3,VENTURE,C,12800,12.73,0,0.29,N,4
22,50361,RENT,6,EDUCATION,C,12000,12.73,0,0.24,N,4
22,50361,RENT,6,PERSONAL,C,12000,12.73,0,0.24,N,4
22,31200,RENT,5,PERSONAL,C,10000,12.73,1,0.32,N,4
22,21000,RENT,2,DEBTCONSOLIDATION,C,10000,12.73,1,0.48,Y,4
22,26000,RENT,0,DEBTCONSOLIDATION,C,9000,12.73,1,0.35,N,4
22,63000,MORTGAGE,2,MEDICAL,C,8400,12.73,0,0.13,Y,4
22,44400,RENT,2,EDUCATION,C,5500,12.73,0,0.12,N,4
22,60000,MORTGAGE,3,MEDICAL,C,3250,12.73,0,0.05,Y,4
22,75000,RENT,6,EDUCATION,B,24000,12.69,1,0.32,N,4
22,70000,RENT,4,EDUCATION,B,10000,12.69,0,0.14,N,4
22,64000,RENT,2,DEBTCONSOLIDATION,B,10000,12.69,1,0.16,N,4
22,50000,MORTGAGE,,VENTURE,B,10000,12.69,0,0.2,N,4
22,46500,MORTGAGE,0,DEBTCONSOLIDATION,B,9500,12.69,1,0.2,N,4
22,35000,OWN,1,EDUCATION,B,8000,12.69,0,0.23,N,4
22,50000,MORTGAGE,6,VENTURE,B,6000,12.69,0,0.12,N,4
22,40000,RENT,1,MEDICAL,B,6000,12.69,0,0.15,N,4
22,50000,RENT,7,MEDICAL,B,4250,12.69,0,0.09,N,4
22,36000,MORTGAGE,6,DEBTCONSOLIDATION,B,4000,12.69,1,0.11,N,4
22,40000,RENT,1,PERSONAL,B,4000,12.69,0,0.1,N,4
22,84000,MORTGAGE,6,DEBTCONSOLIDATION,C,23000,12.68,0,0.27,N,4
22,62000,RENT,2,EDUCATION,C,8000,12.68,0,0.13,Y,4
22,46000,MORTGAGE,6,EDUCATION,C,6000,12.68,0,0.13,Y,4
22,36000,RENT,1,DEBTCONSOLIDATION,C,6000,12.68,0,0.17,N,4
22,24000,OWN,1,MEDICAL,C,6000,12.68,0,0.25,Y,4
22,24000,OWN,1,EDUCATION,C,6000,12.68,0,0.25,N,4
22,36000,RENT,1,EDUCATION,C,5000,12.68,1,0.14,N,4
22,36000,RENT,1,EDUCATION,C,5000,12.68,1,0.14,N,4
22,55000,RENT,6,PERSONAL,C,3000,12.68,0,0.05,Y,4
22,27048,RENT,0,EDUCATION,C,10000,12.61,1,0.37,Y,4
22,95004,RENT,0,EDUCATION,C,8000,12.61,0,0.08,Y,4
22,30000,MORTGAGE,6,PERSONAL,C,2000,12.61,0,0.07,N,4
22,113000,MORTGAGE,6,EDUCATION,B,25000,12.53,0,0.22,N,4
22,89250,MORTGAGE,3,MEDICAL,B,25000,12.53,1,0.24,N,4
22,85000,MORTGAGE,1,MEDICAL,C,25000,12.53,0,0.29,N,4
22,31760,RENT,3,PERSONAL,B,12875,12.53,1,0.41,N,4
22,70000,OWN,6,PERSONAL,B,12000,12.53,0,0.17,N,4
22,33280,RENT,2,VENTURE,C,10000,12.53,0,0.3,Y,4
22,30000,RENT,1,MEDICAL,C,10000,12.53,1,0.33,N,4
22,47840,RENT,0,EDUCATION,C,9000,12.53,0,0.19,N,4
22,42000,RENT,3,EDUCATION,B,8500,12.53,0,0.2,N,4
22,48000,MORTGAGE,3,VENTURE,B,8000,12.53,0,0.17,N,4
22,34000,RENT,2,MEDICAL,C,7500,12.53,1,0.22,Y,4
22,30000,RENT,1,PERSONAL,B,5500,12.53,0,0.18,N,4
22,13440,RENT,1,MEDICAL,B,4800,12.53,1,0.36,N,4
22,57996,MORTGAGE,2,VENTURE,B,2500,12.53,0,0.04,N,4
22,21996,RENT,6,DEBTCONSOLIDATION,C,2400,12.53,0,0.11,N,4
22,75000,RENT,2,EDUCATION,B,19600,12.42,0,0.26,N,4
22,80000,MORTGAGE,6,VENTURE,B,16000,12.42,0,0.2,N,4
22,39696,MORTGAGE,,EDUCATION,B,14125,12.42,1,0.36,N,4
22,90000,RENT,6,PERSONAL,B,12000,12.42,0,0.13,N,4
22,48600,MORTGAGE,6,EDUCATION,B,12000,12.42,1,0.25,N,4
22,41600,OWN,4,EDUCATION,B,12000,12.42,0,0.29,N,4
22,42000,RENT,1,EDUCATION,B,10000,12.42,0,0.24,N,4
22,42000,RENT,1,MEDICAL,B,10000,12.42,0,0.24,N,4
22,48000,RENT,5,EDUCATION,B,7200,12.42,0,0.15,N,4
22,39996,MORTGAGE,7,MEDICAL,B,6000,12.42,0,0.15,N,4
22,30000,RENT,4,MEDICAL,B,6000,12.42,0,0.2,N,4
22,30000,RENT,2,PERSONAL,B,6000,12.42,0,0.2,N,4
22,30000,RENT,2,DEBTCONSOLIDATION,B,6000,12.42,0,0.2,N,4
22,36850,RENT,3,EDUCATION,B,5200,12.42,0,0.14,N,4
22,42500,RENT,2,DEBTCONSOLIDATION,B,5000,12.42,0,0.12,N,4
22,37008,RENT,2,EDUCATION,B,3600,12.42,0,0.1,N,4
22,69000,MORTGAGE,6,PERSONAL,C,7800,12.41,0,0.11,N,4
22,47000,RENT,6,DEBTCONSOLIDATION,C,19200,12.29,1,0.41,Y,4
22,28000,RENT,0,EDUCATION,C,6975,12.29,0,0.25,N,4
22,108803,MORTGAGE,6,MEDICAL,C,10000,12.23,1,0.08,N,4
22,95000,MORTGAGE,1,EDUCATION,C,7200,12.23,0,0.08,Y,4
22,95000,MORTGAGE,1,VENTURE,C,7200,12.23,0,0.08,Y,4
22,34980,RENT,3,DEBTCONSOLIDATION,C,1500,12.23,1,0.04,Y,4
22,36933,MORTGAGE,2,VENTURE,C,10000,12.22,0,0.27,Y,4
22,50000,RENT,7,DEBTCONSOLIDATION,B,15600,12.21,1,0.31,N,4
22,70000,RENT,6,PERSONAL,B,13600,12.21,0,0.19,N,4
22,87000,MORTGAGE,0,PERSONAL,B,8000,12.21,0,0.09,N,4
22,20000,OWN,7,PERSONAL,B,3200,12.21,0,0.16,N,4
22,31200,RENT,2,PERSONAL,B,1200,12.21,0,0.04,N,4
22,130000,MORTGAGE,3,VENTURE,B,24250,12.18,0,0.19,N,4
22,130000,MORTGAGE,3,VENTURE,B,24250,12.18,0,0.19,N,4
22,85000,MORTGAGE,1,EDUCATION,B,18000,12.18,0,0.21,N,4
22,41000,RENT,2,DEBTCONSOLIDATION,B,11000,12.18,0,0.27,N,4
22,50000,RENT,2,PERSONAL,B,8000,12.18,0,0.16,N,4
22,40000,RENT,2,EDUCATION,B,8000,12.18,0,0.2,N,4
22,47000,RENT,0,EDUCATION,B,8000,12.18,0,0.17,N,4
22,27000,MORTGAGE,2,DEBTCONSOLIDATION,B,5000,12.18,0,0.19,N,4
22,41000,MORTGAGE,2,EDUCATION,B,3000,12.18,0,0.07,N,4
22,50000,MORTGAGE,0,PERSONAL,B,2500,12.18,0,0.05,N,4
22,45000,RENT,3,MEDICAL,B,2400,12.18,0,0.05,N,4
22,50000,MORTGAGE,5,EDUCATION,B,2000,12.18,0,0.04,N,4
22,43000,MORTGAGE,2,DEBTCONSOLIDATION,C,8500,12.09,0,0.2,Y,4
22,58000,OWN,6,MEDICAL,B,20000,11.99,0,0.34,N,4
22,32500,MORTGAGE,5,DEBTCONSOLIDATION,B,14500,11.99,0,0.45,N,4
22,30000,RENT,0,MEDICAL,B,12600,11.99,1,0.42,N,4
22,67000,MORTGAGE,0,EDUCATION,B,12000,11.99,0,0.18,N,4
22,35000,RENT,1,EDUCATION,B,9600,11.99,0,0.27,N,4
22,33000,RENT,6,EDUCATION,B,9000,11.99,0,0.27,N,4
22,26000,RENT,0,EDUCATION,B,8000,11.99,1,0.31,N,4
22,40000,RENT,2,EDUCATION,B,7000,11.99,0,0.17,N,4
22,105500,RENT,6,EDUCATION,B,6000,11.99,0,0.06,N,4
22,105500,RENT,6,EDUCATION,B,6000,11.99,0,0.06,N,4
22,100000,RENT,6,EDUCATION,B,6000,11.99,0,0.06,N,4
22,83000,MORTGAGE,6,DEBTCONSOLIDATION,B,5500,11.99,0,0.07,N,4
22,29534,RENT,1,EDUCATION,B,4800,11.99,0,0.16,N,4
22,31200,RENT,1,EDUCATION,B,3200,11.99,0,0.1,N,4
22,45000,RENT,3,PERSONAL,B,3000,11.99,0,0.07,N,4
22,48000,RENT,5,MEDICAL,B,15000,11.89,1,0.31,N,4
22,30000,MORTGAGE,4,EDUCATION,B,5000,11.89,1,0.17,N,4
22,48000,RENT,2,DEBTCONSOLIDATION,B,5000,11.89,0,0.1,N,4
22,60000,RENT,2,PERSONAL,B,3000,11.89,0,0.05,N,4
22,18204,RENT,2,DEBTCONSOLIDATION,B,2500,11.89,0,0.14,N,4
22,23587,RENT,4,HOMEIMPROVEMENT,B,2000,11.89,1,0.08,N,4
22,24449,OWN,2,VENTURE,B,1800,11.89,0,0.07,N,4
22,24449,OWN,2,VENTURE,B,1800,11.89,0,0.07,N,4
22,47800,MORTGAGE,3,MEDICAL,B,15000,11.86,0,0.31,N,4
22,30000,RENT,4,EDUCATION,B,10000,11.86,1,0.33,N,4
22,60000,RENT,3,DEBTCONSOLIDATION,B,9000,11.86,0,0.15,N,4
22,36628,RENT,4,EDUCATION,B,6000,11.86,0,0.16,N,4
22,20000,RENT,2,DEBTCONSOLIDATION,B,5000,11.86,0,0.25,N,4
22,31200,RENT,3,EDUCATION,B,3000,11.86,0,0.1,N,4
22,86000,MORTGAGE,6,EDUCATION,B,25000,11.83,0,0.29,N,4
22,64000,MORTGAGE,2,EDUCATION,B,25000,11.83,0,0.39,N,4
22,75000,MORTGAGE,0,DEBTCONSOLIDATION,B,24000,11.83,0,0.32,N,4
22,98000,RENT,2,EDUCATION,B,20000,11.83,0,0.2,N,4
22,43000,RENT,4,DEBTCONSOLIDATION,B,18550,11.83,1,0.43,N,4
22,88000,MORTGAGE,0,VENTURE,B,15000,11.83,0,0.17,N,4
22,45000,MORTGAGE,1,EDUCATION,B,14550,11.83,0,0.32,N,4
22,38117,MORTGAGE,0,PERSONAL,B,13500,11.83,0,0.35,N,4
22,39000,RENT,5,DEBTCONSOLIDATION,B,13000,11.83,1,0.33,N,4
22,40499,MORTGAGE,7,MEDICAL,B,11500,11.83,0,0.28,N,4
22,31221,RENT,4,EDUCATION,B,7000,11.83,0,0.22,N,4
22,37000,RENT,5,EDUCATION,B,6000,11.83,0,0.16,N,4
22,60000,MORTGAGE,6,MEDICAL,B,5000,11.83,0,0.08,N,4
22,32760,OWN,2,VENTURE,C,7000,11.78,0,0.21,Y,4
22,60000,RENT,0,MEDICAL,B,15000,11.71,0,0.25,N,4
22,70000,MORTGAGE,3,VENTURE,B,14400,11.71,0,0.21,N,4
22,31500,RENT,5,EDUCATION,B,13200,11.71,1,0.42,N,4
22,83000,RENT,6,DEBTCONSOLIDATION,B,12000,11.71,0,0.14,N,4
22,35000,RENT,6,DEBTCONSOLIDATION,B,12000,11.71,1,0.34,N,4
22,71201,MORTGAGE,3,MEDICAL,B,12000,11.71,0,0.17,N,4
22,46000,RENT,3,PERSONAL,B,12000,11.71,0,0.26,N,4
22,80000,RENT,2,EDUCATION,B,12000,11.71,0,0.15,N,4
22,48132,RENT,5,MEDICAL,B,10000,11.71,0,0.21,N,4
22,26400,RENT,6,EDUCATION,B,9900,11.71,1,0.38,N,4
22,43000,MORTGAGE,6,EDUCATION,B,9000,11.71,0,0.21,N,4
22,74000,RENT,6,VENTURE,B,8500,11.71,0,0.11,N,4
22,21040,RENT,,EDUCATION,B,8450,11.71,1,0.4,N,4
22,14400,RENT,0,DEBTCONSOLIDATION,B,7200,11.71,1,0.5,N,4
22,65338,MORTGAGE,6,EDUCATION,B,6500,11.71,0,0.1,N,4
22,111460,RENT,3,DEBTCONSOLIDATION,B,5000,11.71,0,0.04,N,4
22,84000,MORTGAGE,6,PERSONAL,B,3900,11.71,0,0.05,N,4
22,60000,MORTGAGE,1,PERSONAL,C,7500,11.66,0,0.13,N,4
22,60000,MORTGAGE,6,EDUCATION,C,1600,11.66,0,0.03,N,4
22,94692,MORTGAGE,5,EDUCATION,B,20000,11.49,0,0.21,N,4
22,90000,RENT,5,MEDICAL,B,15000,11.49,0,0.17,N,4
22,58000,RENT,6,VENTURE,B,12000,11.49,0,0.21,N,4
22,66000,MORTGAGE,6,VENTURE,B,10000,11.49,0,0.15,N,4
22,57500,RENT,1,DEBTCONSOLIDATION,B,9100,11.49,0,0.16,N,4
22,69000,RENT,5,EDUCATION,B,8650,11.49,0,0.13,N,4
22,32000,RENT,3,EDUCATION,B,8400,11.49,0,0.26,N,4
22,65000,OWN,6,VENTURE,B,7000,11.49,0,0.11,N,4
22,60000,RENT,5,EDUCATION,B,6000,11.49,0,0.1,N,4
22,24000,OWN,3,EDUCATION,B,6000,11.49,0,0.25,N,4
22,48000,RENT,3,EDUCATION,B,5500,11.49,0,0.11,N,4
22,75000,RENT,5,EDUCATION,B,5000,11.49,0,0.07,N,4
22,30000,RENT,0,PERSONAL,B,5000,11.49,0,0.17,N,4
22,42000,RENT,2,DEBTCONSOLIDATION,B,4500,11.49,0,0.11,N,4
22,26400,MORTGAGE,2,DEBTCONSOLIDATION,B,4400,11.49,0,0.17,N,4
22,38004,RENT,0,MEDICAL,B,4100,11.49,0,0.11,N,4
22,18000,RENT,6,MEDICAL,B,4000,11.49,1,0.22,N,4
22,40000,RENT,2,PERSONAL,B,4000,11.49,0,0.1,N,4
22,100000,MORTGAGE,6,EDUCATION,B,3000,11.49,0,0.03,N,4
22,36000,RENT,6,MEDICAL,B,3000,11.49,1,0.08,N,4
22,27560,OWN,6,EDUCATION,B,2800,11.49,0,0.1,N,4
22,70000,MORTGAGE,6,MEDICAL,B,2000,11.49,0,0.03,N,4
22,27300,RENT,1,MEDICAL,B,11000,11.48,1,0.4,N,4
22,60000,RENT,6,VENTURE,B,9975,11.48,0,0.17,N,4
22,54000,RENT,6,EDUCATION,B,9975,11.48,1,0.18,N,4
22,45000,RENT,0,EDUCATION,B,9000,11.48,0,0.2,N,4
22,45000,RENT,0,VENTURE,B,9000,11.48,0,0.2,N,4
22,40000,OWN,0,EDUCATION,B,6000,11.48,0,0.15,N,4
22,59317,RENT,5,VENTURE,B,5000,11.48,0,0.08,N,4
22,30000,MORTGAGE,0,VENTURE,B,5000,11.48,0,0.17,N,4
22,35000,MORTGAGE,6,EDUCATION,B,3500,11.48,0,0.1,N,4
22,32995,RENT,3,DEBTCONSOLIDATION,B,2400,11.48,0,0.07,N,4
22,63800,MORTGAGE,7,DEBTCONSOLIDATION,B,25000,11.36,0,0.39,N,4
22,185000,RENT,4,EDUCATION,B,25000,11.36,0,0.14,N,4
22,126000,MORTGAGE,6,EDUCATION,B,24000,11.36,0,0.19,N,4
22,58600,RENT,5,MEDICAL,B,22750,11.36,1,0.39,N,4
22,70000,RENT,3,EDUCATION,B,22000,11.36,1,0.31,N,4
22,48500,RENT,1,VENTURE,B,20000,11.36,1,0.41,N,4
22,87800,RENT,3,MEDICAL,B,15000,11.36,0,0.17,N,4
22,40000,RENT,2,DEBTCONSOLIDATION,B,8000,11.36,0,0.2,N,4
22,40680,RENT,2,HOMEIMPROVEMENT,B,6000,11.36,1,0.15,N,4
22,40680,RENT,2,EDUCATION,B,6000,11.36,1,0.15,N,4
22,45000,RENT,6,EDUCATION,B,5000,11.36,0,0.11,N,4
22,48048,RENT,2,MEDICAL,B,5000,11.36,0,0.1,N,4
22,45996,RENT,6,EDUCATION,B,2000,11.36,0,0.04,N,4
22,24432,RENT,0,EDUCATION,B,2000,11.36,0,0.08,N,4
22,60000,RENT,6,EDUCATION,C,7500,11.34,0,0.13,Y,4
22,97000,MORTGAGE,0,EDUCATION,C,7500,11.34,0,0.08,Y,4
22,52000,MORTGAGE,0,EDUCATION,C,6400,11.34,0,0.12,Y,4
22,49000,MORTGAGE,2,VENTURE,C,5000,11.28,1,0.1,Y,4
22,36000,OWN,2,EDUCATION,B,14000,11.26,0,0.39,N,4
22,110500,MORTGAGE,1,MEDICAL,B,12250,11.26,0,0.11,N,4
22,75000,RENT,2,EDUCATION,B,10000,11.26,0,0.13,N,4
22,75000,RENT,2,EDUCATION,B,10000,11.26,0,0.13,N,4
22,36000,RENT,6,DEBTCONSOLIDATION,B,13000,11.14,1,0.36,N,4
22,60000,MORTGAGE,6,PERSONAL,B,12900,11.14,0,0.21,N,4
22,60000,RENT,0,MEDICAL,B,10000,11.14,0,0.17,N,4
22,40000,RENT,1,EDUCATION,B,7000,11.14,0,0.17,N,4
22,70500,RENT,1,VENTURE,B,5000,11.14,0,0.07,N,4
22,14400,OWN,0,PERSONAL,B,2100,11.14,0,0.15,N,4
22,41717,OWN,5,VENTURE,B,20000,11.12,0,0.48,N,4
22,50000,MORTGAGE,6,EDUCATION,B,8000,11.12,0,0.16,N,4
22,31680,RENT,6,EDUCATION,B,6000,11.12,0,0.19,N,4
22,80000,RENT,6,EDUCATION,B,4000,11.12,0,0.05,N,4
22,65000,MORTGAGE,6,MEDICAL,B,3800,11.12,0,0.06,N,4
22,71004,RENT,6,EDUCATION,B,1800,11.12,0,0.03,N,4
22,71004,RENT,6,PERSONAL,B,1800,11.12,0,0.03,N,4
22,52000,RENT,2,EDUCATION,B,25000,11.11,1,0.48,N,4
22,51000,RENT,6,DEBTCONSOLIDATION,B,15000,11.11,0,0.29,N,4
22,100000,MORTGAGE,3,EDUCATION,B,12000,11.11,0,0.12,N,4
22,65496,RENT,6,VENTURE,B,10000,11.11,0,0.15,N,4
22,110000,MORTGAGE,2,VENTURE,B,9000,11.11,0,0.08,N,4
22,50000,MORTGAGE,7,VENTURE,B,8800,11.11,0,0.18,N,4
22,88000,MORTGAGE,6,EDUCATION,B,5000,11.11,0,0.06,N,4
22,45000,RENT,3,EDUCATION,B,5000,11.11,0,0.11,N,4
22,32000,RENT,0,DEBTCONSOLIDATION,B,4800,11.11,0,0.15,N,4
22,62892,MORTGAGE,4,DEBTCONSOLIDATION,C,9600,11.03,0,0.15,N,4
22,42996,RENT,3,PERSONAL,C,4800,11.03,0,0.11,N,4
22,42996,RENT,3,PERSONAL,C,4800,11.03,0,0.11,Y,4
22,179000,MORTGAGE,2,VENTURE,B,25000,10.99,0,0.14,N,4
22,89000,MORTGAGE,6,VENTURE,B,20000,10.99,0,0.22,N,4
22,69000,RENT,6,DEBTCONSOLIDATION,B,20000,10.99,1,0.29,N,4
22,56000,MORTGAGE,3,DEBTCONSOLIDATION,B,20000,10.99,0,0.36,N,4
22,80000,RENT,1,EDUCATION,B,18000,10.99,0,0.23,N,4
22,34819,RENT,2,PERSONAL,B,16800,10.99,1,0.48,N,4
22,51000,MORTGAGE,3,EDUCATION,B,15200,10.99,0,0.3,N,4
22,30000,MORTGAGE,2,DEBTCONSOLIDATION,B,13250,10.99,0,0.44,N,4
22,95000,MORTGAGE,6,DEBTCONSOLIDATION,B,12000,10.99,0,0.13,N,4
22,72000,RENT,6,MEDICAL,B,12000,10.99,0,0.17,N,4
22,59000,MORTGAGE,6,EDUCATION,B,10000,10.99,0,0.17,N,4
22,42000,RENT,4,EDUCATION,B,10000,10.99,0,0.24,N,4
22,46000,RENT,0,DEBTCONSOLIDATION,B,9600,10.99,0,0.21,N,4
22,125555,MORTGAGE,2,MEDICAL,B,9000,10.99,0,0.07,N,4
22,75000,RENT,2,DEBTCONSOLIDATION,B,9000,10.99,0,0.12,N,4
22,63000,MORTGAGE,6,PERSONAL,B,8950,10.99,0,0.14,N,4
22,45020,RENT,6,EDUCATION,B,8300,10.99,0,0.18,N,4
22,60000,MORTGAGE,1,MEDICAL,B,6750,10.99,0,0.11,N,4
22,58800,MORTGAGE,6,EDUCATION,B,5100,10.99,0,0.09,N,4
22,96000,MORTGAGE,3,VENTURE,B,5000,10.99,0,0.05,N,4
22,24000,MORTGAGE,2,DEBTCONSOLIDATION,B,5000,10.99,0,0.21,N,4
22,26004,RENT,5,MEDICAL,B,4800,10.99,0,0.18,N,4
22,80000,OWN,4,EDUCATION,B,4800,10.99,0,0.06,N,4
22,48000,RENT,2,MEDICAL,B,4650,10.99,0,0.1,N,4
22,27500,RENT,1,EDUCATION,B,4250,10.99,0,0.15,N,4
22,32400,MORTGAGE,6,VENTURE,B,4200,10.99,0,0.13,N,4
22,30000,RENT,2,VENTURE,B,3600,10.99,0,0.12,N,4
22,60000,MORTGAGE,6,EDUCATION,B,2800,10.99,0,0.05,N,4
22,43000,RENT,5,VENTURE,B,2400,10.99,0,0.06,N,4
22,30000,MORTGAGE,3,MEDICAL,B,1750,10.99,0,0.06,N,4
22,87000,MORTGAGE,6,EDUCATION,B,1500,10.99,0,0.02,N,4
22,43000,RENT,6,EDUCATION,B,13500,10.95,1,0.31,N,4
22,95004,OWN,6,EDUCATION,B,7200,10.95,0,0.08,N,4
22,37000,RENT,0,PERSONAL,B,7000,10.95,0,0.19,N,4
22,50000,MORTGAGE,7,EDUCATION,B,4000,10.95,0,0.08,N,4
22,18000,RENT,1,EDUCATION,C,4000,10.91,1,0.22,Y,4
22,40872,MORTGAGE,6,EDUCATION,B,13750,10.83,0,0.34,N,4
22,44500,RENT,1,DEBTCONSOLIDATION,B,16750,10.75,1,0.38,N,4
22,48000,RENT,2,EDUCATION,B,11000,10.75,0,0.23,N,4
22,90000,MORTGAGE,2,VENTURE,B,5000,10.75,0,0.06,N,4
22,56324,RENT,2,EDUCATION,B,12400,10.74,0,0.22,N,4
22,23000,RENT,1,DEBTCONSOLIDATION,B,8875,10.74,1,0.39,N,4
22,25000,RENT,4,VENTURE,B,8000,10.74,1,0.32,N,4
22,42900,OWN,7,EDUCATION,B,2000,10.74,0,0.05,N,4
22,50433,RENT,6,VENTURE,B,5000,10.71,0,0.1,N,4
22,27000,RENT,5,PERSONAL,B,2925,10.71,0,0.11,N,4
22,160000,MORTGAGE,0,MEDICAL,B,35000,10.65,0,0.22,N,4
22,40000,RENT,1,DEBTCONSOLIDATION,B,17000,10.65,1,0.42,N,4
22,69000,MORTGAGE,6,PERSONAL,B,15000,10.65,1,0.22,N,4
22,44000,RENT,6,MEDICAL,B,10000,10.65,0,0.23,N,4
22,20000,OWN,6,PERSONAL,B,9250,10.65,0,0.46,N,4
22,33000,MORTGAGE,6,VENTURE,B,8875,10.65,0,0.27,N,4
22,54000,MORTGAGE,5,MEDICAL,B,7000,10.65,0,0.13,N,4
22,47000,RENT,3,DEBTCONSOLIDATION,B,6850,10.65,1,0.15,N,4
22,40000,MORTGAGE,3,MEDICAL,B,6700,10.65,0,0.17,N,4
22,45000,MORTGAGE,5,MEDICAL,B,6500,10.65,0,0.14,N,4
22,53000,RENT,2,EDUCATION,B,6500,10.65,0,0.12,N,4
22,69500,RENT,6,DEBTCONSOLIDATION,B,6000,10.65,0,0.09,N,4
22,24000,RENT,6,MEDICAL,B,6000,10.65,0,0.25,N,4
22,60000,RENT,6,PERSONAL,B,5600,10.65,0,0.09,N,4
22,37000,RENT,4,PERSONAL,B,5000,10.65,0,0.14,N,4
22,52500,MORTGAGE,3,DEBTCONSOLIDATION,B,4000,10.65,0,0.08,N,4
22,60000,MORTGAGE,6,DEBTCONSOLIDATION,B,3950,10.65,0,0.07,N,4
22,78000,MORTGAGE,2,EDUCATION,B,1750,10.65,0,0.02,N,4
22,210000,MORTGAGE,6,VENTURE,B,16000,10.62,0,0.08,N,4
22,34000,RENT,6,DEBTCONSOLIDATION,B,14000,10.62,1,0.41,N,4
22,68000,RENT,6,DEBTCONSOLIDATION,B,13500,10.62,0,0.2,N,4
22,67145,MORTGAGE,2,EDUCATION,B,10000,10.62,0,0.15,N,4
22,43000,MORTGAGE,5,MEDICAL,B,7000,10.62,0,0.16,N,4
22,47484,MORTGAGE,0,EDUCATION,B,5325,10.62,0,0.11,N,4
22,31000,RENT,2,MEDICAL,B,5000,10.62,0,0.16,N,4
22,45000,RENT,6,DEBTCONSOLIDATION,B,16000,10.59,1,0.36,N,4
22,60000,RENT,6,PERSONAL,B,12500,10.59,0,0.21,N,4
22,40000,RENT,2,EDUCATION,B,9000,10.59,0,0.23,N,4
22,50000,MORTGAGE,4,MEDICAL,B,8000,10.59,0,0.16,N,4
22,94342,MORTGAGE,,EDUCATION,B,2400,10.59,0,0.03,N,4
22,50000,RENT,2,DEBTCONSOLIDATION,B,6000,10.46,0,0.12,N,4
22,26000,MORTGAGE,3,PERSONAL,B,500,10.46,0,0.02,N,4
22,64000,MORTGAGE,6,MEDICAL,B,7000,10.38,0,0.11,N,4
22,27600,RENT,2,DEBTCONSOLIDATION,B,6000,10.38,0,0.22,N,4
22,85000,RENT,6,VENTURE,B,35000,10.37,1,0.41,N,4
22,47000,MORTGAGE,6,MEDICAL,B,24000,10.37,1,0.51,N,4
22,64800,RENT,1,EDUCATION,B,16000,10.37,0,0.25,N,4
22,30000,RENT,6,DEBTCONSOLIDATION,B,10000,10.37,1,0.33,N,4
22,38004,RENT,5,PERSONAL,B,10000,10.37,0,0.26,N,4
22,60000,MORTGAGE,5,EDUCATION,B,8800,10.37,0,0.15,N,4
22,46500,RENT,4,VENTURE,B,5000,10.37,0,0.11,N,4
22,31200,RENT,,VENTURE,B,4800,10.37,0,0.15,N,4
22,12600,RENT,2,PERSONAL,B,4000,10.37,1,0.32,N,4
22,60000,RENT,0,EDUCATION,B,3700,10.37,0,0.06,N,4
22,23000,RENT,3,DEBTCONSOLIDATION,B,3500,10.37,0,0.15,N,4
22,35000,RENT,5,VENTURE,B,2800,10.37,0,0.08,N,4
22,37000,MORTGAGE,6,MEDICAL,B,2500,10.37,0,0.07,N,4
22,80000,MORTGAGE,7,DEBTCONSOLIDATION,B,1500,10.37,0,0.02,N,4
22,12000,RENT,5,EDUCATION,B,5500,10.36,1,0.46,N,4
22,49560,RENT,5,EDUCATION,B,5000,10.36,0,0.1,N,4
22,40000,MORTGAGE,6,VENTURE,B,4000,10.36,0,0.1,N,4
22,42000,RENT,6,EDUCATION,B,2000,10.36,0,0.05,N,4
22,39600,MORTGAGE,6,DEBTCONSOLIDATION,C,4650,10.28,1,0.12,N,4
22,75000,RENT,6,EDUCATION,C,3200,10.28,0,0.04,N,4
22,66000,MORTGAGE,7,PERSONAL,B,20000,10.25,0,0.3,N,4
22,37000,RENT,3,EDUCATION,B,15000,10.25,1,0.41,N,4
22,37000,RENT,3,PERSONAL,B,15000,10.25,1,0.41,N,4
22,72000,OWN,1,VENTURE,B,15000,10.25,0,0.21,N,4
22,116000,MORTGAGE,3,DEBTCONSOLIDATION,B,12000,10.25,0,0.1,N,4
22,31000,RENT,0,DEBTCONSOLIDATION,B,12000,10.25,1,0.39,N,4
22,49000,MORTGAGE,4,EDUCATION,B,8000,10.25,1,0.16,N,4
22,67440,MORTGAGE,6,EDUCATION,B,5500,10.25,0,0.08,N,4
22,33000,RENT,1,DEBTCONSOLIDATION,B,5000,10.25,0,0.15,N,4
22,16800,RENT,2,PERSONAL,B,4000,10.25,1,0.24,N,4
22,28000,RENT,6,HOMEIMPROVEMENT,B,1000,10.25,1,0.04,N,4
22,32000,RENT,0,MEDICAL,B,3200,10.2,0,0.1,N,4
22,65000,MORTGAGE,1,PERSONAL,B,7500,10.08,0,0.12,N,4
22,29000,OTHER,0,DEBTCONSOLIDATION,B,7500,10.08,1,0.26,N,4
22,75000,RENT,2,DEBTCONSOLIDATION,B,21000,10,0,0.28,N,4
22,69996,MORTGAGE,6,VENTURE,B,10000,10,0,0.14,N,4
22,60000,RENT,2,EDUCATION,B,8000,10,0,0.13,N,4
22,23000,MORTGAGE,2,DEBTCONSOLIDATION,B,4800,10,0,0.21,N,4
22,24600,OWN,1,PERSONAL,B,4750,10,0,0.19,N,4
22,58000,RENT,5,EDUCATION,B,4000,10,0,0.07,N,4
22,58000,RENT,5,PERSONAL,B,4000,10,0,0.07,N,4
22,137000,MORTGAGE,3,MEDICAL,B,25000,9.99,0,0.18,N,4
22,54000,MORTGAGE,6,DEBTCONSOLIDATION,B,13200,9.99,0,0.24,N,4
22,60000,RENT,6,VENTURE,B,13000,9.99,0,0.22,N,4
22,55000,MORTGAGE,6,VENTURE,B,12000,9.99,0,0.22,N,4
22,53000,RENT,3,MEDICAL,B,10000,9.99,0,0.19,N,4
22,37308,MORTGAGE,0,PERSONAL,B,8400,9.99,0,0.23,N,4
22,14400,RENT,3,HOMEIMPROVEMENT,B,8000,9.99,1,0.56,N,4
22,36000,MORTGAGE,2,VENTURE,B,7750,9.99,0,0.22,N,4
22,60000,RENT,5,MEDICAL,B,7000,9.99,0,0.12,N,4
22,36614,RENT,5,MEDICAL,B,7000,9.99,1,0.19,N,4
22,66000,RENT,0,EDUCATION,B,7000,9.99,0,0.11,N,4
22,41000,MORTGAGE,0,VENTURE,B,6400,9.99,0,0.16,N,4
22,66000,RENT,4,EDUCATION,B,6000,9.99,0,0.09,N,4
22,62236,OWN,,MEDICAL,B,5000,9.99,0,0.08,N,4
22,38628,MORTGAGE,6,DEBTCONSOLIDATION,B,4800,9.99,0,0.12,N,4
22,21600,RENT,3,MEDICAL,B,2100,9.99,0,0.1,N,4
22,120000,RENT,4,EDUCATION,B,24000,9.91,0,0.2,N,4
22,50000,MORTGAGE,2,MEDICAL,B,22000,9.91,0,0.44,N,4
22,54000,RENT,2,EDUCATION,B,20000,9.91,1,0.37,N,4
22,75000,MORTGAGE,6,EDUCATION,B,14950,9.91,0,0.2,N,4
22,33600,RENT,5,PERSONAL,B,12000,9.91,1,0.36,N,4
22,57000,MORTGAGE,6,PERSONAL,B,11425,9.91,0,0.2,N,4
22,65000,RENT,1,DEBTCONSOLIDATION,B,9000,9.91,0,0.14,N,4
22,34000,RENT,2,DEBTCONSOLIDATION,B,8000,9.91,0,0.24,N,4
22,31200,RENT,3,PERSONAL,B,7500,9.91,0,0.24,N,4
22,60000,MORTGAGE,6,EDUCATION,B,6000,9.91,0,0.1,N,4
22,51000,RENT,6,VENTURE,B,5650,9.91,0,0.11,N,4
22,28080,RENT,,MEDICAL,B,4200,9.91,1,0.15,N,4
22,39000,RENT,6,MEDICAL,B,3500,9.91,0,0.09,N,4
22,13200,RENT,0,VENTURE,B,2500,9.91,1,0.19,N,4
22,82000,MORTGAGE,5,EDUCATION,B,20000,9.88,0,0.24,N,4
22,52000,MORTGAGE,2,MEDICAL,B,18000,9.88,0,0.35,N,4
22,32000,RENT,6,EDUCATION,B,15000,9.88,1,0.47,N,4
22,68000,MORTGAGE,3,EDUCATION,B,14800,9.88,0,0.22,N,4
22,50000,MORTGAGE,6,DEBTCONSOLIDATION,B,10000,9.88,0,0.2,N,4
22,50000,MORTGAGE,6,VENTURE,B,10000,9.88,0,0.2,N,4
22,21600,RENT,1,VENTURE,B,9000,9.83,1,0.42,N,4
22,40000,MORTGAGE,5,DEBTCONSOLIDATION,B,8000,9.76,0,0.2,N,4
22,22596,RENT,4,MEDICAL,B,7500,9.76,1,0.33,N,4
22,55000,MORTGAGE,7,MEDICAL,B,13500,9.67,0,0.25,N,4
22,63000,RENT,0,VENTURE,B,18000,9.63,0,0.29,N,4
22,89004,RENT,7,DEBTCONSOLIDATION,A,17000,9.63,0,0.19,N,4
22,103000,MORTGAGE,6,PERSONAL,B,15000,9.63,1,0.15,N,4
22,48000,RENT,6,VENTURE,B,15000,9.63,1,0.31,N,4
22,55000,MORTGAGE,1,EDUCATION,B,12000,9.63,0,0.22,N,4
22,50750,MORTGAGE,2,MEDICAL,B,10000,9.63,0,0.2,N,4
22,30000,RENT,1,MEDICAL,A,10000,9.63,1,0.33,N,4
22,37500,RENT,0,MEDICAL,B,9000,9.63,0,0.24,N,4
22,39996,RENT,3,PERSONAL,B,7000,9.63,0,0.18,N,4
22,52700,MORTGAGE,2,EDUCATION,A,5000,9.63,0,0.09,N,4
22,23000,MORTGAGE,1,EDUCATION,A,2400,9.63,0,0.1,N,4
22,48000,RENT,1,MEDICAL,B,7200,9.62,0,0.15,N,4
22,39300,MORTGAGE,6,MEDICAL,B,7000,9.62,0,0.18,N,4
22,30000,RENT,6,MEDICAL,B,7000,9.62,1,0.23,N,4
22,30000,RENT,6,EDUCATION,B,7000,9.62,1,0.23,N,4
22,78000,RENT,0,VENTURE,B,6925,9.62,0,0.09,N,4
22,53947,OWN,0,PERSONAL,B,6400,9.62,0,0.12,N,4
22,17720,RENT,6,HOMEIMPROVEMENT,B,5000,9.62,1,0.28,N,4
22,60000,MORTGAGE,1,EDUCATION,B,17000,9.45,0,0.28,N,4
22,50000,OWN,4,VENTURE,B,16000,9.45,0,0.32,N,4
22,20000,RENT,2,EDUCATION,B,4000,9.45,0,0.2,N,4
22,99996,RENT,1,EDUCATION,A,10000,9.32,0,0.1,N,4
22,23800,RENT,2,VENTURE,A,8800,9.32,1,0.37,N,4
22,30000,RENT,0,PERSONAL,A,8000,9.32,0,0.27,N,4
22,45000,MORTGAGE,1,EDUCATION,A,7375,9.32,0,0.16,N,4
22,30000,MORTGAGE,6,VENTURE,A,6950,9.32,0,0.23,N,4
22,110000,RENT,6,MEDICAL,A,6400,9.32,0,0.06,N,4
22,31224,RENT,0,MEDICAL,A,6400,9.32,0,0.2,N,4
22,31224,RENT,0,EDUCATION,A,6400,9.32,0,0.2,N,4
22,55000,OWN,6,EDUCATION,A,4000,9.32,0,0.07,N,4
22,64000,MORTGAGE,5,MEDICAL,A,2000,9.32,0,0.03,N,4
22,65004,MORTGAGE,6,MEDICAL,B,6500,9.25,0,0.1,N,4
22,29004,MORTGAGE,3,VENTURE,B,5000,9.25,0,0.17,N,4
22,35000,RENT,1,DEBTCONSOLIDATION,B,8000,9.2,0,0.23,N,4
22,130000,MORTGAGE,1,VENTURE,A,13000,8.94,0,0.1,N,4
22,65000,RENT,1,EDUCATION,A,12000,8.94,0,0.18,N,4
22,50000,MORTGAGE,2,DEBTCONSOLIDATION,A,11000,8.94,0,0.22,N,4
22,86000,MORTGAGE,6,DEBTCONSOLIDATION,A,10000,8.94,0,0.12,N,4
22,63000,MORTGAGE,3,PERSONAL,A,10000,8.94,0,0.16,N,4
22,24996,RENT,3,MEDICAL,A,10000,8.94,1,0.4,N,4
22,15090,RENT,0,EDUCATION,A,7000,8.94,1,0.46,N,4
22,93000,RENT,6,HOMEIMPROVEMENT,A,6000,8.94,1,0.06,N,4
22,50000,OWN,3,VENTURE,A,6000,8.94,0,0.12,N,4
22,20400,RENT,2,EDUCATION,A,5800,8.94,0,0.28,N,4
22,36000,RENT,0,PERSONAL,A,4000,8.94,0,0.11,N,4
22,22800,MORTGAGE,0,EDUCATION,A,3000,8.94,0,0.13,N,4
22,48000,RENT,6,MEDICAL,A,16500,8.9,1,0.34,N,4
22,32968,OWN,6,EDUCATION,A,16500,8.9,0,0.5,N,4
22,60000,MORTGAGE,6,PERSONAL,A,10000,8.9,0,0.17,N,4
22,31000,RENT,6,PERSONAL,A,10000,8.9,1,0.32,N,4
22,55000,RENT,3,MEDICAL,A,9600,8.9,0,0.17,N,4
22,56400,RENT,2,DEBTCONSOLIDATION,A,9500,8.9,0,0.17,N,4
22,25600,RENT,5,VENTURE,A,9000,8.9,1,0.35,N,4
22,30000,RENT,0,MEDICAL,A,7000,8.9,0,0.23,N,4
22,64000,RENT,5,DEBTCONSOLIDATION,A,6600,8.9,0,0.1,N,4
22,55000,RENT,2,DEBTCONSOLIDATION,A,6000,8.9,0,0.11,N,4
22,42000,RENT,0,EDUCATION,A,5000,8.9,0,0.12,N,4
22,15000,RENT,3,PERSONAL,A,4950,8.9,1,0.33,N,4
22,18700,RENT,3,EDUCATION,A,3600,8.9,1,0.19,N,4
22,70000,RENT,1,MEDICAL,B,19000,8.88,0,0.27,N,4
22,24996,OWN,2,PERSONAL,B,13000,8.88,0,0.52,N,4
22,36480,RENT,2,VENTURE,B,10800,8.88,0,0.3,N,4
22,12000,RENT,0,DEBTCONSOLIDATION,B,6000,8.88,1,0.5,N,4
22,42000,RENT,3,MEDICAL,B,4000,8.88,0,0.1,N,4
22,11000,RENT,3,HOMEIMPROVEMENT,B,3800,8.88,1,0.35,N,4
22,42000,RENT,4,EDUCATION,A,7000,8.63,0,0.17,N,4
22,41000,MORTGAGE,4,VENTURE,A,6000,8.59,0,0.15,N,4
22,62000,MORTGAGE,6,VENTURE,A,5000,8.59,0,0.08,N,4
22,12996,RENT,2,MEDICAL,A,3500,8.59,1,0.27,N,4
22,28880,MORTGAGE,4,MEDICAL,A,2000,8.59,0,0.07,N,4
22,100000,RENT,3,DEBTCONSOLIDATION,A,1200,8.59,0,0.01,N,4
22,36000,RENT,1,EDUCATION,A,1000,8.59,0,0.03,N,4
22,65000,RENT,6,MEDICAL,A,16000,8.49,0,0.25,N,4
22,46000,RENT,6,EDUCATION,A,14000,8.49,0,0.3,N,4
22,54000,RENT,6,DEBTCONSOLIDATION,A,12000,8.49,0,0.22,N,4
22,54000,RENT,6,VENTURE,A,12000,8.49,0,0.22,N,4
22,87000,MORTGAGE,6,PERSONAL,A,11200,8.49,0,0.13,N,4
22,80000,RENT,6,PERSONAL,A,10000,8.49,0,0.13,N,4
22,70000,MORTGAGE,6,EDUCATION,A,9750,8.49,0,0.14,N,4
22,44400,RENT,4,DEBTCONSOLIDATION,A,7500,8.49,1,0.17,N,4
22,116700,MORTGAGE,0,EDUCATION,A,6000,8.49,0,0.05,N,4
22,74476,MORTGAGE,6,EDUCATION,A,5000,8.49,1,0.07,N,4
22,48000,OWN,6,VENTURE,A,4800,8.49,0,0.1,N,4
22,32496,RENT,5,PERSONAL,A,4400,8.49,0,0.14,N,4
22,50000,RENT,1,VENTURE,A,3200,8.49,0,0.06,N,4
22,110000,MORTGAGE,6,PERSONAL,A,2800,8.49,0,0.03,N,4
22,19800,OWN,1,EDUCATION,A,2100,8.38,0,0.11,N,4
22,54996,RENT,6,VENTURE,A,12000,8.32,0,0.22,N,4
22,50000,RENT,1,PERSONAL,A,7500,8.32,0,0.15,N,4
22,60000,MORTGAGE,6,MEDICAL,A,8000,8.07,0,0.13,N,4
22,135000,MORTGAGE,0,DEBTCONSOLIDATION,A,10800,8,0,0.08,N,4
22,60000,MORTGAGE,3,VENTURE,A,10000,8,0,0.17,N,4
22,40000,RENT,0,EDUCATION,A,10000,8,0,0.25,N,4
22,34000,RENT,3,DEBTCONSOLIDATION,A,5000,8,0,0.15,N,4
22,95000,MORTGAGE,2,DEBTCONSOLIDATION,A,24000,7.9,0,0.25,N,4
22,45000,RENT,0,EDUCATION,A,20000,7.9,1,0.44,N,4
22,36000,MORTGAGE,6,PERSONAL,A,18500,7.9,0,0.51,N,4
22,68000,MORTGAGE,6,DEBTCONSOLIDATION,A,16000,7.9,0,0.24,N,4
22,53000,RENT,2,EDUCATION,A,16000,7.9,0,0.3,N,4
22,82000,RENT,4,PERSONAL,A,14000,7.9,0,0.17,N,4
22,50000,MORTGAGE,6,DEBTCONSOLIDATION,A,12000,7.9,0,0.24,N,4
22,76000,RENT,4,EDUCATION,A,12000,7.9,0,0.16,N,4
22,60000,MORTGAGE,1,MEDICAL,A,10000,7.9,0,0.17,N,4
22,40000,MORTGAGE,6,MEDICAL,A,9875,7.9,0,0.25,N,4
22,54000,RENT,6,PERSONAL,A,9600,7.9,0,0.18,N,4
22,72000,RENT,2,EDUCATION,A,8000,7.9,0,0.11,N,4
22,40000,RENT,1,VENTURE,A,8000,7.9,0,0.2,N,4
22,72000,RENT,0,MEDICAL,A,8000,7.9,0,0.11,N,4
22,34000,RENT,5,VENTURE,A,7200,7.9,0,0.21,N,4
22,41000,MORTGAGE,6,DEBTCONSOLIDATION,A,7000,7.9,1,0.17,N,4
22,37200,RENT,6,DEBTCONSOLIDATION,A,7000,7.9,1,0.19,N,4
22,95000,MORTGAGE,4,EDUCATION,A,6400,7.9,0,0.07,N,4
22,52000,MORTGAGE,5,EDUCATION,A,6000,7.9,0,0.12,N,4
22,66000,OWN,6,EDUCATION,A,5000,7.9,0,0.08,N,4
22,48996,MORTGAGE,5,MEDICAL,A,5000,7.9,0,0.1,N,4
22,53000,RENT,0,EDUCATION,A,5000,7.9,0,0.09,N,4
22,53285,RENT,0,EDUCATION,A,4000,7.9,0,0.08,N,4
22,35004,OWN,3,VENTURE,A,3000,7.9,0,0.09,N,4
22,18000,OWN,3,PERSONAL,A,3000,7.9,1,0.17,N,4
22,32000,MORTGAGE,0,EDUCATION,A,1700,7.9,0,0.05,N,4
22,40000,RENT,3,DEBTCONSOLIDATION,A,1000,7.9,0,0.03,N,4
22,60000,MORTGAGE,6,MEDICAL,A,17500,7.88,0,0.29,N,4
22,68000,MORTGAGE,6,VENTURE,A,13000,7.88,0,0.19,N,4
22,37000,MORTGAGE,2,DEBTCONSOLIDATION,A,13000,7.88,0,0.35,N,4
22,26004,MORTGAGE,6,PERSONAL,A,12000,7.88,1,0.46,N,4
22,50000,RENT,6,EDUCATION,A,10000,7.88,0,0.2,N,4
22,45000,MORTGAGE,6,EDUCATION,A,10000,7.88,0,0.22,N,4
22,38400,RENT,6,EDUCATION,A,8000,7.88,0,0.21,N,4
22,96000,MORTGAGE,4,VENTURE,A,8000,7.88,0,0.08,N,4
22,84000,MORTGAGE,3,EDUCATION,A,8000,7.88,0,0.1,N,4
22,45673,MORTGAGE,6,EDUCATION,A,7000,7.88,0,0.15,N,4
22,81000,MORTGAGE,5,EDUCATION,A,6600,7.88,0,0.08,N,4
22,56004,MORTGAGE,6,MEDICAL,A,6000,7.88,0,0.11,N,4
22,51996,MORTGAGE,6,PERSONAL,A,6000,7.88,0,0.12,N,4
22,50000,RENT,2,DEBTCONSOLIDATION,A,5000,7.88,0,0.1,N,4
22,14400,RENT,0,EDUCATION,A,4500,7.88,1,0.31,N,4
22,33000,RENT,5,DEBTCONSOLIDATION,A,4000,7.88,0,0.12,N,4
22,43000,MORTGAGE,1,DEBTCONSOLIDATION,A,4000,7.88,0,0.09,N,4
22,63996,MORTGAGE,4,EDUCATION,A,3250,7.88,0,0.05,N,4
22,8000,RENT,0,VENTURE,A,5400,7.75,1,0.68,N,4
22,36000,OWN,4,EDUCATION,A,3250,7.75,0,0.09,N,4
22,43000,OWN,7,PERSONAL,A,6000,7.74,0,0.14,N,4
22,43000,OWN,7,EDUCATION,A,6000,7.74,0,0.14,N,4
22,75000,MORTGAGE,6,DEBTCONSOLIDATION,A,6000,7.74,0,0.08,N,4
22,75000,MORTGAGE,6,EDUCATION,A,5000,7.74,0,0.07,N,4
22,39124,OWN,6,VENTURE,A,5000,7.74,0,0.13,N,4
22,67500,RENT,2,DEBTCONSOLIDATION,A,5000,7.74,0,0.07,N,4
22,63000,RENT,2,VENTURE,A,5000,7.74,0,0.08,N,4
22,78000,OWN,6,PERSONAL,A,4000,7.74,0,0.05,N,4
22,28500,MORTGAGE,1,DEBTCONSOLIDATION,A,8500,7.68,0,0.3,N,4
22,43200,OWN,6,VENTURE,A,6000,7.68,0,0.14,N,4
22,40000,MORTGAGE,5,MEDICAL,A,5000,7.68,0,0.13,N,4
22,31356,RENT,0,DEBTCONSOLIDATION,A,3000,7.68,0,0.1,N,4
22,36000,RENT,1,PERSONAL,A,1000,7.68,0,0.03,N,4
22,38000,RENT,2,MEDICAL,A,18500,7.66,1,0.49,N,4
22,42000,RENT,5,DEBTCONSOLIDATION,A,17000,7.66,1,0.4,N,4
22,148000,MORTGAGE,6,DEBTCONSOLIDATION,A,15000,7.66,0,0.1,N,4
22,40000,MORTGAGE,7,PERSONAL,A,10850,7.66,0,0.27,N,4
22,53000,RENT,2,VENTURE,A,9600,7.66,0,0.18,N,4
22,70000,RENT,0,EDUCATION,A,8000,7.66,0,0.11,N,4
22,12000,RENT,0,EDUCATION,A,6700,7.66,1,0.56,N,4
22,12000,RENT,0,MEDICAL,A,6700,7.66,1,0.56,N,4
22,49200,MORTGAGE,,DEBTCONSOLIDATION,A,21000,7.51,0,0.43,N,4
22,61000,MORTGAGE,2,MEDICAL,A,18200,7.51,0,0.3,N,4
22,77000,MORTGAGE,6,MEDICAL,A,12400,7.51,0,0.16,N,4
22,36000,MORTGAGE,2,PERSONAL,A,12000,7.51,0,0.33,N,4
22,46800,OWN,4,EDUCATION,A,11500,7.51,0,0.25,N,4
22,23000,MORTGAGE,5,DEBTCONSOLIDATION,A,10625,7.51,0,0.46,N,4
22,75000,RENT,6,DEBTCONSOLIDATION,A,10000,7.51,0,0.13,N,4
22,36996,RENT,5,EDUCATION,A,10000,7.51,0,0.27,N,4
22,58608,RENT,4,PERSONAL,A,10000,7.51,0,0.17,N,4
22,35004,OWN,0,MEDICAL,A,10000,7.51,0,0.29,N,4
22,48000,MORTGAGE,5,EDUCATION,A,9600,7.51,0,0.2,N,4
22,21000,RENT,1,PERSONAL,A,8500,7.51,1,0.4,N,4
22,75000,MORTGAGE,2,MEDICAL,A,8150,7.51,0,0.11,N,4
22,78000,MORTGAGE,6,MEDICAL,A,7750,7.51,0,0.1,N,4
22,78000,MORTGAGE,6,EDUCATION,A,7750,7.51,0,0.1,N,4
22,25000,RENT,0,PERSONAL,A,7500,7.51,0,0.3,N,4
22,99600,MORTGAGE,6,PERSONAL,A,7125,7.51,0,0.07,N,4
22,123000,MORTGAGE,6,EDUCATION,A,7000,7.51,0,0.06,N,4
22,32484,MORTGAGE,6,HOMEIMPROVEMENT,A,6250,7.51,1,0.19,N,4
22,30000,RENT,6,EDUCATION,A,6000,7.51,0,0.2,N,4
22,40000,RENT,5,VENTURE,A,6000,7.51,0,0.15,N,4
22,38000,MORTGAGE,3,DEBTCONSOLIDATION,A,6000,7.51,0,0.16,N,4
22,36000,MORTGAGE,1,EDUCATION,A,6000,7.51,0,0.17,N,4
22,36000,RENT,1,VENTURE,A,6000,7.51,0,0.17,N,4
22,24960,OWN,,PERSONAL,A,4525,7.51,0,0.18,N,4
22,15000,RENT,2,VENTURE,A,3000,7.51,1,0.2,N,4
22,50000,MORTGAGE,3,EDUCATION,A,2500,7.51,0,0.05,N,4
22,24960,RENT,0,EDUCATION,A,2500,7.51,0,0.1,N,4
22,56004,MORTGAGE,6,DEBTCONSOLIDATION,A,2000,7.51,0,0.04,N,4
22,31200,MORTGAGE,2,DEBTCONSOLIDATION,A,1050,7.51,1,0.03,N,4
22,110000,MORTGAGE,0,DEBTCONSOLIDATION,A,28000,7.49,0,0.25,N,4
22,160000,RENT,6,PERSONAL,A,20000,7.49,0,0.13,N,4
22,60000,MORTGAGE,3,DEBTCONSOLIDATION,A,15000,7.49,0,0.25,N,4
22,127500,MORTGAGE,2,MEDICAL,A,15000,7.49,0,0.12,N,4
22,127500,MORTGAGE,2,MEDICAL,A,15000,7.49,0,0.12,N,4
22,120000,MORTGAGE,6,VENTURE,A,12000,7.49,0,0.1,N,4
22,46000,RENT,4,PERSONAL,A,11000,7.49,0,0.24,N,4
22,102000,MORTGAGE,6,PERSONAL,A,10000,7.49,0,0.1,N,4
22,20000,RENT,2,EDUCATION,A,10000,7.49,1,0.5,N,4
22,96000,MORTGAGE,6,EDUCATION,A,9000,7.49,0,0.09,N,4
22,47000,RENT,6,EDUCATION,A,8800,7.49,0,0.19,N,4
22,48000,RENT,6,VENTURE,A,6000,7.49,0,0.13,N,4
22,69000,RENT,2,VENTURE,A,6000,7.49,0,0.09,N,4
22,35000,MORTGAGE,2,EDUCATION,A,6000,7.49,0,0.17,N,4
22,29553,OWN,2,VENTURE,A,6000,7.49,0,0.2,N,4
22,60000,MORTGAGE,5,VENTURE,A,5600,7.49,0,0.09,N,4
22,47004,RENT,2,VENTURE,A,5550,7.49,0,0.12,N,4
22,45000,MORTGAGE,6,VENTURE,A,5000,7.49,0,0.11,N,4
22,33000,RENT,3,MEDICAL,A,4800,7.49,0,0.15,N,4
22,18000,OWN,1,HOMEIMPROVEMENT,A,3500,7.49,1,0.19,N,4
22,42500,RENT,7,EDUCATION,A,3200,7.49,0,0.08,N,4
22,40000,RENT,1,DEBTCONSOLIDATION,A,2800,7.49,0,0.07,N,4
22,87000,MORTGAGE,7,DEBTCONSOLIDATION,A,1750,7.49,0,0.02,N,4
22,40000,RENT,6,MEDICAL,A,5000,7.43,0,0.13,N,4
22,40000,RENT,0,PERSONAL,A,4000,7.43,0,0.1,N,4
22,29376,RENT,1,EDUCATION,A,2800,7.43,0,0.1,N,4
22,36000,MORTGAGE,6,DEBTCONSOLIDATION,A,5975,7.42,0,0.17,N,4
22,38000,MORTGAGE,4,EDUCATION,A,1950,7.37,0,0.05,N,4
22,70000,RENT,5,PERSONAL,A,13600,7.29,0,0.19,N,4
22,69600,RENT,6,PERSONAL,A,12000,7.29,0,0.17,N,4
22,70000,RENT,3,EDUCATION,A,12000,7.29,0,0.17,N,4
22,107004,MORTGAGE,2,VENTURE,A,10000,7.29,0,0.09,N,4
22,63000,MORTGAGE,6,VENTURE,A,8400,7.29,0,0.13,N,4
22,50000,MORTGAGE,0,DEBTCONSOLIDATION,A,6400,7.29,0,0.13,N,4
22,50000,OWN,3,EDUCATION,A,5000,7.29,0,0.1,N,4
22,14400,RENT,4,HOMEIMPROVEMENT,A,4000,7.29,1,0.28,N,4
22,70000,RENT,2,PERSONAL,A,3000,7.29,0,0.04,N,4
22,29000,RENT,4,VENTURE,A,1000,7.29,0,0.03,N,4
22,48000,RENT,0,EDUCATION,A,1000,7.29,0,0.02,N,4
22,56902,MORTGAGE,6,DEBTCONSOLIDATION,A,12000,7.14,0,0.21,N,4
22,80000,MORTGAGE,6,DEBTCONSOLIDATION,A,10000,7.14,0,0.13,N,4
22,40000,RENT,2,EDUCATION,A,10000,7.14,0,0.25,N,4
22,51996,MORTGAGE,6,EDUCATION,A,9600,7.14,0,0.18,N,4
22,60000,RENT,6,EDUCATION,A,9000,7.14,0,0.15,N,4
22,30996,RENT,6,EDUCATION,A,8000,7.14,1,0.26,N,4
22,39996,RENT,2,PERSONAL,A,8000,7.14,0,0.2,N,4
22,53000,MORTGAGE,6,DEBTCONSOLIDATION,A,7750,7.14,0,0.15,N,4
22,90000,OWN,6,VENTURE,A,7000,7.14,0,0.08,N,4
22,70000,MORTGAGE,6,EDUCATION,A,6000,7.14,0,0.09,N,4
22,65200,MORTGAGE,1,DEBTCONSOLIDATION,A,4000,7.14,0,0.06,N,4
22,50250,RENT,6,VENTURE,A,3500,7.14,0,0.07,N,4
22,42224,RENT,7,VENTURE,A,20000,6.99,1,0.47,N,4
22,30000,RENT,6,VENTURE,A,14000,6.99,1,0.47,N,4
22,61000,RENT,0,EDUCATION,A,14000,6.99,0,0.23,N,4
22,68000,MORTGAGE,6,EDUCATION,A,11000,6.99,0,0.16,N,4
22,70000,MORTGAGE,6,DEBTCONSOLIDATION,A,8400,6.99,0,0.12,N,4
22,60000,MORTGAGE,5,DEBTCONSOLIDATION,A,8000,6.99,0,0.13,N,4
22,52800,OWN,,MEDICAL,A,7000,6.99,0,0.13,N,4
22,42000,MORTGAGE,5,VENTURE,A,5000,6.99,0,0.12,N,4
22,97000,MORTGAGE,4,PERSONAL,A,5000,6.99,0,0.05,N,4
22,52000,RENT,1,VENTURE,A,5000,6.99,0,0.1,N,4
22,74000,MORTGAGE,6,MEDICAL,A,4000,6.99,0,0.05,N,4
22,43000,RENT,4,EDUCATION,A,3800,6.99,0,0.09,N,4
22,78000,RENT,7,PERSONAL,A,3000,6.99,0,0.04,N,4
22,32000,OWN,2,MEDICAL,A,3000,6.99,0,0.09,N,4
22,65000,RENT,0,EDUCATION,A,3000,6.99,0,0.05,N,4
22,59000,MORTGAGE,1,EDUCATION,A,13375,6.92,0,0.23,N,4
22,190000,RENT,3,EDUCATION,A,12600,6.92,0,0.07,N,4
22,145000,MORTGAGE,6,PERSONAL,A,12000,6.92,0,0.08,N,4
22,117000,MORTGAGE,6,EDUCATION,A,11000,6.92,0,0.09,N,4
22,50000,RENT,0,EDUCATION,A,9200,6.92,0,0.18,N,4
22,91000,RENT,6,PERSONAL,A,8000,6.92,0,0.09,N,4
22,91000,RENT,6,MEDICAL,A,8000,6.92,0,0.09,N,4
22,50000,MORTGAGE,6,VENTURE,A,6800,6.92,0,0.14,N,4
22,50000,OWN,6,VENTURE,A,6400,6.92,0,0.13,N,4
22,58000,RENT,2,PERSONAL,A,6000,6.92,0,0.1,N,4
22,50004,RENT,2,EDUCATION,A,4000,6.92,0,0.08,N,4
22,45000,RENT,1,EDUCATION,A,3950,6.92,0,0.09,N,4
22,20160,RENT,1,EDUCATION,A,2600,6.92,0,0.13,N,4
22,128000,MORTGAGE,6,VENTURE,A,21600,6.91,0,0.17,N,4
22,57996,MORTGAGE,4,VENTURE,A,21250,6.91,0,0.37,N,4
22,100000,MORTGAGE,7,EDUCATION,A,20000,6.91,0,0.2,N,4
22,59000,MORTGAGE,4,EDUCATION,A,20000,6.91,0,0.34,N,4
22,70000,RENT,2,PERSONAL,A,20000,6.91,0,0.29,N,4
22,49000,MORTGAGE,,PERSONAL,A,16750,6.91,0,0.34,N,4
22,97000,MORTGAGE,6,EDUCATION,A,12975,6.91,0,0.13,N,4
22,20800,RENT,1,DEBTCONSOLIDATION,A,7200,6.91,1,0.35,N,4
22,60000,RENT,3,EDUCATION,A,7000,6.91,0,0.12,N,4
22,55000,RENT,3,VENTURE,A,7000,6.91,0,0.13,N,4
22,31200,RENT,0,DEBTCONSOLIDATION,A,2700,6.91,0,0.09,N,4
22,24000,OWN,,VENTURE,A,1500,6.91,0,0.06,N,4
22,55000,OWN,,PERSONAL,A,1275,6.91,0,0.02,N,4
22,58896,MORTGAGE,6,EDUCATION,A,9500,6.76,0,0.16,N,4
22,55000,RENT,4,DEBTCONSOLIDATION,A,4500,6.76,0,0.08,N,4
22,62000,OWN,,EDUCATION,A,4000,6.76,0,0.06,N,4
22,41800,MORTGAGE,3,VENTURE,A,3100,6.76,0,0.07,N,4
22,60000,MORTGAGE,4,VENTURE,A,3000,6.76,0,0.05,N,4
22,54000,MORTGAGE,3,PERSONAL,A,15750,6.62,0,0.29,N,4
22,30000,OWN,3,EDUCATION,A,15000,6.62,0,0.5,N,4
22,105000,MORTGAGE,6,MEDICAL,A,12000,6.62,0,0.11,N,4
22,61200,RENT,6,PERSONAL,A,11200,6.62,0,0.18,N,4
22,52000,RENT,,MEDICAL,A,11200,6.62,0,0.22,N,4
22,30000,RENT,1,PERSONAL,A,11100,6.62,1,0.37,N,4
22,79000,MORTGAGE,6,MEDICAL,A,10375,6.62,0,0.13,N,4
22,54000,RENT,6,VENTURE,A,10000,6.62,0,0.19,N,4
22,48000,RENT,7,PERSONAL,A,8800,6.62,0,0.18,N,4
22,76800,MORTGAGE,3,DEBTCONSOLIDATION,A,6000,6.62,0,0.08,N,4
22,39396,MORTGAGE,1,EDUCATION,A,5000,6.62,0,0.13,N,4
22,55000,MORTGAGE,2,EDUCATION,A,12000,6.54,0,0.22,N,4
22,58000,MORTGAGE,4,MEDICAL,A,11050,6.54,0,0.19,N,4
22,75000,RENT,0,VENTURE,A,10000,6.54,0,0.13,N,4
22,21600,OWN,3,VENTURE,A,8500,6.54,0,0.39,N,4
22,73500,RENT,2,MEDICAL,A,8400,6.54,0,0.11,N,4
22,65000,RENT,7,EDUCATION,A,8000,6.54,0,0.12,N,4
22,30500,RENT,0,EDUCATION,A,7025,6.54,1,0.23,N,4
22,27000,OWN,3,MEDICAL,A,6000,6.54,0,0.22,N,4
22,72000,MORTGAGE,6,EDUCATION,A,5000,6.54,0,0.07,N,4
22,60000,MORTGAGE,,EDUCATION,A,5000,6.54,0,0.08,N,4
22,74004,OWN,0,MEDICAL,A,3000,6.54,0,0.04,N,4
22,45000,OWN,6,EDUCATION,A,4750,6.39,0,0.11,N,4
22,47748,MORTGAGE,5,PERSONAL,A,4500,6.39,0,0.09,N,4
22,68000,MORTGAGE,6,MEDICAL,A,3500,6.39,0,0.05,N,4
22,68000,MORTGAGE,6,EDUCATION,A,3500,6.39,0,0.05,N,4
22,54252,MORTGAGE,6,PERSONAL,A,3500,6.39,0,0.06,N,4
22,28150,RENT,0,MEDICAL,A,1600,6.39,0,0.06,N,4
22,47952,MORTGAGE,,VENTURE,A,15000,6.17,0,0.31,N,4
22,200000,MORTGAGE,6,DEBTCONSOLIDATION,A,9000,6.17,0,0.04,N,4
22,33000,RENT,4,MEDICAL,A,6500,6.17,0,0.2,N,4
22,36000,MORTGAGE,2,DEBTCONSOLIDATION,A,1800,6.17,0,0.05,N,4
22,90000,MORTGAGE,6,EDUCATION,A,16000,6.03,0,0.18,N,4
22,90000,MORTGAGE,6,PERSONAL,A,14300,6.03,0,0.16,N,4
22,65004,MORTGAGE,5,VENTURE,A,12500,6.03,0,0.19,N,4
22,58608,MORTGAGE,6,EDUCATION,A,12000,6.03,0,0.2,N,4
22,25200,MORTGAGE,2,PERSONAL,A,7000,6.03,0,0.28,N,4
22,62000,MORTGAGE,6,PERSONAL,A,5000,6.03,0,0.08,N,4
22,48000,MORTGAGE,0,MEDICAL,A,5000,6.03,0,0.1,N,4
22,30000,RENT,,EDUCATION,A,4350,6.03,0,0.14,N,4
22,65000,MORTGAGE,6,EDUCATION,A,12800,5.99,0,0.2,N,4
22,115000,MORTGAGE,6,VENTURE,A,12000,5.99,0,0.1,N,4
22,53913,MORTGAGE,6,VENTURE,A,11500,5.99,0,0.21,N,4
22,62000,MORTGAGE,2,EDUCATION,A,10000,5.99,0,0.16,N,4
22,45500,RENT,0,VENTURE,A,10000,5.99,0,0.22,N,4
22,35360,MORTGAGE,6,EDUCATION,A,9600,5.99,0,0.27,N,4
22,63000,RENT,5,EDUCATION,A,9225,5.99,0,0.15,N,4
22,60000,RENT,5,PERSONAL,A,9000,5.99,0,0.15,N,4
22,68000,MORTGAGE,3,VENTURE,A,6500,5.99,0,0.1,N,4
22,39000,MORTGAGE,,HOMEIMPROVEMENT,A,5500,5.99,1,0.14,N,4
22,60000,MORTGAGE,2,PERSONAL,A,5200,5.99,0,0.09,N,4
22,60000,MORTGAGE,6,DEBTCONSOLIDATION,A,5000,5.99,0,0.08,N,4
22,44582,RENT,6,HOMEIMPROVEMENT,A,4000,5.99,1,0.09,N,4
22,57000,MORTGAGE,1,VENTURE,A,3200,5.99,0,0.06,N,4
22,55000,MORTGAGE,7,VENTURE,A,3000,5.99,0,0.05,N,4
22,84000,MORTGAGE,7,DEBTCONSOLIDATION,A,2825,5.99,0,0.03,N,4
22,60000,MORTGAGE,6,VENTURE,A,11200,5.79,0,0.19,N,4
22,60000,MORTGAGE,6,EDUCATION,A,11200,5.79,0,0.19,N,4
22,49000,MORTGAGE,6,PERSONAL,A,10000,5.79,1,0.2,N,4
22,137004,MORTGAGE,3,DEBTCONSOLIDATION,A,10000,5.79,0,0.07,N,4
22,110500,RENT,2,EDUCATION,A,9000,5.79,0,0.08,N,4
22,89440,MORTGAGE,6,VENTURE,A,8000,5.79,0,0.09,N,4
22,35000,MORTGAGE,6,EDUCATION,A,8000,5.79,0,0.23,N,4
22,61000,MORTGAGE,1,MEDICAL,A,8000,5.79,0,0.13,N,4
22,38000,RENT,5,PERSONAL,A,7500,5.79,0,0.2,N,4
22,20000,OWN,3,EDUCATION,A,7500,5.79,0,0.38,N,4
22,49000,MORTGAGE,6,EDUCATION,A,2400,5.79,0,0.05,N,4
22,55000,RENT,3,MEDICAL,A,2200,5.79,0,0.04,N,4
22,29000,MORTGAGE,6,PERSONAL,A,12000,5.42,1,0.41,N,4
22,19008,OWN,,PERSONAL,A,12000,5.42,1,0.63,N,4
22,95000,MORTGAGE,0,EDUCATION,A,10400,5.42,0,0.11,N,4
22,51000,RENT,6,EDUCATION,A,10000,5.42,1,0.2,N,4
22,44000,RENT,4,VENTURE,A,8500,5.42,0,0.19,N,4
22,30000,RENT,6,MEDICAL,A,8000,5.42,0,0.27,N,4
22,37000,RENT,4,EDUCATION,A,5700,5.42,0,0.15,N,4
22,57500,RENT,4,MEDICAL,A,5400,5.42,0,0.09,N,4
22,74000,RENT,4,VENTURE,A,5050,5.42,0,0.07,N,4
22,44000,MORTGAGE,6,MEDICAL,A,5000,5.42,1,0.11,N,4
22,26004,MORTGAGE,1,EDUCATION,A,5000,5.42,0,0.19,N,4
22,21600,MORTGAGE,,EDUCATION,A,4025,5.42,0,0.19,N,4
22,63996,MORTGAGE,6,DEBTCONSOLIDATION,A,4000,5.42,0,0.06,N,4
22,25440,RENT,6,EDUCATION,A,4000,5.42,0,0.16,N,4
22,27600,RENT,3,MEDICAL,A,4000,5.42,0,0.14,N,4
22,32000,RENT,0,VENTURE,A,4000,5.42,0,0.13,N,4
22,63000,MORTGAGE,6,EDUCATION,A,3700,5.42,0,0.06,N,4
22,72000,MORTGAGE,6,DEBTCONSOLIDATION,A,3500,5.42,0,0.05,N,4
22,12600,MORTGAGE,,PERSONAL,A,2000,5.42,1,0.16,N,4
22,29184,OWN,,MEDICAL,A,1800,5.42,0,0.06,N,4
22,70000,OWN,,VENTURE,A,1250,5.42,0,0.02,N,4
22,108000,RENT,6,EDUCATION,B,28000,,1,0.26,N,4
22,54996,RENT,6,EDUCATION,B,25000,,1,0.45,N,4
22,98000,MORTGAGE,1,DEBTCONSOLIDATION,D,25000,,1,0.26,N,4
22,90000,RENT,5,PERSONAL,B,20000,,0,0.22,N,4
22,54000,RENT,6,VENTURE,A,19000,,1,0.35,N,4
22,52000,RENT,6,EDUCATION,C,18000,,1,0.35,N,4
22,85500,MORTGAGE,3,VENTURE,D,18000,,0,0.21,N,4
22,27600,RENT,2,DEBTCONSOLIDATION,B,16300,,1,0.59,N,4
22,48000,MORTGAGE,6,EDUCATION,A,15000,,0,0.31,N,4
22,31000,RENT,6,PERSONAL,D,15000,,1,0.48,Y,4
22,60000,RENT,5,MEDICAL,A,15000,,0,0.25,N,4
22,47940,MORTGAGE,4,DEBTCONSOLIDATION,B,15000,,0,0.31,N,4
22,76500,MORTGAGE,2,DEBTCONSOLIDATION,C,15000,,0,0.2,Y,4
22,38000,RENT,0,EDUCATION,C,15000,,1,0.39,Y,4
22,130000,MORTGAGE,3,EDUCATION,C,14500,,0,0.11,Y,4
22,42996,RENT,2,DEBTCONSOLIDATION,C,14400,,1,0.33,Y,4
22,41604,OWN,1,PERSONAL,B,14400,,0,0.35,N,4
22,41604,OWN,1,EDUCATION,B,14400,,0,0.35,N,4
22,54000,RENT,0,DEBTCONSOLIDATION,D,14400,,1,0.27,N,4
22,40000,RENT,6,EDUCATION,B,14000,,1,0.35,N,4
22,76875,MORTGAGE,0,MEDICAL,A,13750,,0,0.18,N,4
22,100000,MORTGAGE,4,EDUCATION,A,13500,,0,0.14,N,4
22,33300,RENT,0,DEBTCONSOLIDATION,B,13250,,1,0.4,N,4
22,62000,RENT,5,VENTURE,A,13200,,0,0.21,N,4
22,65000,RENT,3,EDUCATION,E,13000,,0,0.2,Y,4
22,42000,MORTGAGE,1,EDUCATION,A,13000,,0,0.31,N,4
22,34650,RENT,3,EDUCATION,A,12400,,1,0.36,N,4
22,55555,RENT,7,EDUCATION,E,12000,,0,0.22,N,4
22,90000,RENT,6,VENTURE,B,12000,,0,0.13,N,4
22,75500,MORTGAGE,6,VENTURE,A,12000,,0,0.16,N,4
22,74004,MORTGAGE,6,EDUCATION,A,12000,,0,0.16,N,4
22,45449,RENT,6,MEDICAL,B,12000,,1,0.26,N,4
22,68500,MORTGAGE,3,PERSONAL,B,12000,,0,0.18,N,4
22,59000,OTHER,3,HOMEIMPROVEMENT,D,12000,,1,0.2,Y,4
22,42000,OWN,0,EDUCATION,C,12000,,0,0.29,N,4
22,42000,RENT,6,EDUCATION,B,11200,,0,0.27,N,4
22,39000,MORTGAGE,6,EDUCATION,A,10750,,0,0.28,N,4
22,50000,OWN,2,MEDICAL,D,10400,,0,0.21,Y,4
22,45975,MORTGAGE,6,MEDICAL,B,10375,,0,0.23,N,4
22,92496,MORTGAGE,2,EDUCATION,A,10200,,0,0.11,N,4
22,62000,RENT,6,DEBTCONSOLIDATION,A,10000,,0,0.16,N,4
22,50000,MORTGAGE,6,VENTURE,C,10000,,0,0.2,N,4
22,42000,RENT,6,PERSONAL,C,10000,,0,0.24,Y,4
22,31000,RENT,4,PERSONAL,A,10000,,1,0.32,N,4
22,75600,MORTGAGE,3,EDUCATION,A,10000,,0,0.13,N,4
22,75600,MORTGAGE,3,EDUCATION,A,10000,,0,0.13,N,4
22,24605,OWN,3,EDUCATION,C,10000,,0,0.41,N,4
22,60000,MORTGAGE,2,PERSONAL,A,10000,,0,0.17,N,4
22,40000,RENT,2,EDUCATION,B,10000,,0,0.25,N,4
22,33600,RENT,2,MEDICAL,B,10000,,0,0.3,N,4
22,63000,OWN,6,EDUCATION,D,9000,,0,0.14,N,4
22,33600,RENT,6,PERSONAL,D,9000,,1,0.27,N,4
22,29000,MORTGAGE,5,DEBTCONSOLIDATION,B,9000,,1,0.31,N,4
22,46968,RENT,1,PERSONAL,C,8500,,1,0.18,N,4
22,19800,RENT,4,MEDICAL,A,8000,,1,0.4,N,4
22,23000,RENT,2,EDUCATION,C,7750,,1,0.34,Y,4
22,93000,MORTGAGE,6,VENTURE,B,7500,,0,0.08,N,4
22,51000,RENT,6,EDUCATION,C,7500,,0,0.15,N,4
22,45600,RENT,6,EDUCATION,C,7500,,0,0.16,N,4
22,26886,OWN,6,EDUCATION,C,7500,,0,0.28,Y,4
22,33000,RENT,2,EDUCATION,B,7500,,0,0.23,N,4
22,60000,RENT,1,VENTURE,B,7500,,0,0.13,N,4
22,52000,RENT,1,HOMEIMPROVEMENT,D,7500,,1,0.14,Y,4
22,39000,RENT,1,VENTURE,D,7500,,1,0.19,Y,4
22,55200,MORTGAGE,6,HOMEIMPROVEMENT,A,7200,,1,0.13,N,4
22,50000,RENT,6,DEBTCONSOLIDATION,B,7200,,0,0.14,N,4
22,28000,RENT,6,DEBTCONSOLIDATION,B,7125,,0,0.25,N,4
22,42000,MORTGAGE,4,PERSONAL,A,7050,,0,0.17,N,4
22,32000,RENT,0,PERSONAL,D,7000,,1,0.22,Y,4
22,70000,MORTGAGE,6,EDUCATION,A,6800,,0,0.1,N,4
22,72321,RENT,6,PERSONAL,B,6650,,0,0.09,N,4
22,22000,MORTGAGE,3,VENTURE,A,6500,,0,0.3,N,4
22,59000,MORTGAGE,6,DEBTCONSOLIDATION,A,6400,,0,0.11,N,4
22,59000,MORTGAGE,6,DEBTCONSOLIDATION,A,6400,,0,0.11,N,4
22,46300,RENT,1,EDUCATION,A,6400,,0,0.14,N,4
22,29000,RENT,0,EDUCATION,C,6400,,0,0.22,Y,4
22,50004,MORTGAGE,4,DEBTCONSOLIDATION,A,6250,,0,0.12,N,4
22,46000,RENT,1,DEBTCONSOLIDATION,D,6200,,1,0.13,N,4
22,60000,RENT,0,EDUCATION,A,6025,,0,0.1,N,4
22,64000,MORTGAGE,6,EDUCATION,A,6000,,0,0.09,N,4
22,61104,RENT,6,EDUCATION,B,6000,,0,0.1,N,4
22,84600,MORTGAGE,4,PERSONAL,A,6000,,0,0.07,N,4
22,84600,MORTGAGE,4,VENTURE,A,6000,,0,0.07,N,4
22,71000,RENT,4,MEDICAL,B,6000,,0,0.08,N,4
22,33000,RENT,3,HOMEIMPROVEMENT,B,6000,,1,0.18,N,4
22,103000,MORTGAGE,2,MEDICAL,B,6000,,0,0.06,N,4
22,33000,RENT,2,EDUCATION,D,6000,,1,0.18,N,4
22,60612,MORTGAGE,6,PERSONAL,B,5300,,0,0.09,N,4
22,36000,MORTGAGE,3,EDUCATION,A,5250,,0,0.15,N,4
22,52000,RENT,3,EDUCATION,C,5200,,0,0.1,Y,4
22,35000,RENT,6,MEDICAL,B,5000,,0,0.14,N,4
22,34000,RENT,6,PERSONAL,B,5000,,1,0.15,N,4
22,34500,RENT,1,VENTURE,C,5000,,0,0.14,N,4
22,15000,RENT,0,VENTURE,D,5000,,1,0.33,Y,4
22,24000,OWN,4,MEDICAL,C,4750,,0,0.2,Y,4
22,85000,OWN,,EDUCATION,B,4300,,0,0.05,N,4
22,36000,RENT,7,PERSONAL,B,4200,,0,0.12,N,4
22,36000,RENT,6,VENTURE,B,4000,,0,0.11,N,4
22,63000,RENT,5,EDUCATION,B,4000,,0,0.06,N,4
22,48000,RENT,3,EDUCATION,A,4000,,0,0.08,N,4
22,42996,RENT,3,EDUCATION,C,4000,,0,0.09,N,4
22,30000,RENT,1,PERSONAL,C,4000,,0,0.13,N,4
22,45000,RENT,0,DEBTCONSOLIDATION,C,4000,,0,0.09,N,4
22,17280,RENT,0,EDUCATION,D,3500,,1,0.2,Y,4
22,17280,RENT,0,VENTURE,D,3500,,1,0.2,Y,4
22,44568,RENT,3,PERSONAL,B,3200,,0,0.07,N,4
22,73000,MORTGAGE,6,MEDICAL,B,3000,,0,0.04,N,4
22,30000,RENT,6,MEDICAL,B,3000,,0,0.1,N,4
22,45000,MORTGAGE,3,EDUCATION,C,3000,,0,0.07,N,4
22,24000,RENT,3,PERSONAL,B,3000,,0,0.13,N,4
22,54000,RENT,2,MEDICAL,A,3000,,0,0.06,N,4
22,24000,RENT,0,DEBTCONSOLIDATION,C,3000,,1,0.13,N,4
22,31500,RENT,3,DEBTCONSOLIDATION,D,2900,,1,0.09,N,4
22,43000,MORTGAGE,3,VENTURE,A,2600,,0,0.06,N,4
22,60000,RENT,5,DEBTCONSOLIDATION,C,2500,,0,0.04,Y,4
22,55000,RENT,5,EDUCATION,B,2500,,0,0.05,N,4
22,35000,RENT,1,EDUCATION,C,2400,,0,0.07,Y,4
22,17772,RENT,0,MEDICAL,A,2150,,0,0.12,N,4
22,50400,RENT,3,VENTURE,B,2000,,0,0.04,N,4
22,80000,MORTGAGE,1,EDUCATION,A,2000,,0,0.03,N,4
22,36000,MORTGAGE,0,PERSONAL,A,2000,,0,0.06,N,4
22,21600,RENT,6,PERSONAL,D,1600,,0,0.07,Y,4
22,28500,RENT,1,EDUCATION,B,1500,,0,0.05,N,4
22,38000,RENT,2,DEBTCONSOLIDATION,F,6400,20.62,1,0.17,N,3
22,83000,RENT,6,DEBTCONSOLIDATION,E,24000,19.69,1,0.29,N,3
22,30288,OWN,0,EDUCATION,F,5000,19.47,1,0.17,Y,3
22,68250,RENT,4,EDUCATION,F,6000,19.13,0,0.09,Y,3
22,102240,RENT,6,PERSONAL,E,5000,19.03,0,0.05,N,3
22,44400,RENT,2,PERSONAL,E,10800,18.79,1,0.24,N,3
22,40000,RENT,3,PERSONAL,E,7200,18.79,0,0.18,N,3
22,24000,RENT,0,EDUCATION,E,1500,18.79,1,0.06,Y,3
22,80000,RENT,3,VENTURE,E,8000,18.39,0,0.1,Y,3
22,34000,RENT,4,MEDICAL,D,3800,18.25,1,0.11,Y,3
22,73700,RENT,3,EDUCATION,F,8800,18.21,0,0.12,Y,3
22,106000,MORTGAGE,5,EDUCATION,F,25000,18.09,0,0.24,N,3
22,78369,MORTGAGE,6,DEBTCONSOLIDATION,E,11000,17.99,1,0.14,N,3
22,59813,MORTGAGE,6,MEDICAL,E,20000,17.74,1,0.28,N,3
22,52800,RENT,3,PERSONAL,D,7000,17.58,0,0.13,N,3
22,41340,RENT,6,VENTURE,D,14000,17.49,1,0.34,N,3
22,78400,MORTGAGE,2,VENTURE,D,5000,17.49,0,0.06,Y,3
22,52800,OWN,5,EDUCATION,D,4800,17.49,0,0.09,Y,3
22,39600,RENT,4,DEBTCONSOLIDATION,D,3600,17.49,1,0.09,Y,3
22,37000,RENT,2,HOMEIMPROVEMENT,D,2500,17.49,1,0.07,N,3
22,53000,MORTGAGE,6,EDUCATION,E,10000,17.39,0,0.19,N,3
22,57336,RENT,6,MEDICAL,D,16000,17.27,1,0.28,N,3
22,34560,RENT,1,MEDICAL,E,2100,17.04,1,0.06,N,3
22,65004,RENT,4,VENTURE,E,15000,16.95,0,0.23,N,3
22,60350,MORTGAGE,6,MEDICAL,D,35000,16.89,1,0.49,N,3
22,26000,RENT,5,PERSONAL,D,11200,16.89,1,0.43,N,3
22,41838,RENT,0,MEDICAL,D,6600,16.89,1,0.16,N,3
22,41838,RENT,0,PERSONAL,D,6600,16.89,1,0.16,N,3
22,34500,RENT,2,MEDICAL,D,5000,16.89,1,0.14,N,3
22,21120,MORTGAGE,3,DEBTCONSOLIDATION,D,1625,16.89,1,0.08,Y,3
22,68000,MORTGAGE,6,VENTURE,D,20000,16.77,0,0.29,Y,3
22,47000,RENT,5,MEDICAL,D,20000,16.77,1,0.43,N,3
22,41000,RENT,2,DEBTCONSOLIDATION,D,3600,16.77,1,0.09,Y,3
22,93000,RENT,1,HOMEIMPROVEMENT,D,3600,16.77,1,0.04,Y,3
22,32400,RENT,3,VENTURE,D,2400,16.77,0,0.07,Y,3
22,56000,RENT,6,EDUCATION,E,18250,16.7,1,0.33,N,3
22,50000,RENT,6,DEBTCONSOLIDATION,E,18250,16.7,1,0.36,Y,3
22,37212,RENT,6,DEBTCONSOLIDATION,E,20000,16.69,1,0.54,N,3
22,14400,RENT,2,VENTURE,E,1000,16.69,1,0.07,Y,3
22,70000,MORTGAGE,2,EDUCATION,E,16000,16.63,0,0.23,Y,3
22,119000,MORTGAGE,6,PERSONAL,D,35000,16.49,0,0.29,N,3
22,107000,MORTGAGE,6,DEBTCONSOLIDATION,D,35000,16.49,1,0.33,Y,3
22,30000,RENT,4,DEBTCONSOLIDATION,D,7000,16.49,1,0.23,Y,3
22,22292,RENT,5,DEBTCONSOLIDATION,D,3500,16.49,1,0.16,N,3
22,54400,RENT,6,MEDICAL,D,2500,16.49,1,0.04,Y,3
22,78000,MORTGAGE,3,EDUCATION,E,16000,16.45,0,0.21,N,3
22,32400,RENT,5,PERSONAL,E,3000,16.45,0,0.09,N,3
22,56400,MORTGAGE,6,PERSONAL,E,25000,16.4,1,0.44,N,3
22,30000,RENT,4,DEBTCONSOLIDATION,E,13250,16.4,1,0.44,Y,3
22,44000,RENT,1,EDUCATION,E,16000,16.35,1,0.36,N,3
22,54000,RENT,4,EDUCATION,E,5000,16.35,1,0.09,Y,3
22,59000,RENT,4,MEDICAL,E,16000,16.32,1,0.27,N,3
22,50000,MORTGAGE,1,PERSONAL,E,9800,16.32,0,0.2,Y,3
22,19200,RENT,4,HOMEIMPROVEMENT,D,8000,16.29,1,0.42,Y,3
22,67000,OWN,5,EDUCATION,D,7500,16.29,0,0.11,Y,3
22,48000,OWN,0,VENTURE,D,1500,16.29,0,0.03,N,3
22,28000,RENT,0,HOMEIMPROVEMENT,D,1000,16.29,1,0.04,Y,3
22,39000,OWN,0,EDUCATION,F,25000,16.08,1,0.64,N,3
22,29100,RENT,2,PERSONAL,D,6250,16.07,1,0.21,Y,3
22,59000,RENT,123,PERSONAL,D,35000,16.02,1,0.59,Y,3
22,42000,RENT,0,VENTURE,D,16000,16,1,0.38,N,3
22,40000,MORTGAGE,1,PERSONAL,E,8000,16,0,0.2,Y,3
22,30000,RENT,1,DEBTCONSOLIDATION,E,6400,16,1,0.21,N,3
22,70000,RENT,6,EDUCATION,D,29100,15.99,1,0.42,N,3
22,103000,MORTGAGE,7,EDUCATION,D,15000,15.99,0,0.15,N,3
22,34000,RENT,2,HOMEIMPROVEMENT,D,11000,15.99,1,0.32,N,3
22,65000,RENT,7,EDUCATION,D,7000,15.99,0,0.11,N,3
22,126000,MORTGAGE,6,EDUCATION,D,3600,15.99,0,0.03,N,3
22,60000,MORTGAGE,6,EDUCATION,D,2500,15.99,0,0.04,N,3
22,48000,RENT,6,EDUCATION,C,15000,15.96,1,0.31,N,3
22,54000,RENT,4,DEBTCONSOLIDATION,C,9000,15.96,0,0.17,Y,3
22,74500,MORTGAGE,6,VENTURE,C,8000,15.96,0,0.11,N,3
22,21300,RENT,0,DEBTCONSOLIDATION,C,6000,15.96,0,0.28,Y,3
22,28500,RENT,3,VENTURE,C,3825,15.96,1,0.13,N,3
22,105000,MORTGAGE,2,VENTURE,E,15000,15.95,0,0.14,N,3
22,78996,RENT,1,DEBTCONSOLIDATION,D,12000,15.95,1,0.15,Y,3
22,35325,RENT,2,EDUCATION,D,6500,15.95,1,0.18,N,3
22,27996,RENT,0,EDUCATION,D,2200,15.95,1,0.08,N,3
22,70550,RENT,0,MEDICAL,E,7000,15.88,1,0.08,N,3
22,70204,RENT,6,PERSONAL,D,15000,15.7,0,0.21,Y,3
22,41500,RENT,3,VENTURE,D,7000,15.7,1,0.17,Y,3
22,70550,RENT,4,MEDICAL,E,12000,15.68,1,0.14,N,3
22,50004,MORTGAGE,0,EDUCATION,E,11000,15.68,0,0.22,Y,3
22,29124,MORTGAGE,0,MEDICAL,E,8875,15.68,1,0.3,Y,3
22,42000,RENT,2,MEDICAL,D,12000,15.65,1,0.29,Y,3
22,52000,MORTGAGE,6,DEBTCONSOLIDATION,D,14825,15.62,1,0.29,N,3
22,69000,MORTGAGE,6,DEBTCONSOLIDATION,D,10000,15.62,1,0.14,N,3
22,59000,MORTGAGE,7,PERSONAL,D,4900,15.62,1,0.08,N,3
22,33250,RENT,0,EDUCATION,D,2800,15.62,1,0.08,Y,3
22,44000,RENT,2,VENTURE,D,10000,15.58,1,0.23,N,3
22,57204,MORTGAGE,6,EDUCATION,D,9000,15.58,0,0.16,Y,3
22,52000,RENT,0,VENTURE,D,8000,15.58,1,0.15,N,3
22,27000,RENT,0,DEBTCONSOLIDATION,D,9500,15.33,1,0.35,Y,3
22,19200,MORTGAGE,3,MEDICAL,D,5000,15.33,1,0.26,N,3
22,68496,RENT,4,PERSONAL,D,12000,15.31,0,0.18,Y,3
22,51300,OWN,6,PERSONAL,D,11200,15.31,0,0.22,Y,3
22,81000,OWN,2,EDUCATION,D,10000,15.31,0,0.12,N,3
22,27600,RENT,0,VENTURE,D,6700,15.31,1,0.24,N,3
22,114000,RENT,2,VENTURE,D,5000,15.31,1,0.04,N,3
22,34000,RENT,0,MEDICAL,D,10000,15.28,1,0.29,Y,3
22,18996,RENT,3,EDUCATION,D,3200,15.28,1,0.17,Y,3
22,69000,MORTGAGE,1,EDUCATION,C,17000,15.27,1,0.25,N,3
22,55000,RENT,6,VENTURE,C,10000,15.27,0,0.18,N,3
22,35900,MORTGAGE,6,PERSONAL,C,6000,15.27,0,0.17,N,3
22,26400,RENT,1,EDUCATION,C,3500,15.27,0,0.13,N,3
22,26400,RENT,1,PERSONAL,C,3500,15.27,0,0.13,N,3
22,17352,MORTGAGE,,EDUCATION,C,2250,15.27,0,0.13,Y,3
22,52500,MORTGAGE,6,DEBTCONSOLIDATION,C,8000,15.23,0,0.15,N,3
22,40269,MORTGAGE,6,DEBTCONSOLIDATION,C,6625,15.23,0,0.16,Y,3
22,60000,RENT,0,EDUCATION,C,4400,15.23,0,0.07,Y,3
22,57500,RENT,3,PERSONAL,C,2400,15.23,0,0.04,N,3
22,36000,OWN,6,EDUCATION,D,12000,15.21,0,0.33,Y,3
22,30000,RENT,4,VENTURE,D,5000,15.21,1,0.17,Y,3
22,45336,RENT,6,VENTURE,D,1800,15.21,0,0.04,N,3
22,34480,RENT,4,VENTURE,D,1550,15.21,0,0.04,Y,3
22,74000,MORTGAGE,4,PERSONAL,D,15000,15.05,1,0.2,N,3
22,41600,MORTGAGE,2,EDUCATION,D,3000,15.05,0,0.07,N,3
22,75000,MORTGAGE,6,VENTURE,D,25000,14.96,0,0.33,Y,3
22,56400,RENT,2,HOMEIMPROVEMENT,D,25000,14.96,1,0.44,Y,3
22,61547,OWN,1,EDUCATION,D,24250,14.96,0,0.39,Y,3
22,108000,RENT,1,HOMEIMPROVEMENT,D,24150,14.96,1,0.22,Y,3
22,71400,MORTGAGE,2,MEDICAL,D,15000,14.96,1,0.18,Y,3
22,49600,MORTGAGE,4,VENTURE,D,10000,14.96,0,0.2,Y,3
22,33996,OWN,0,VENTURE,D,10000,14.96,0,0.29,Y,3
22,25200,RENT,7,MEDICAL,D,7500,14.96,1,0.3,N,3
22,25200,RENT,7,DEBTCONSOLIDATION,D,7500,14.96,1,0.3,N,3
22,43000,RENT,1,VENTURE,D,7500,14.96,1,0.17,N,3
22,23000,MORTGAGE,4,EDUCATION,D,7000,14.96,0,0.3,Y,3
22,54000,RENT,2,PERSONAL,D,7000,14.96,1,0.13,N,3
22,12240,RENT,1,PERSONAL,D,1000,14.96,1,0.08,Y,3
22,106982,MORTGAGE,6,EDUCATION,D,30000,14.91,0,0.28,Y,3
22,36750,RENT,6,EDUCATION,D,7500,14.84,0,0.2,N,3
22,42000,MORTGAGE,3,VENTURE,D,7000,14.84,0,0.17,N,3
22,36000,MORTGAGE,3,DEBTCONSOLIDATION,D,7000,14.84,1,0.19,N,3
22,12000,MORTGAGE,7,EDUCATION,D,1500,14.84,0,0.13,Y,3
22,19680,RENT,2,EDUCATION,D,7750,14.83,1,0.39,Y,3
22,14400,RENT,0,HOMEIMPROVEMENT,D,2100,14.83,1,0.15,N,3
22,125000,RENT,3,MEDICAL,C,18000,14.79,0,0.14,Y,3
22,66000,OWN,1,VENTURE,C,15000,14.79,0,0.23,Y,3
22,120000,MORTGAGE,3,VENTURE,C,5000,14.79,0,0.04,Y,3
22,44160,MORTGAGE,5,VENTURE,C,3000,14.79,0,0.07,N,3
22,30000,MORTGAGE,5,MEDICAL,C,3000,14.79,0,0.1,Y,3
22,44000,MORTGAGE,4,MEDICAL,D,16000,14.74,1,0.36,Y,3
22,18996,RENT,4,MEDICAL,D,6000,14.74,1,0.32,Y,3
22,85992,MORTGAGE,6,DEBTCONSOLIDATION,D,3500,14.74,1,0.04,Y,3
22,38400,OWN,6,PERSONAL,C,10000,14.72,0,0.26,N,3
22,66996,OWN,3,VENTURE,C,7000,14.72,0,0.1,Y,3
22,20000,OWN,1,VENTURE,C,5000,14.72,0,0.25,N,3
22,80000,MORTGAGE,0,MEDICAL,C,2000,14.72,0,0.03,Y,3
22,10000,RENT,,DEBTCONSOLIDATION,C,1750,14.72,1,0.17,Y,3
22,48400,RENT,6,VENTURE,C,12000,14.65,1,0.25,Y,3
22,88200,MORTGAGE,1,VENTURE,D,19000,14.61,0,0.22,Y,3
22,49000,RENT,3,MEDICAL,D,15000,14.61,1,0.31,N,3
22,60000,MORTGAGE,6,EDUCATION,D,5000,14.61,0,0.08,Y,3
22,32968,RENT,2,DEBTCONSOLIDATION,D,5000,14.61,1,0.15,N,3
22,39300,MORTGAGE,5,EDUCATION,D,5325,14.59,0,0.14,Y,3
22,98000,MORTGAGE,5,EDUCATION,D,25000,14.46,0,0.26,N,3
22,70000,MORTGAGE,3,EDUCATION,D,18000,14.42,0,0.26,N,3
22,29570,RENT,6,MEDICAL,D,8000,14.42,1,0.27,N,3
22,74000,MORTGAGE,1,VENTURE,E,25000,14.38,1,0.34,Y,3
22,110000,MORTGAGE,2,VENTURE,C,14400,14.35,0,0.13,N,3
22,30000,RENT,4,EDUCATION,C,10000,14.35,1,0.33,N,3
22,39996,RENT,4,PERSONAL,C,3000,14.35,0,0.08,Y,3
22,31200,RENT,0,PERSONAL,D,8000,14.3,1,0.26,Y,3
22,15000,RENT,0,MEDICAL,D,1000,14.3,1,0.07,Y,3
22,34800,RENT,6,VENTURE,C,15000,14.27,1,0.43,Y,3
22,40320,RENT,0,DEBTCONSOLIDATION,C,12000,14.27,0,0.3,N,3
22,40000,RENT,4,EDUCATION,C,10000,14.27,0,0.25,Y,3
22,35000,RENT,3,DEBTCONSOLIDATION,C,8000,14.27,0,0.23,N,3
22,30000,RENT,7,EDUCATION,C,6000,14.27,1,0.2,N,3
22,55000,RENT,6,VENTURE,C,6000,14.27,0,0.11,N,3
22,23000,RENT,6,MEDICAL,C,4850,14.27,0,0.21,Y,3
22,34000,RENT,0,DEBTCONSOLIDATION,C,3500,14.27,0,0.1,Y,3
22,57000,RENT,0,DEBTCONSOLIDATION,C,1800,14.27,0,0.03,N,3
22,33000,RENT,1,MEDICAL,C,1400,14.27,0,0.04,Y,3
22,45000,RENT,0,EDUCATION,C,9000,14.26,0,0.2,Y,3
22,30000,RENT,3,EDUCATION,C,4100,14.26,0,0.14,Y,3
22,198000,MORTGAGE,6,DEBTCONSOLIDATION,C,24250,14.22,0,0.12,N,3
22,29654,RENT,3,EDUCATION,C,7000,14.22,1,0.24,N,3
22,105000,MORTGAGE,6,PERSONAL,C,6000,14.22,0,0.06,Y,3
22,36250,RENT,6,EDUCATION,C,6000,14.22,0,0.17,Y,3
22,21000,RENT,0,EDUCATION,C,2000,14.22,0,0.1,Y,3
22,110000,RENT,7,EDUCATION,C,20000,14.17,0,0.18,N,3
22,140000,RENT,4,VENTURE,C,15000,14.17,0,0.11,Y,3
22,59000,MORTGAGE,3,DEBTCONSOLIDATION,D,19750,14.11,1,0.33,Y,3
22,64000,RENT,7,EDUCATION,D,13000,14.11,0,0.2,Y,3
22,64000,RENT,7,VENTURE,D,13000,14.11,0,0.2,N,3
22,29950,RENT,0,HOMEIMPROVEMENT,D,10750,14.11,1,0.36,N,3
22,52000,RENT,6,PERSONAL,D,9000,14.11,0,0.17,Y,3
22,44004,MORTGAGE,3,VENTURE,D,9000,14.11,1,0.2,Y,3
22,52000,MORTGAGE,0,EDUCATION,C,20000,13.99,0,0.38,Y,3
22,60000,MORTGAGE,6,PERSONAL,C,12000,13.99,0,0.2,Y,3
22,44700,RENT,0,EDUCATION,C,4000,13.99,0,0.09,N,3
22,38400,RENT,4,EDUCATION,C,3500,13.99,0,0.09,N,3
22,32112,MORTGAGE,4,PERSONAL,C,15000,13.98,0,0.47,N,3
22,56004,OWN,5,EDUCATION,C,12000,13.98,0,0.21,N,3
22,33504,RENT,3,PERSONAL,C,12000,13.98,1,0.36,Y,3
22,52800,MORTGAGE,6,PERSONAL,C,6000,13.98,0,0.11,Y,3
22,35100,RENT,0,EDUCATION,C,1000,13.98,0,0.03,Y,3
22,45000,RENT,1,DEBTCONSOLIDATION,C,20000,13.92,1,0.44,Y,3
22,48000,RENT,1,PERSONAL,C,14000,13.92,1,0.29,N,3
22,84996,RENT,2,PERSONAL,C,8000,13.92,0,0.09,Y,3
22,35000,MORTGAGE,6,EDUCATION,C,7500,13.92,0,0.21,N,3
22,25200,MORTGAGE,1,PERSONAL,C,7000,13.92,0,0.28,N,3
22,42000,RENT,0,VENTURE,C,2500,13.92,0,0.06,Y,3
22,26400,RENT,0,HOMEIMPROVEMENT,C,2400,13.92,1,0.09,N,3
22,62000,MORTGAGE,2,EDUCATION,D,7500,13.87,0,0.12,N,3
22,62000,MORTGAGE,2,PERSONAL,D,7500,13.87,0,0.12,Y,3
22,24000,MORTGAGE,2,EDUCATION,D,3975,13.87,0,0.17,N,3
22,43000,RENT,7,DEBTCONSOLIDATION,C,24000,13.85,1,0.56,Y,3
22,36000,RENT,3,VENTURE,C,15000,13.85,1,0.42,N,3
22,100000,MORTGAGE,0,VENTURE,C,15000,13.85,0,0.15,N,3
22,100000,MORTGAGE,0,PERSONAL,C,15000,13.85,0,0.15,Y,3
22,55000,MORTGAGE,6,PERSONAL,C,13000,13.85,0,0.24,N,3
22,25000,RENT,2,PERSONAL,C,7000,13.85,0,0.28,Y,3
22,30000,RENT,4,EDUCATION,C,6500,13.85,0,0.22,Y,3
22,30000,RENT,4,MEDICAL,C,6500,13.85,0,0.22,N,3
22,33000,RENT,6,DEBTCONSOLIDATION,C,6000,13.85,0,0.18,N,3
22,33685,MORTGAGE,6,EDUCATION,C,5000,13.85,0,0.15,N,3
22,33685,MORTGAGE,6,DEBTCONSOLIDATION,C,5000,13.85,0,0.15,N,3
22,53000,MORTGAGE,6,EDUCATION,C,25000,13.8,1,0.47,N,3
22,38790,RENT,0,EDUCATION,C,4800,13.8,0,0.12,Y,3
22,70000,MORTGAGE,1,DEBTCONSOLIDATION,C,25000,13.79,1,0.36,N,3
22,126500,RENT,1,DEBTCONSOLIDATION,C,19200,13.79,0,0.15,Y,3
22,45000,RENT,7,EDUCATION,C,6200,13.79,0,0.14,N,3
22,110000,RENT,6,DEBTCONSOLIDATION,C,20000,13.72,0,0.18,N,3
22,144500,RENT,5,DEBTCONSOLIDATION,C,18000,13.72,0,0.12,N,3
22,60612,MORTGAGE,2,MEDICAL,C,18000,13.72,0,0.3,Y,3
22,43200,RENT,4,EDUCATION,C,3000,13.72,0,0.07,Y,3
22,82000,RENT,3,PERSONAL,C,21600,13.61,0,0.26,Y,3
22,96000,RENT,3,DEBTCONSOLIDATION,C,12000,13.61,0,0.13,Y,3
22,52000,RENT,1,EDUCATION,C,12000,13.61,0,0.23,Y,3
22,60000,MORTGAGE,7,VENTURE,C,7000,13.61,0,0.12,Y,3
22,53124,MORTGAGE,4,EDUCATION,C,6500,13.61,0,0.12,N,3
22,18000,RENT,,DEBTCONSOLIDATION,C,2400,13.61,0,0.13,Y,3
22,58900,RENT,2,MEDICAL,C,14900,13.57,0,0.25,N,3
22,97000,MORTGAGE,6,MEDICAL,C,10000,13.57,0,0.1,Y,3
22,50000,RENT,6,EDUCATION,C,10000,13.57,0,0.2,Y,3
22,32000,RENT,5,PERSONAL,C,9500,13.57,0,0.3,N,3
22,34000,RENT,2,HOMEIMPROVEMENT,C,2500,13.57,1,0.07,Y,3
22,12000,RENT,0,PERSONAL,C,1000,13.57,1,0.08,N,3
22,66000,RENT,6,MEDICAL,C,16800,13.49,0,0.25,Y,3
22,57460,RENT,1,EDUCATION,C,10400,13.49,0,0.18,Y,3
22,26400,RENT,0,VENTURE,C,10000,13.49,1,0.38,N,3
22,60000,RENT,2,DEBTCONSOLIDATION,C,8000,13.49,0,0.13,N,3
22,96000,MORTGAGE,6,EDUCATION,C,6000,13.49,0,0.06,N,3
22,57000,MORTGAGE,2,MEDICAL,C,5950,13.49,0,0.1,Y,3
22,21600,RENT,0,MEDICAL,C,4800,13.49,0,0.22,N,3
22,21600,RENT,2,EDUCATION,C,3000,13.49,0,0.14,N,3
22,34800,MORTGAGE,3,DEBTCONSOLIDATION,C,1500,13.49,0,0.04,Y,3
22,55000,MORTGAGE,6,EDUCATION,C,1400,13.49,0,0.03,N,3
22,55000,MORTGAGE,6,EDUCATION,C,1400,13.49,0,0.03,Y,3
22,108600,MORTGAGE,6,EDUCATION,C,14400,13.48,0,0.13,N,3
22,78700,RENT,6,VENTURE,C,14000,13.48,0,0.18,Y,3
22,60000,RENT,3,DEBTCONSOLIDATION,C,14000,13.48,0,0.23,Y,3
22,35000,OWN,2,VENTURE,C,13200,13.48,0,0.38,N,3
22,51000,MORTGAGE,3,VENTURE,C,13000,13.48,0,0.25,Y,3
22,54000,RENT,4,EDUCATION,C,8000,13.48,1,0.15,Y,3
22,48000,MORTGAGE,2,EDUCATION,C,7000,13.48,0,0.15,N,3
22,69500,MORTGAGE,6,MEDICAL,C,6000,13.48,0,0.09,N,3
22,32760,RENT,3,PERSONAL,C,5000,13.48,0,0.15,Y,3
22,36000,RENT,,MEDICAL,C,5000,13.48,0,0.14,N,3
22,65000,RENT,6,DEBTCONSOLIDATION,C,16000,13.47,0,0.25,Y,3
22,80000,RENT,0,EDUCATION,C,12000,13.47,0,0.15,N,3
22,60000,RENT,0,EDUCATION,C,12000,13.47,0,0.2,Y,3
22,62000,RENT,0,MEDICAL,C,8400,13.47,0,0.14,N,3
22,72204,RENT,2,PERSONAL,C,6700,13.47,0,0.09,N,3
22,64260,MORTGAGE,6,PERSONAL,C,9200,13.43,0,0.14,Y,3
22,44000,RENT,3,HOMEIMPROVEMENT,C,3600,13.43,1,0.08,Y,3
22,75000,RENT,6,EDUCATION,C,2000,13.43,0,0.03,N,3
22,47800,MORTGAGE,5,PERSONAL,C,1500,13.43,0,0.03,Y,3
22,54000,RENT,2,MEDICAL,D,10000,13.36,1,0.19,Y,3
22,60000,RENT,6,MEDICAL,C,15000,13.35,0,0.25,Y,3
22,34000,RENT,0,EDUCATION,D,16000,13.24,1,0.47,N,3
22,64000,MORTGAGE,6,VENTURE,C,15000,13.23,0,0.23,Y,3
22,64000,MORTGAGE,4,PERSONAL,C,14000,13.23,0,0.22,Y,3
22,32240,RENT,3,PERSONAL,C,15000,13.22,1,0.47,N,3
22,32000,RENT,2,VENTURE,C,10000,13.22,1,0.31,N,3
22,50663,RENT,0,DEBTCONSOLIDATION,C,7500,13.22,0,0.15,N,3
22,77182,RENT,6,EDUCATION,C,6800,13.22,0,0.09,N,3
22,34000,RENT,1,PERSONAL,C,6500,13.22,1,0.19,Y,3
22,30000,RENT,0,VENTURE,C,6300,13.22,0,0.21,Y,3
22,30000,RENT,0,EDUCATION,C,6300,13.22,0,0.21,Y,3
22,42000,RENT,0,VENTURE,C,4000,13.22,0,0.1,N,3
22,57800,RENT,6,DEBTCONSOLIDATION,C,11200,13.16,1,0.19,N,3
22,16000,RENT,0,EDUCATION,C,4750,13.16,1,0.3,N,3
22,40000,RENT,6,EDUCATION,C,14000,13.11,1,0.35,Y,3
22,140000,RENT,0,MEDICAL,C,14000,13.11,0,0.1,N,3
22,30000,RENT,2,VENTURE,C,13000,13.11,1,0.43,Y,3
22,30000,RENT,2,EDUCATION,C,13000,13.11,1,0.43,N,3
22,27120,RENT,5,EDUCATION,C,9250,13.11,1,0.34,N,3
22,27264,RENT,4,EDUCATION,C,5000,13.11,0,0.18,Y,3
22,20000,RENT,5,EDUCATION,C,3500,13.11,0,0.17,N,3
22,70000,RENT,4,EDUCATION,C,27500,13.06,1,0.39,Y,3
22,66000,RENT,6,EDUCATION,C,25000,13.06,1,0.38,Y,3
22,52000,MORTGAGE,6,EDUCATION,C,9750,13.06,0,0.19,N,3
22,54000,RENT,4,PERSONAL,C,8075,13.06,0,0.15,N,3
22,54000,RENT,4,MEDICAL,C,8075,13.06,0,0.15,N,3
22,98656,MORTGAGE,3,EDUCATION,C,7500,13.06,1,0.08,Y,3
22,42000,RENT,1,PERSONAL,D,20000,12.99,1,0.48,N,3
22,42000,MORTGAGE,6,VENTURE,C,14750,12.99,0,0.35,Y,3
22,165500,MORTGAGE,6,EDUCATION,C,12000,12.99,0,0.07,Y,3
22,72000,RENT,6,MEDICAL,C,12000,12.99,0,0.17,Y,3
22,48000,RENT,6,DEBTCONSOLIDATION,C,8000,12.99,0,0.17,Y,3
22,69528,RENT,6,PERSONAL,C,6000,12.99,0,0.09,Y,3
22,69528,RENT,6,VENTURE,C,6000,12.99,0,0.09,N,3
22,35000,RENT,1,EDUCATION,C,5700,12.99,0,0.16,N,3
22,52000,MORTGAGE,6,VENTURE,C,2650,12.99,0,0.05,Y,3
22,62000,RENT,6,PERSONAL,C,9200,12.98,0,0.15,N,3
22,54000,RENT,6,PERSONAL,C,6000,12.98,0,0.11,N,3
22,45000,RENT,0,EDUCATION,C,4000,12.98,0,0.09,Y,3
22,38004,OWN,0,VENTURE,D,3000,12.92,0,0.08,Y,3
22,41400,RENT,2,MEDICAL,C,17000,12.87,1,0.41,N,3
22,60000,RENT,0,EDUCATION,C,7200,12.87,0,0.12,Y,3
22,102000,OWN,1,MEDICAL,C,7000,12.87,0,0.07,N,3
22,40000,RENT,0,EDUCATION,C,6000,12.87,0,0.15,Y,3
22,42000,RENT,2,PERSONAL,C,5000,12.87,0,0.12,Y,3
22,55000,RENT,1,VENTURE,C,15000,12.84,0,0.27,N,3
22,46000,RENT,1,MEDICAL,C,12000,12.84,0,0.26,N,3
22,69996,OWN,2,VENTURE,C,8000,12.84,0,0.11,N,3
22,45000,RENT,1,DEBTCONSOLIDATION,C,8000,12.84,0,0.18,Y,3
22,60500,RENT,3,EDUCATION,C,7000,12.84,0,0.12,Y,3
22,29976,RENT,6,DEBTCONSOLIDATION,C,4550,12.84,0,0.15,N,3
22,58992,RENT,0,MEDICAL,C,3000,12.84,1,0.05,Y,3
22,24000,RENT,3,PERSONAL,C,1000,12.84,0,0.04,Y,3
22,41000,RENT,3,DEBTCONSOLIDATION,C,15000,12.73,1,0.37,N,3
22,45000,RENT,2,EDUCATION,C,9600,12.73,0,0.21,N,3
22,34000,RENT,4,DEBTCONSOLIDATION,C,5000,12.73,1,0.15,Y,3
22,66300,RENT,4,MEDICAL,B,30000,12.69,1,0.38,N,3
22,52500,RENT,1,MEDICAL,B,16000,12.69,1,0.3,N,3
22,75000,MORTGAGE,6,EDUCATION,B,14825,12.69,0,0.2,N,3
22,40000,MORTGAGE,6,PERSONAL,B,14400,12.69,0,0.36,N,3
22,40000,RENT,2,EDUCATION,B,6200,12.69,0,0.15,N,3
22,96000,MORTGAGE,4,EDUCATION,B,5500,12.69,0,0.06,N,3
22,72000,MORTGAGE,6,PERSONAL,B,5000,12.69,0,0.07,N,3
22,62400,RENT,2,VENTURE,B,5000,12.69,0,0.08,N,3
22,25000,RENT,2,VENTURE,B,4000,12.69,0,0.16,N,3
22,40000,RENT,1,EDUCATION,B,4000,12.69,0,0.1,N,3
22,38400,RENT,6,DEBTCONSOLIDATION,B,3600,12.69,0,0.09,N,3
22,80000,RENT,5,DEBTCONSOLIDATION,B,3600,12.69,0,0.04,N,3
22,31000,RENT,4,VENTURE,B,3600,12.69,0,0.12,N,3
22,25000,RENT,3,EDUCATION,B,3000,12.69,0,0.12,N,3
22,28000,RENT,0,MEDICAL,B,1200,12.69,0,0.04,N,3
22,46000,RENT,0,VENTURE,C,12000,12.68,0,0.26,Y,3
22,50000,RENT,7,MEDICAL,C,4800,12.68,0,0.1,N,3
22,20640,RENT,0,EDUCATION,C,2500,12.68,0,0.12,N,3
22,69600,RENT,6,DEBTCONSOLIDATION,C,1350,12.68,0,0.02,N,3
22,69600,RENT,6,DEBTCONSOLIDATION,C,1350,12.68,0,0.02,Y,3
22,44664,RENT,5,MEDICAL,C,1200,12.68,0,0.03,Y,3
22,50000,OWN,4,PERSONAL,B,5000,12.62,0,0.1,N,3
22,54996,RENT,0,EDUCATION,C,5000,12.54,0,0.09,Y,3
22,31000,MORTGAGE,0,MEDICAL,C,3000,12.54,0,0.1,N,3
22,89800,MORTGAGE,6,VENTURE,B,20000,12.53,0,0.22,N,3
22,51000,RENT,5,EDUCATION,B,20000,12.53,1,0.39,N,3
22,72204,OTHER,6,VENTURE,C,18000,12.53,0,0.25,N,3
22,50000,RENT,1,MEDICAL,B,16800,12.53,1,0.34,N,3
22,57000,MORTGAGE,6,EDUCATION,B,11400,12.53,0,0.2,N,3
22,49920,MORTGAGE,1,EDUCATION,C,10000,12.53,0,0.2,N,3
22,49000,MORTGAGE,2,VENTURE,B,8500,12.53,0,0.17,N,3
22,45000,MORTGAGE,1,EDUCATION,B,8000,12.53,0,0.18,N,3
22,46000,MORTGAGE,0,MEDICAL,B,8000,12.53,1,0.17,N,3
22,45000,RENT,0,MEDICAL,B,3500,12.53,0,0.08,N,3
22,15360,OWN,7,HOMEIMPROVEMENT,B,2500,12.53,1,0.16,N,3
22,57996,MORTGAGE,2,VENTURE,B,2500,12.53,0,0.04,N,3
22,31000,RENT,5,DEBTCONSOLIDATION,B,21250,12.42,1,0.69,N,3
22,75000,RENT,2,EDUCATION,B,19600,12.42,0,0.26,N,3
22,33000,RENT,6,PERSONAL,B,10000,12.42,1,0.3,N,3
22,81000,MORTGAGE,5,EDUCATION,B,9100,12.42,0,0.11,N,3
22,46200,RENT,5,EDUCATION,B,6200,12.42,0,0.13,N,3
22,37008,RENT,2,PERSONAL,B,3600,12.42,0,0.1,N,3
22,16200,OWN,6,PERSONAL,B,2000,12.42,0,0.12,N,3
22,35000,RENT,1,VENTURE,C,8000,12.41,0,0.23,N,3
22,69000,MORTGAGE,6,PERSONAL,C,7800,12.41,0,0.11,Y,3
22,44004,MORTGAGE,0,PERSONAL,C,6300,12.29,0,0.14,Y,3
22,58380,RENT,2,VENTURE,C,5000,12.29,0,0.09,N,3
22,50004,RENT,3,VENTURE,C,25000,12.23,1,0.5,N,3
22,32000,RENT,7,EDUCATION,C,14000,12.23,1,0.44,N,3
22,32000,RENT,7,MEDICAL,C,14000,12.23,1,0.44,N,3
22,50000,RENT,3,MEDICAL,C,13000,12.23,0,0.26,N,3
22,50000,RENT,3,VENTURE,C,13000,12.23,0,0.26,N,3
22,54000,MORTGAGE,5,EDUCATION,C,12000,12.23,0,0.22,Y,3
22,84996,RENT,6,VENTURE,C,5000,12.23,0,0.06,Y,3
22,39000,RENT,2,MEDICAL,C,5000,12.23,1,0.13,Y,3
22,10800,RENT,,VENTURE,C,3600,12.23,1,0.33,Y,3
22,10800,RENT,,MEDICAL,C,3600,12.23,1,0.33,Y,3
22,60000,MORTGAGE,5,VENTURE,B,20000,12.21,0,0.33,N,3
22,100000,RENT,0,PERSONAL,B,20000,12.21,0,0.2,N,3
22,55992,RENT,6,VENTURE,B,14000,12.21,0,0.25,N,3
22,46500,MORTGAGE,1,EDUCATION,B,12000,12.21,0,0.26,N,3
22,32244,RENT,2,VENTURE,B,11100,12.21,1,0.34,N,3
22,83252,RENT,4,VENTURE,B,10400,12.21,0,0.12,N,3
22,38000,MORTGAGE,5,DEBTCONSOLIDATION,B,10000,12.21,0,0.26,N,3
22,24000,OWN,6,MEDICAL,B,5000,12.21,0,0.21,N,3
22,60000,RENT,6,PERSONAL,B,4000,12.21,0,0.07,N,3
22,30000,RENT,0,VENTURE,B,3600,12.21,0,0.12,N,3
22,39900,RENT,4,VENTURE,B,19000,12.18,1,0.48,N,3
22,54288,RENT,3,VENTURE,B,15350,12.18,0,0.28,N,3
22,24000,RENT,2,HOMEIMPROVEMENT,B,6000,12.18,1,0.25,N,3
22,50000,MORTGAGE,5,PERSONAL,B,2000,12.18,0,0.04,N,3
22,18000,RENT,1,MEDICAL,B,1800,12.18,1,0.1,N,3
22,73000,MORTGAGE,3,MEDICAL,B,17000,11.99,0,0.23,N,3
22,60000,MORTGAGE,6,EDUCATION,B,16800,11.99,0,0.28,N,3
22,80000,MORTGAGE,6,EDUCATION,B,16000,11.99,0,0.2,N,3
22,84000,MORTGAGE,6,PERSONAL,B,12000,11.99,0,0.14,N,3
22,52000,RENT,6,EDUCATION,B,12000,11.99,0,0.23,N,3
22,85000,MORTGAGE,0,EDUCATION,B,12000,11.99,0,0.14,N,3
22,40000,RENT,2,DEBTCONSOLIDATION,B,7000,11.99,0,0.17,N,3
22,48000,RENT,3,DEBTCONSOLIDATION,B,6700,11.99,0,0.14,N,3
22,60000,RENT,6,MEDICAL,B,6000,11.99,0,0.1,N,3
22,30000,MORTGAGE,2,MEDICAL,B,6000,11.99,0,0.2,N,3
22,48000,RENT,1,DEBTCONSOLIDATION,B,4100,11.99,0,0.09,N,3
22,105000,MORTGAGE,6,DEBTCONSOLIDATION,B,3650,11.99,0,0.03,N,3
22,32000,RENT,0,MEDICAL,B,2400,11.99,0,0.07,N,3
22,51420,RENT,6,PERSONAL,C,8400,11.97,0,0.16,Y,3
22,40000,RENT,3,EDUCATION,B,12000,11.89,0,0.3,N,3
22,62496,RENT,6,PERSONAL,B,10000,11.89,1,0.16,N,3
22,41300,RENT,6,EDUCATION,B,4800,11.89,0,0.12,N,3
22,20000,RENT,1,EDUCATION,B,4000,11.89,0,0.2,N,3
22,51000,MORTGAGE,3,HOMEIMPROVEMENT,B,12000,11.86,1,0.24,N,3
22,91000,RENT,2,PERSONAL,B,8000,11.86,0,0.09,N,3
22,57000,MORTGAGE,5,PERSONAL,B,7500,11.86,0,0.13,N,3
22,39996,RENT,0,PERSONAL,B,7500,11.86,0,0.19,N,3
22,56004,MORTGAGE,6,MEDICAL,B,6000,11.86,0,0.11,N,3
22,30000,RENT,2,PERSONAL,B,5500,11.86,0,0.18,N,3
22,60000,RENT,2,MEDICAL,B,5125,11.86,0,0.09,N,3
22,23448,RENT,,DEBTCONSOLIDATION,B,4800,11.86,0,0.2,N,3
22,130000,MORTGAGE,6,MEDICAL,B,25000,11.83,0,0.19,N,3
22,49464,RENT,5,PERSONAL,B,25000,11.83,1,0.51,N,3
22,47472,MORTGAGE,6,VENTURE,B,20000,11.83,0,0.42,N,3
22,105000,MORTGAGE,6,DEBTCONSOLIDATION,B,12800,11.83,0,0.12,N,3
22,74000,MORTGAGE,3,PERSONAL,B,10000,11.83,1,0.14,N,3
22,45000,MORTGAGE,3,EDUCATION,B,4000,11.83,0,0.09,N,3
22,35000,RENT,0,PERSONAL,B,3600,11.83,0,0.1,N,3
22,36000,RENT,6,DEBTCONSOLIDATION,B,18200,11.71,1,0.51,N,3
22,88000,MORTGAGE,6,PERSONAL,B,16000,11.71,0,0.18,N,3
22,60000,RENT,0,EDUCATION,B,15000,11.71,0,0.25,N,3
22,60000,RENT,0,EDUCATION,B,15000,11.71,0,0.25,N,3
22,46000,RENT,3,EDUCATION,B,12000,11.71,0,0.26,N,3
22,90000,RENT,6,MEDICAL,B,10200,11.71,0,0.11,N,3
22,52000,RENT,6,VENTURE,B,10000,11.71,0,0.19,N,3
22,50000,RENT,5,PERSONAL,B,10000,11.71,0,0.2,N,3
22,80000,MORTGAGE,5,VENTURE,B,9500,11.71,0,0.12,N,3
22,55000,RENT,6,PERSONAL,B,8000,11.71,0,0.15,N,3
22,30000,RENT,5,VENTURE,B,7200,11.71,0,0.24,N,3
22,51800,MORTGAGE,4,EDUCATION,B,7200,11.71,0,0.14,N,3
22,22800,MORTGAGE,0,HOMEIMPROVEMENT,B,7125,11.71,1,0.31,N,3
22,62502,RENT,3,PERSONAL,B,6400,11.71,0,0.1,N,3
22,72060,MORTGAGE,7,EDUCATION,B,5500,11.71,0,0.08,N,3
22,40000,MORTGAGE,6,VENTURE,B,4500,11.71,0,0.11,N,3
22,72500,RENT,6,DEBTCONSOLIDATION,B,4200,11.71,0,0.06,N,3
22,77250,RENT,3,PERSONAL,B,4000,11.71,0,0.05,N,3
22,36000,RENT,0,PERSONAL,B,3000,11.71,0,0.08,N,3
22,22000,MORTGAGE,0,MEDICAL,B,2400,11.71,0,0.11,N,3
22,30000,RENT,2,DEBTCONSOLIDATION,C,15000,11.66,1,0.5,Y,3
22,29280,MORTGAGE,0,EDUCATION,C,12000,11.66,1,0.41,Y,3
22,31000,RENT,5,PERSONAL,B,14500,11.58,1,0.47,N,3
22,41244,MORTGAGE,6,DEBTCONSOLIDATION,B,11500,11.58,1,0.28,N,3
22,38400,RENT,4,VENTURE,C,16000,11.54,1,0.42,Y,3
22,22000,RENT,6,MEDICAL,C,4350,11.54,0,0.2,N,3
22,110196,MORTGAGE,6,MEDICAL,B,25000,11.49,0,0.23,N,3
22,40000,RENT,4,DEBTCONSOLIDATION,B,14125,11.49,1,0.35,N,3
22,36000,RENT,1,PERSONAL,B,12200,11.49,1,0.34,N,3
22,93218,MORTGAGE,5,MEDICAL,B,12000,11.49,0,0.13,N,3
22,75000,RENT,4,PERSONAL,B,12000,11.49,0,0.16,N,3
22,32500,RENT,0,VENTURE,B,12000,11.49,1,0.37,N,3
22,66000,MORTGAGE,6,DEBTCONSOLIDATION,B,10000,11.49,0,0.15,N,3
22,57500,RENT,1,VENTURE,B,9100,11.49,0,0.16,N,3
22,69000,RENT,5,MEDICAL,B,8650,11.49,0,0.13,N,3
22,21600,RENT,3,MEDICAL,B,8000,11.49,1,0.37,N,3
22,40000,MORTGAGE,3,DEBTCONSOLIDATION,B,7500,11.49,0,0.19,N,3
22,75000,RENT,5,VENTURE,B,5000,11.49,0,0.07,N,3
22,65000,RENT,3,EDUCATION,B,5000,11.49,0,0.08,N,3
22,72000,RENT,1,MEDICAL,B,5000,11.49,0,0.07,N,3
22,38400,MORTGAGE,,PERSONAL,B,5000,11.49,0,0.13,N,3
22,26400,MORTGAGE,2,VENTURE,B,4400,11.49,0,0.17,N,3
22,30000,RENT,3,PERSONAL,B,4000,11.49,0,0.13,N,3
22,35000,MORTGAGE,7,PERSONAL,B,3500,11.49,0,0.1,N,3
22,43000,OWN,5,VENTURE,B,3500,11.49,0,0.08,N,3
22,100000,MORTGAGE,6,EDUCATION,B,3000,11.49,0,0.03,N,3
22,30000,MORTGAGE,6,DEBTCONSOLIDATION,B,3000,11.49,0,0.1,N,3
22,21000,MORTGAGE,4,DEBTCONSOLIDATION,B,3000,11.49,0,0.14,N,3
22,18000,OWN,,VENTURE,B,2000,11.49,0,0.11,N,3
22,57564,MORTGAGE,6,MEDICAL,B,21000,11.48,0,0.36,N,3
22,57564,MORTGAGE,6,DEBTCONSOLIDATION,B,21000,11.48,0,0.36,N,3
22,77000,MORTGAGE,5,EDUCATION,B,21000,11.48,0,0.27,N,3
22,77000,MORTGAGE,5,EDUCATION,B,21000,11.48,0,0.27,N,3
22,66000,MORTGAGE,4,EDUCATION,B,17500,11.48,0,0.27,N,3
22,36000,RENT,0,PERSONAL,B,15850,11.48,1,0.44,N,3
22,80000,MORTGAGE,0,EDUCATION,B,15000,11.48,0,0.19,N,3
22,32647,RENT,7,VENTURE,B,10000,11.48,1,0.31,N,3
22,25200,MORTGAGE,0,MEDICAL,B,1000,11.48,1,0.04,N,3
22,81996,MORTGAGE,6,PERSONAL,B,10000,11.46,1,0.12,N,3
22,82000,MORTGAGE,3,PERSONAL,B,8300,11.46,0,0.1,N,3
22,29000,RENT,4,VENTURE,B,6000,11.46,0,0.21,N,3
22,48000,OWN,4,PERSONAL,B,2400,11.46,0,0.05,N,3
22,57860,MORTGAGE,1,EDUCATION,C,20000,11.41,0,0.35,N,3
22,72000,RENT,3,EDUCATION,C,7500,11.41,0,0.1,N,3
22,73000,RENT,1,VENTURE,C,1800,11.41,0,0.02,N,3
22,166000,MORTGAGE,1,EDUCATION,B,23450,11.36,0,0.14,N,3
22,65000,RENT,0,MEDICAL,B,15000,11.36,0,0.23,N,3
22,70000,MORTGAGE,6,MEDICAL,B,11000,11.36,0,0.16,N,3
22,38004,RENT,2,DEBTCONSOLIDATION,B,8000,11.36,0,0.21,N,3
22,31000,RENT,5,MEDICAL,B,5550,11.36,1,0.18,N,3
22,31000,RENT,5,PERSONAL,B,5550,11.36,1,0.18,N,3
22,80000,MORTGAGE,5,VENTURE,B,5000,11.36,0,0.06,N,3
22,38000,RENT,0,EDUCATION,B,2000,11.36,0,0.05,N,3
22,24432,RENT,0,EDUCATION,B,2000,11.36,0,0.08,N,3
22,57160,RENT,2,MEDICAL,B,1500,11.36,0,0.03,N,3
22,78000,RENT,6,DEBTCONSOLIDATION,B,21600,11.26,1,0.28,N,3
22,70000,OWN,0,MEDICAL,B,15000,11.26,0,0.21,N,3
22,87000,RENT,4,EDUCATION,B,10000,11.26,0,0.11,N,3
22,58000,RENT,6,EDUCATION,B,1000,11.26,0,0.02,N,3
22,169000,RENT,1,PERSONAL,B,14000,11.14,0,0.08,N,3
22,48526,MORTGAGE,0,EDUCATION,B,13500,11.14,0,0.28,N,3
22,130000,MORTGAGE,2,EDUCATION,B,13000,11.14,0,0.1,N,3
22,36000,RENT,2,VENTURE,B,10000,11.14,0,0.28,N,3
22,60000,RENT,6,PERSONAL,B,8000,11.14,0,0.13,N,3
22,70000,RENT,3,PERSONAL,B,5600,11.14,0,0.08,N,3
22,155000,MORTGAGE,7,DEBTCONSOLIDATION,B,4000,11.14,0,0.03,N,3
22,54000,MORTGAGE,0,EDUCATION,B,4000,11.14,1,0.07,N,3
22,25000,RENT,0,DEBTCONSOLIDATION,B,2500,11.14,0,0.1,N,3
22,60000,OWN,,EDUCATION,B,20000,11.12,0,0.33,N,3
22,50000,MORTGAGE,6,PERSONAL,B,8000,11.12,0,0.16,N,3
22,51000,MORTGAGE,6,PERSONAL,B,7000,11.12,0,0.14,N,3
22,36396,MORTGAGE,6,EDUCATION,B,5500,11.12,0,0.15,N,3
22,29865,RENT,6,EDUCATION,B,5000,11.12,1,0.17,N,3
22,15708,RENT,,HOMEIMPROVEMENT,B,4000,11.12,1,0.25,N,3
22,30000,RENT,3,PERSONAL,B,3000,11.12,0,0.1,N,3
22,48000,RENT,2,EDUCATION,B,2600,11.12,0,0.05,N,3
22,150000,MORTGAGE,3,VENTURE,B,25000,11.11,0,0.17,N,3
22,44000,RENT,5,HOMEIMPROVEMENT,B,15000,11.11,1,0.34,N,3
22,100000,MORTGAGE,3,VENTURE,B,12000,11.11,0,0.12,N,3
22,39000,RENT,1,EDUCATION,B,12000,11.11,1,0.31,N,3
22,60000,MORTGAGE,7,EDUCATION,B,10950,11.11,0,0.18,N,3
22,65000,MORTGAGE,2,VENTURE,B,10000,11.11,0,0.15,N,3
22,39860,RENT,6,PERSONAL,B,8000,11.11,0,0.2,N,3
22,30000,RENT,2,DEBTCONSOLIDATION,B,8000,11.11,1,0.27,N,3
22,40000,RENT,1,DEBTCONSOLIDATION,B,7000,11.11,0,0.17,N,3
22,50000,MORTGAGE,3,PERSONAL,B,6000,11.11,0,0.12,N,3
22,59004,RENT,3,EDUCATION,B,5000,11.11,1,0.08,N,3
22,45000,RENT,3,PERSONAL,B,5000,11.11,0,0.11,N,3
22,26400,RENT,6,EDUCATION,B,1500,11.11,0,0.06,N,3
22,37500,RENT,4,PERSONAL,C,5000,11.03,0,0.13,Y,3
22,60000,RENT,0,VENTURE,B,25475,10.99,1,0.42,N,3
22,78000,MORTGAGE,6,EDUCATION,B,18000,10.99,0,0.23,N,3
22,51168,MORTGAGE,6,VENTURE,B,15500,10.99,0,0.3,N,3
22,76000,MORTGAGE,0,EDUCATION,B,15000,10.99,0,0.2,N,3
22,36000,OWN,6,EDUCATION,B,14500,10.99,0,0.4,N,3
22,30000,MORTGAGE,2,EDUCATION,B,13250,10.99,0,0.44,N,3
22,48000,MORTGAGE,2,VENTURE,B,13000,10.99,0,0.27,N,3
22,30000,RENT,1,EDUCATION,B,12000,10.99,1,0.4,N,3
22,75000,RENT,3,EDUCATION,B,10600,10.99,0,0.14,N,3
22,140000,MORTGAGE,6,EDUCATION,B,10000,10.99,0,0.07,N,3
22,28000,MORTGAGE,6,PERSONAL,B,10000,10.99,0,0.36,N,3
22,55000,OWN,1,VENTURE,B,10000,10.99,0,0.18,N,3
22,72000,RENT,0,VENTURE,B,9975,10.99,0,0.14,N,3
22,33000,RENT,5,DEBTCONSOLIDATION,B,7800,10.99,0,0.24,N,3
22,64000,MORTGAGE,5,VENTURE,B,6000,10.99,0,0.09,N,3
22,30000,MORTGAGE,1,PERSONAL,B,5500,10.99,0,0.18,N,3
22,26004,RENT,5,VENTURE,B,4800,10.99,0,0.18,N,3
22,65004,OWN,3,VENTURE,B,4000,10.99,0,0.06,N,3
22,14400,OWN,2,MEDICAL,B,4000,10.99,1,0.28,N,3
22,30000,RENT,2,DEBTCONSOLIDATION,B,3600,10.99,0,0.12,N,3
22,45000,MORTGAGE,1,EDUCATION,B,3300,10.99,0,0.07,N,3
22,50000,RENT,6,PERSONAL,B,3000,10.99,0,0.06,N,3
22,71400,MORTGAGE,,EDUCATION,B,3000,10.99,0,0.04,N,3
22,24996,RENT,0,MEDICAL,B,2500,10.99,1,0.1,N,3
22,43000,RENT,5,VENTURE,B,2400,10.99,0,0.06,N,3
22,54000,OWN,2,VENTURE,B,2000,10.99,0,0.04,N,3
22,43000,RENT,6,PERSONAL,B,13500,10.95,1,0.31,N,3
22,37000,MORTGAGE,6,VENTURE,B,7500,10.95,0,0.2,N,3
22,59000,RENT,2,EDUCATION,B,6500,10.95,0,0.11,N,3
22,32004,MORTGAGE,6,EDUCATION,B,10000,10.83,0,0.31,N,3
22,70000,MORTGAGE,4,VENTURE,B,13750,10.75,0,0.2,N,3
22,70000,MORTGAGE,4,VENTURE,B,13750,10.75,0,0.2,N,3
22,38004,RENT,5,EDUCATION,B,12000,10.75,1,0.32,N,3
22,36000,RENT,6,EDUCATION,B,6000,10.75,0,0.17,N,3
22,54996,RENT,4,VENTURE,B,6000,10.75,0,0.11,N,3
22,54996,MORTGAGE,3,EDUCATION,B,5000,10.75,0,0.09,N,3
22,21000,RENT,5,MEDICAL,B,4800,10.75,0,0.23,N,3
22,80070,MORTGAGE,6,EDUCATION,B,27525,10.74,0,0.34,N,3
22,100000,RENT,2,MEDICAL,B,14400,10.74,0,0.14,N,3
22,75000,RENT,6,VENTURE,B,12000,10.74,0,0.16,N,3
22,59000,RENT,2,DEBTCONSOLIDATION,B,11000,10.74,0,0.19,N,3
22,27000,OWN,3,VENTURE,B,10800,10.74,0,0.4,N,3
22,100000,MORTGAGE,6,EDUCATION,B,10000,10.74,0,0.1,N,3
22,38004,RENT,6,VENTURE,B,10000,10.74,0,0.26,N,3
22,40000,MORTGAGE,5,MEDICAL,B,8000,10.74,0,0.2,N,3
22,57600,MORTGAGE,6,VENTURE,B,6000,10.74,0,0.1,N,3
22,34800,RENT,,DEBTCONSOLIDATION,B,4000,10.74,0,0.11,N,3
22,59000,RENT,2,PERSONAL,B,21000,10.71,1,0.36,N,3
22,46610,RENT,6,DEBTCONSOLIDATION,B,18000,10.71,1,0.39,N,3
22,27000,RENT,5,DEBTCONSOLIDATION,B,2925,10.71,0,0.11,N,3
22,48000,RENT,7,VENTURE,B,20000,10.65,1,0.42,N,3
22,50000,MORTGAGE,6,EDUCATION,B,13000,10.65,0,0.26,N,3
22,74000,RENT,6,PERSONAL,B,12600,10.65,0,0.17,N,3
22,33640,MORTGAGE,4,VENTURE,B,12000,10.65,0,0.36,N,3
22,25920,MORTGAGE,7,VENTURE,B,11325,10.65,0,0.44,N,3
22,45000,RENT,4,EDUCATION,B,10000,10.65,0,0.22,N,3
22,100000,RENT,3,EDUCATION,B,10000,10.65,0,0.1,N,3
22,26000,RENT,1,DEBTCONSOLIDATION,B,10000,10.65,1,0.38,N,3
22,52000,RENT,0,MEDICAL,B,9000,10.65,0,0.17,N,3
22,18000,RENT,1,EDUCATION,B,7000,10.65,1,0.39,N,3
22,37080,RENT,6,PERSONAL,B,2400,10.65,1,0.06,N,3
22,111000,RENT,1,VENTURE,B,15000,10.62,0,0.14,N,3
22,30000,RENT,4,EDUCATION,B,12000,10.62,1,0.4,N,3
22,48000,MORTGAGE,7,VENTURE,B,6500,10.62,0,0.14,N,3
22,46500,MORTGAGE,1,EDUCATION,B,4000,10.62,0,0.09,N,3
22,53000,OWN,7,VENTURE,B,2250,10.62,0,0.04,N,3
22,60000,RENT,5,EDUCATION,B,15000,10.59,0,0.25,N,3
22,46000,RENT,3,EDUCATION,B,11000,10.59,0,0.24,N,3
22,54500,MORTGAGE,6,EDUCATION,B,7500,10.59,0,0.14,N,3
22,27600,RENT,7,MEDICAL,B,7200,10.59,0,0.26,N,3
22,41600,MORTGAGE,0,DEBTCONSOLIDATION,B,6800,10.59,0,0.16,N,3
22,51600,MORTGAGE,6,EDUCATION,B,4200,10.59,0,0.08,N,3
22,38400,RENT,5,EDUCATION,B,4000,10.59,0,0.1,N,3
22,55500,RENT,6,MEDICAL,B,3000,10.59,0,0.05,N,3
22,28000,RENT,4,EDUCATION,B,3000,10.59,0,0.11,N,3
22,18000,RENT,3,DEBTCONSOLIDATION,B,3000,10.59,1,0.17,N,3
22,19200,OWN,0,VENTURE,B,2400,10.59,0,0.13,N,3
22,25000,RENT,1,EDUCATION,B,2050,10.59,0,0.08,N,3
22,33996,RENT,1,DEBTCONSOLIDATION,B,8000,10.51,1,0.24,N,3
22,84000,MORTGAGE,3,EDUCATION,B,10000,10.38,0,0.12,N,3
22,22500,RENT,2,DEBTCONSOLIDATION,B,7000,10.38,1,0.31,N,3
22,54000,RENT,3,DEBTCONSOLIDATION,B,16075,10.37,0,0.3,N,3
22,72000,OWN,6,VENTURE,B,16000,10.37,0,0.22,N,3
22,68000,RENT,7,MEDICAL,B,15000,10.37,0,0.22,N,3
22,44172,RENT,4,PERSONAL,B,15000,10.37,1,0.34,N,3
22,52500,RENT,2,EDUCATION,B,15000,10.37,0,0.29,N,3
22,39000,RENT,4,MEDICAL,B,14000,10.37,1,0.36,N,3
22,59000,RENT,6,PERSONAL,B,12000,10.37,0,0.2,N,3
22,60000,RENT,2,MEDICAL,B,12000,10.37,0,0.2,N,3
22,27000,OWN,0,MEDICAL,B,7750,10.37,0,0.29,N,3
22,65700,RENT,7,PERSONAL,B,6800,10.37,0,0.1,N,3
22,43000,MORTGAGE,0,PERSONAL,B,6650,10.37,0,0.15,N,3
22,66996,MORTGAGE,6,EDUCATION,B,6000,10.37,0,0.09,N,3
22,36000,RENT,1,HOMEIMPROVEMENT,B,3000,10.37,1,0.08,N,3
22,46800,RENT,5,DEBTCONSOLIDATION,B,2800,10.37,0,0.06,N,3
22,50000,MORTGAGE,5,VENTURE,B,10000,10.36,0,0.2,N,3
22,49500,MORTGAGE,5,VENTURE,B,10000,10.36,0,0.2,N,3
22,36000,RENT,4,EDUCATION,B,6000,10.36,0,0.17,N,3
22,65000,MORTGAGE,0,MEDICAL,B,3000,10.36,0,0.05,N,3
22,30000,RENT,0,EDUCATION,B,5000,10.33,0,0.17,N,3
22,27376,RENT,0,EDUCATION,C,10000,10.28,1,0.37,N,3
22,38000,RENT,0,EDUCATION,C,3000,10.28,0,0.08,N,3
22,98000,MORTGAGE,6,PERSONAL,B,25000,10.25,1,0.26,N,3
22,53000,RENT,3,MEDICAL,B,21250,10.25,1,0.4,N,3
22,34000,RENT,0,VENTURE,B,18250,10.25,1,0.54,N,3
22,96384,MORTGAGE,6,VENTURE,B,18000,10.25,0,0.19,N,3
22,50000,MORTGAGE,5,EDUCATION,B,15000,10.25,0,0.3,N,3
22,72000,OWN,1,PERSONAL,B,15000,10.25,0,0.21,N,3
22,63000,RENT,2,EDUCATION,B,12500,10.25,0,0.2,N,3
22,33600,RENT,3,EDUCATION,B,10000,10.25,0,0.3,N,3
22,50000,RENT,3,DEBTCONSOLIDATION,B,6000,10.25,0,0.12,N,3
22,79200,MORTGAGE,6,VENTURE,B,4750,10.25,0,0.06,N,3
22,19200,RENT,0,VENTURE,B,4000,10.25,1,0.21,N,3
22,71000,MORTGAGE,6,DEBTCONSOLIDATION,B,3200,10.25,1,0.05,N,3
22,28000,RENT,6,PERSONAL,B,1000,10.25,1,0.04,N,3
22,32000,RENT,0,PERSONAL,B,3200,10.2,0,0.1,N,3
22,40000,MORTGAGE,1,EDUCATION,B,13025,10.14,0,0.33,N,3
22,75000,RENT,2,EDUCATION,B,21000,10,0,0.28,N,3
22,60000,MORTGAGE,7,PERSONAL,B,12000,10,0,0.2,N,3
22,60000,MORTGAGE,7,EDUCATION,B,12000,10,0,0.2,N,3
22,36000,RENT,6,EDUCATION,B,6000,10,0,0.17,N,3
22,30000,OWN,,EDUCATION,B,5125,10,0,0.17,N,3
22,54000,MORTGAGE,6,DEBTCONSOLIDATION,B,3000,10,0,0.06,N,3
22,74263,MORTGAGE,3,MEDICAL,B,11500,9.99,0,0.15,N,3
22,29000,RENT,2,EDUCATION,B,10500,9.99,1,0.36,N,3
22,53500,RENT,2,EDUCATION,B,10000,9.99,0,0.19,N,3
22,38000,MORTGAGE,2,MEDICAL,B,8000,9.99,0,0.21,N,3
22,60000,RENT,6,MEDICAL,B,7500,9.99,0,0.13,N,3
22,35350,RENT,3,DEBTCONSOLIDATION,B,7000,9.99,0,0.2,N,3
22,28000,RENT,5,DEBTCONSOLIDATION,B,6900,9.99,0,0.25,N,3
22,28000,RENT,5,PERSONAL,B,6900,9.99,0,0.25,N,3
22,110000,MORTGAGE,6,VENTURE,B,6000,9.99,0,0.05,N,3
22,68000,RENT,7,PERSONAL,B,5000,9.99,0,0.07,N,3
22,36996,RENT,3,VENTURE,B,5000,9.99,0,0.14,N,3
22,38000,MORTGAGE,5,EDUCATION,B,4800,9.99,0,0.13,N,3
22,55000,RENT,7,MEDICAL,B,3500,9.99,0,0.06,N,3
22,24240,RENT,3,VENTURE,B,3500,9.99,0,0.14,N,3
22,25000,MORTGAGE,0,HOMEIMPROVEMENT,B,3000,9.99,1,0.12,N,3
22,36000,MORTGAGE,6,MEDICAL,B,1000,9.99,0,0.03,N,3
22,18000,OWN,1,DEBTCONSOLIDATION,B,3000,9.96,1,0.17,N,3
22,88000,RENT,6,VENTURE,B,28000,9.91,1,0.32,N,3
22,93000,RENT,1,EDUCATION,B,21000,9.91,0,0.23,N,3
22,31215,OWN,,EDUCATION,B,14000,9.91,0,0.45,N,3
22,45000,RENT,3,MEDICAL,B,5000,9.91,0,0.11,N,3
22,48000,RENT,6,EDUCATION,B,4000,9.91,0,0.08,N,3
22,16800,RENT,1,EDUCATION,B,3050,9.91,1,0.18,N,3
22,15000,RENT,3,EDUCATION,B,3000,9.91,1,0.2,N,3
22,13200,RENT,0,HOMEIMPROVEMENT,B,2500,9.91,1,0.19,N,3
22,41000,MORTGAGE,0,DEBTCONSOLIDATION,B,7750,9.88,0,0.19,N,3
22,51500,MORTGAGE,6,EDUCATION,B,7500,9.88,0,0.15,N,3
22,90000,MORTGAGE,6,EDUCATION,B,6400,9.88,0,0.07,N,3
22,90000,MORTGAGE,6,MEDICAL,B,6400,9.88,0,0.07,N,3
22,36000,RENT,,MEDICAL,B,1000,9.88,0,0.03,N,3
22,72000,MORTGAGE,6,VENTURE,B,25000,9.83,0,0.35,N,3
22,20000,MORTGAGE,0,PERSONAL,B,16600,9.76,0,0.83,N,3
22,22596,RENT,4,DEBTCONSOLIDATION,B,7500,9.76,1,0.33,N,3
22,67500,RENT,1,VENTURE,B,7500,9.76,0,0.11,N,3
22,12000,RENT,1,VENTURE,B,4000,9.76,1,0.33,N,3
22,24000,RENT,6,DEBTCONSOLIDATION,B,7125,9.67,0,0.3,N,3
22,99600,MORTGAGE,6,MEDICAL,B,5000,9.67,0,0.05,N,3
22,57000,RENT,6,EDUCATION,B,22000,9.63,1,0.39,N,3
22,42000,RENT,6,MEDICAL,B,15000,9.63,1,0.36,N,3
22,61300,MORTGAGE,4,VENTURE,A,13000,9.63,0,0.21,N,3
22,24996,RENT,4,PERSONAL,B,12000,9.63,1,0.48,N,3
22,25000,OWN,1,PERSONAL,A,11100,9.63,0,0.44,N,3
22,25000,OWN,1,EDUCATION,A,11100,9.63,0,0.44,N,3
22,43200,OWN,6,PERSONAL,A,10000,9.63,0,0.23,N,3
22,48000,MORTGAGE,6,EDUCATION,A,9925,9.63,0,0.21,N,3
22,65000,MORTGAGE,4,EDUCATION,A,9000,9.63,0,0.14,N,3
22,65000,MORTGAGE,4,EDUCATION,A,9000,9.63,0,0.14,N,3
22,54000,RENT,4,VENTURE,B,5600,9.63,0,0.1,N,3
22,34000,MORTGAGE,6,EDUCATION,A,5000,9.63,0,0.15,N,3
22,83000,RENT,4,EDUCATION,A,3000,9.63,0,0.04,N,3
22,60000,MORTGAGE,2,EDUCATION,A,1000,9.63,0,0.02,N,3
22,75000,RENT,0,MEDICAL,B,10800,9.62,0,0.14,N,3
22,48000,RENT,1,EDUCATION,B,7200,9.62,0,0.15,N,3
22,42000,RENT,3,DEBTCONSOLIDATION,B,1000,9.62,0,0.02,N,3
22,51600,RENT,0,PERSONAL,B,10000,9.51,0,0.19,N,3
22,65000,RENT,0,PERSONAL,B,10000,9.45,0,0.15,N,3
22,39000,RENT,0,HOMEIMPROVEMENT,B,7200,9.45,1,0.18,N,3
22,20000,RENT,2,PERSONAL,B,4000,9.45,0,0.2,N,3
22,25992,OTHER,6,DEBTCONSOLIDATION,B,3000,9.45,0,0.12,N,3
22,56000,RENT,7,EDUCATION,A,5500,9.38,0,0.1,N,3
22,60000,RENT,0,EDUCATION,B,18000,9.33,0,0.3,N,3
22,82500,MORTGAGE,3,MEDICAL,A,14400,9.32,0,0.17,N,3
22,30000,RENT,0,MEDICAL,A,12000,9.32,1,0.4,N,3
22,50000,RENT,4,EDUCATION,A,10000,9.32,0,0.2,N,3
22,40000,MORTGAGE,6,DEBTCONSOLIDATION,A,7000,9.32,0,0.17,N,3
22,31000,RENT,2,MEDICAL,A,1600,9.32,0,0.05,N,3
22,82000,MORTGAGE,6,EDUCATION,B,10750,9.25,0,0.13,N,3
22,50000,MORTGAGE,4,PERSONAL,B,7000,9.25,0,0.14,N,3
22,55000,RENT,7,EDUCATION,B,6000,9.25,0,0.11,N,3
22,40000,OWN,5,MEDICAL,B,6000,9.25,0,0.15,N,3
22,35000,RENT,1,EDUCATION,B,8000,9.2,0,0.23,N,3
22,95000,MORTGAGE,3,PERSONAL,A,10000,9.07,0,0.11,N,3
22,32004,OWN,0,EDUCATION,A,6600,9.07,0,0.21,N,3
22,48000,MORTGAGE,0,DEBTCONSOLIDATION,A,4800,9.07,0,0.1,N,3
22,120000,MORTGAGE,5,MEDICAL,A,18000,8.94,0,0.15,N,3
22,100000,MORTGAGE,6,DEBTCONSOLIDATION,A,15000,8.94,0,0.15,N,3
22,128165,RENT,6,DEBTCONSOLIDATION,A,14000,8.94,0,0.11,N,3
22,60500,MORTGAGE,6,EDUCATION,A,12000,8.94,0,0.2,N,3
22,90000,RENT,3,DEBTCONSOLIDATION,A,12000,8.94,0,0.13,N,3
22,160000,RENT,0,VENTURE,A,10000,8.94,0,0.06,N,3
22,73000,RENT,0,PERSONAL,A,9600,8.94,1,0.13,N,3
22,50000,RENT,1,MEDICAL,A,7500,8.94,0,0.15,N,3
22,45000,MORTGAGE,6,VENTURE,A,7000,8.94,0,0.16,N,3
22,39000,MORTGAGE,6,EDUCATION,A,7000,8.94,1,0.18,N,3
22,45900,RENT,3,EDUCATION,A,5750,8.94,0,0.13,N,3
22,24000,RENT,2,PERSONAL,A,5000,8.94,0,0.21,N,3
22,28404,RENT,7,EDUCATION,A,3400,8.94,0,0.12,N,3
22,99000,MORTGAGE,6,VENTURE,A,18000,8.9,0,0.18,N,3
22,48000,RENT,6,DEBTCONSOLIDATION,A,16500,8.9,1,0.34,N,3
22,31500,MORTGAGE,2,VENTURE,A,14000,8.9,0,0.44,N,3
22,60000,MORTGAGE,6,DEBTCONSOLIDATION,A,10000,8.9,0,0.17,N,3
22,28800,OWN,6,EDUCATION,A,8875,8.9,0,0.31,N,3
22,60000,RENT,3,MEDICAL,A,8800,8.9,0,0.15,N,3
22,160000,OWN,6,VENTURE,A,7000,8.9,0,0.04,N,3
22,39000,RENT,2,PERSONAL,A,7000,8.9,1,0.18,N,3
22,64000,RENT,5,MEDICAL,A,6600,8.9,0,0.1,N,3
22,55000,RENT,2,EDUCATION,A,6000,8.9,0,0.11,N,3
22,120000,MORTGAGE,,EDUCATION,A,6000,8.9,0,0.05,N,3
22,36000,OWN,,VENTURE,A,6000,8.9,0,0.17,N,3
22,44004,RENT,2,EDUCATION,A,5000,8.9,0,0.11,N,3
22,44004,RENT,2,DEBTCONSOLIDATION,A,5000,8.9,0,0.11,N,3
22,24044,RENT,2,PERSONAL,A,5000,8.9,0,0.21,N,3
22,112000,MORTGAGE,2,PERSONAL,A,4000,8.9,0,0.04,N,3
22,70000,MORTGAGE,5,VENTURE,B,21000,8.88,0,0.3,N,3
22,70000,MORTGAGE,5,DEBTCONSOLIDATION,B,21000,8.88,0,0.3,N,3
22,40000,RENT,1,EDUCATION,B,16000,8.88,1,0.4,N,3
22,90000,RENT,2,PERSONAL,B,7000,8.88,0,0.08,N,3
22,30000,RENT,0,HOMEIMPROVEMENT,B,5000,8.88,1,0.17,N,3
22,62000,MORTGAGE,5,MEDICAL,B,3000,8.7,0,0.05,N,3
22,85000,MORTGAGE,7,EDUCATION,A,11700,8.59,0,0.14,N,3
22,87000,OWN,4,EDUCATION,A,10000,8.59,0,0.11,N,3
22,27600,OWN,0,EDUCATION,A,9600,8.59,0,0.35,N,3
22,45900,MORTGAGE,1,DEBTCONSOLIDATION,A,6400,8.59,0,0.14,N,3
22,26400,RENT,0,VENTURE,A,6000,8.59,0,0.23,N,3
22,28880,MORTGAGE,4,MEDICAL,A,2000,8.59,0,0.07,N,3
22,55000,OWN,0,VENTURE,A,1000,8.59,0,0.02,N,3
22,102000,MORTGAGE,3,MEDICAL,A,18000,8.49,0,0.18,N,3
22,60000,RENT,0,PERSONAL,A,13200,8.49,0,0.22,N,3
22,51000,MORTGAGE,3,DEBTCONSOLIDATION,A,10000,8.49,0,0.2,N,3
22,64000,MORTGAGE,3,PERSONAL,A,9600,8.49,0,0.15,N,3
22,62400,RENT,6,VENTURE,A,9000,8.49,0,0.14,N,3
22,27800,RENT,3,MEDICAL,A,6800,8.49,0,0.24,N,3
22,62758,RENT,2,EDUCATION,A,6400,8.49,0,0.1,N,3
22,19000,OWN,6,MEDICAL,A,3625,8.49,1,0.19,N,3
22,28956,RENT,2,VENTURE,A,3300,8.49,0,0.11,N,3
22,38423,MORTGAGE,6,EDUCATION,A,2000,8.49,0,0.05,N,3
22,36000,MORTGAGE,2,DEBTCONSOLIDATION,A,10000,8.32,0,0.28,N,3
22,44000,RENT,0,PERSONAL,A,7500,8.32,0,0.17,N,3
22,31000,RENT,2,EDUCATION,A,6500,8.32,0,0.21,N,3
22,40000,RENT,0,VENTURE,A,6000,8.32,0,0.15,N,3
22,26796,MORTGAGE,6,VENTURE,A,3000,8.32,0,0.11,N,3
22,59000,RENT,2,EDUCATION,A,7200,8,0,0.12,N,3
22,39996,MORTGAGE,6,DEBTCONSOLIDATION,A,6000,8,0,0.15,N,3
22,39000,RENT,1,EDUCATION,A,6000,8,0,0.15,N,3
22,40000,OWN,0,EDUCATION,A,6000,8,0,0.15,N,3
22,45000,MORTGAGE,6,EDUCATION,A,5000,8,0,0.11,N,3
22,68000,MORTGAGE,6,EDUCATION,A,16000,7.9,0,0.24,N,3
22,51000,OWN,0,VENTURE,A,16000,7.9,0,0.31,N,3
22,50000,MORTGAGE,6,PERSONAL,A,15000,7.9,0,0.3,N,3
22,60000,OWN,0,VENTURE,A,13250,7.9,0,0.22,N,3
22,50400,MORTGAGE,0,VENTURE,A,12000,7.9,0,0.24,N,3
22,60000,RENT,4,PERSONAL,A,9600,7.9,0,0.16,N,3
22,92700,MORTGAGE,1,VENTURE,A,9250,7.9,0,0.1,N,3
22,45000,RENT,7,PERSONAL,A,9000,7.9,0,0.2,N,3
22,72000,MORTGAGE,,DEBTCONSOLIDATION,A,7200,7.9,0,0.1,N,3
22,47500,MORTGAGE,6,VENTURE,A,6000,7.9,0,0.13,N,3
22,66000,MORTGAGE,,EDUCATION,A,6000,7.9,0,0.09,N,3
22,32000,RENT,3,DEBTCONSOLIDATION,A,5600,7.9,0,0.17,N,3
22,35000,MORTGAGE,5,MEDICAL,A,5000,7.9,0,0.14,N,3
22,21600,OWN,5,PERSONAL,A,5000,7.9,0,0.23,N,3
22,30000,RENT,3,EDUCATION,A,4000,7.9,0,0.13,N,3
22,93000,MORTGAGE,6,MEDICAL,A,3600,7.9,0,0.04,N,3
22,42000,MORTGAGE,,PERSONAL,A,3200,7.9,1,0.08,N,3
22,42000,MORTGAGE,,DEBTCONSOLIDATION,A,3200,7.9,1,0.08,N,3
22,96000,MORTGAGE,0,EDUCATION,A,3000,7.9,0,0.03,N,3
22,70000,MORTGAGE,7,EDUCATION,A,2000,7.9,0,0.03,N,3
22,60000,RENT,4,EDUCATION,A,20000,7.88,1,0.33,N,3
22,96000,MORTGAGE,3,EDUCATION,A,20000,7.88,0,0.21,N,3
22,76296,MORTGAGE,6,VENTURE,A,18000,7.88,0,0.24,N,3
22,65000,RENT,6,PERSONAL,A,16000,7.88,0,0.25,N,3
22,78000,MORTGAGE,6,DEBTCONSOLIDATION,A,15000,7.88,0,0.19,N,3
22,38000,RENT,6,PERSONAL,A,15000,7.88,1,0.39,N,3
22,91000,OWN,5,EDUCATION,A,15000,7.88,0,0.16,N,3
22,64000,RENT,2,DEBTCONSOLIDATION,A,14000,7.88,0,0.22,N,3
22,25000,OWN,6,VENTURE,A,13000,7.88,0,0.52,N,3
22,48000,RENT,3,HOMEIMPROVEMENT,A,13000,7.88,1,0.27,N,3
22,50000,MORTGAGE,7,EDUCATION,A,12800,7.88,0,0.26,N,3
22,90000,MORTGAGE,6,EDUCATION,A,10000,7.88,0,0.11,N,3
22,50000,RENT,6,MEDICAL,A,10000,7.88,0,0.2,N,3
22,84000,MORTGAGE,0,MEDICAL,A,10000,7.88,0,0.12,N,3
22,52000,MORTGAGE,0,EDUCATION,A,10000,7.88,0,0.19,N,3
22,50000,RENT,0,PERSONAL,A,10000,7.88,0,0.2,N,3
22,45000,RENT,3,MEDICAL,A,5800,7.88,0,0.13,N,3
22,60000,RENT,0,VENTURE,A,5500,7.88,0,0.09,N,3
22,35000,RENT,3,DEBTCONSOLIDATION,A,5000,7.88,0,0.14,N,3
22,33000,RENT,2,PERSONAL,A,4500,7.88,0,0.14,N,3
22,49800,RENT,1,PERSONAL,A,3000,7.88,0,0.06,N,3
22,72000,RENT,3,EDUCATION,A,1000,7.88,0,0.01,N,3
22,57400,MORTGAGE,0,EDUCATION,A,10500,7.75,0,0.18,N,3
22,102996,MORTGAGE,6,MEDICAL,A,8000,7.74,0,0.08,N,3
22,105000,RENT,6,MEDICAL,A,7000,7.74,0,0.07,N,3
22,79618,MORTGAGE,6,EDUCATION,A,7000,7.74,0,0.09,N,3
22,32000,MORTGAGE,0,VENTURE,A,6950,7.74,0,0.22,N,3
22,63000,RENT,2,DEBTCONSOLIDATION,A,5000,7.74,0,0.08,N,3
22,20000,RENT,7,EDUCATION,A,1675,7.74,0,0.08,N,3
22,28500,MORTGAGE,1,MEDICAL,A,8500,7.68,0,0.3,N,3
22,78700,MORTGAGE,6,DEBTCONSOLIDATION,A,7000,7.68,1,0.09,N,3
22,78700,MORTGAGE,6,PERSONAL,A,7000,7.68,1,0.09,N,3
22,43200,OWN,6,EDUCATION,A,6000,7.68,0,0.14,N,3
22,98004,MORTGAGE,6,DEBTCONSOLIDATION,A,16000,7.66,0,0.16,N,3
22,88824,MORTGAGE,6,DEBTCONSOLIDATION,A,12600,7.66,0,0.14,N,3
22,63000,MORTGAGE,2,MEDICAL,A,12000,7.66,0,0.19,N,3
22,85000,RENT,0,DEBTCONSOLIDATION,A,10000,7.66,0,0.12,N,3
22,50000,RENT,2,VENTURE,A,7000,7.66,0,0.14,N,3
22,18200,RENT,4,HOMEIMPROVEMENT,A,6000,7.66,1,0.33,N,3
22,61000,RENT,2,VENTURE,A,5000,7.66,0,0.08,N,3
22,40000,RENT,6,EDUCATION,A,4500,7.66,0,0.11,N,3
22,58000,RENT,0,EDUCATION,A,17475,7.51,0,0.3,N,3
22,95000,MORTGAGE,6,MEDICAL,A,12000,7.51,0,0.13,N,3
22,60000,MORTGAGE,,EDUCATION,A,12000,7.51,0,0.2,N,3
22,69077,MORTGAGE,2,PERSONAL,A,10000,7.51,0,0.14,N,3
22,45000,RENT,2,EDUCATION,A,10000,7.51,0,0.22,N,3
22,54000,MORTGAGE,3,PERSONAL,A,9000,7.51,0,0.17,N,3
22,27600,MORTGAGE,6,DEBTCONSOLIDATION,A,8400,7.51,0,0.3,N,3
22,45996,RENT,2,EDUCATION,A,8000,7.51,0,0.17,N,3
22,24000,OWN,1,VENTURE,A,8000,7.51,0,0.33,N,3
22,70000,RENT,4,EDUCATION,A,7550,7.51,0,0.11,N,3
22,57200,MORTGAGE,7,DEBTCONSOLIDATION,A,7500,7.51,0,0.13,N,3
22,40000,MORTGAGE,6,MEDICAL,A,7500,7.51,0,0.19,N,3
22,60200,RENT,2,DEBTCONSOLIDATION,A,6325,7.51,0,0.11,N,3
22,19200,RENT,2,DEBTCONSOLIDATION,A,6250,7.51,1,0.33,N,3
22,43200,MORTGAGE,6,VENTURE,A,6000,7.51,0,0.14,N,3
22,55000,RENT,5,DEBTCONSOLIDATION,A,6000,7.51,0,0.11,N,3
22,31404,RENT,0,PERSONAL,A,5000,7.51,0,0.16,N,3
22,49200,MORTGAGE,6,VENTURE,A,4800,7.51,0,0.1,N,3
22,41000,RENT,7,PERSONAL,A,4000,7.51,1,0.1,N,3
22,74000,MORTGAGE,6,EDUCATION,A,4000,7.51,1,0.05,N,3
22,60000,RENT,6,EDUCATION,A,4000,7.51,0,0.07,N,3
22,52000,MORTGAGE,5,VENTURE,A,3900,7.51,0,0.07,N,3
22,26000,RENT,2,MEDICAL,A,3900,7.51,0,0.15,N,3
22,66000,MORTGAGE,,VENTURE,A,3000,7.51,0,0.05,N,3
22,27000,RENT,3,MEDICAL,A,2800,7.51,1,0.1,N,3
22,27000,RENT,3,DEBTCONSOLIDATION,A,2800,7.51,1,0.1,N,3
22,22800,MORTGAGE,5,PERSONAL,A,2000,7.51,0,0.09,N,3
22,120000,MORTGAGE,3,MEDICAL,A,22000,7.49,0,0.18,N,3
22,160000,RENT,6,PERSONAL,A,20000,7.49,0,0.13,N,3
22,35000,OWN,6,EDUCATION,A,18500,7.49,0,0.53,N,3
22,40000,MORTGAGE,7,EDUCATION,A,14000,7.49,0,0.35,N,3
22,48609,RENT,6,DEBTCONSOLIDATION,A,12000,7.49,0,0.25,N,3
22,26400,RENT,1,EDUCATION,A,10000,7.49,1,0.38,N,3
22,55000,MORTGAGE,6,MEDICAL,A,9500,7.49,0,0.17,N,3
22,50000,RENT,4,EDUCATION,A,9350,7.49,0,0.19,N,3
22,70000,MORTGAGE,1,EDUCATION,A,8000,7.49,0,0.11,N,3
22,90000,RENT,0,EDUCATION,A,8000,7.49,0,0.09,N,3
22,57600,OWN,6,VENTURE,A,6500,7.49,0,0.11,N,3
22,57600,OWN,6,VENTURE,A,6500,7.49,0,0.11,N,3
22,30000,OWN,6,VENTURE,A,6000,7.49,0,0.2,N,3
22,72644,MORTGAGE,3,PERSONAL,A,5900,7.49,1,0.08,N,3
22,60000,MORTGAGE,5,VENTURE,A,5600,7.49,0,0.09,N,3
22,53000,MORTGAGE,0,DEBTCONSOLIDATION,A,5025,7.49,0,0.09,N,3
22,32400,MORTGAGE,,PERSONAL,A,5000,7.49,0,0.15,N,3
22,60000,MORTGAGE,1,EDUCATION,A,4800,7.49,0,0.08,N,3
22,41300,RENT,1,VENTURE,A,5800,7.43,0,0.14,N,3
22,53819,RENT,2,EDUCATION,A,6000,7.42,0,0.11,N,3
22,80000,MORTGAGE,3,DEBTCONSOLIDATION,A,6000,7.4,0,0.07,N,3
22,53000,MORTGAGE,7,EDUCATION,A,2500,7.4,0,0.05,N,3
22,55000,OWN,4,PERSONAL,A,2000,7.4,0,0.04,N,3
22,44094,RENT,1,VENTURE,A,3600,7.37,0,0.08,N,3
22,42000,RENT,0,PERSONAL,A,3600,7.37,0,0.09,N,3
22,42000,RENT,0,PERSONAL,A,3600,7.37,0,0.09,N,3
22,38000,MORTGAGE,4,MEDICAL,A,1950,7.37,0,0.05,N,3
22,60000,RENT,0,PERSONAL,A,24000,7.29,1,0.4,N,3
22,115000,MORTGAGE,7,VENTURE,A,13600,7.29,0,0.12,N,3
22,72500,MORTGAGE,7,EDUCATION,A,13200,7.29,0,0.18,N,3
22,46500,MORTGAGE,3,VENTURE,A,13000,7.29,0,0.28,N,3
22,61000,MORTGAGE,6,DEBTCONSOLIDATION,A,12000,7.29,0,0.2,N,3
22,36000,MORTGAGE,6,EDUCATION,A,12000,7.29,0,0.33,N,3
22,50000,MORTGAGE,4,EDUCATION,A,12000,7.29,0,0.24,N,3
22,70000,MORTGAGE,6,DEBTCONSOLIDATION,A,10000,7.29,0,0.14,N,3
22,29000,RENT,6,MEDICAL,A,10000,7.29,1,0.34,N,3
22,107004,MORTGAGE,2,EDUCATION,A,10000,7.29,0,0.09,N,3
22,46200,RENT,0,VENTURE,A,10000,7.29,0,0.22,N,3
22,36600,MORTGAGE,2,DEBTCONSOLIDATION,A,9950,7.29,0,0.27,N,3
22,36600,MORTGAGE,2,VENTURE,A,9950,7.29,0,0.27,N,3
22,30000,RENT,4,VENTURE,A,9875,7.29,1,0.33,N,3
22,72576,RENT,7,EDUCATION,A,9600,7.29,0,0.13,N,3
22,44000,MORTGAGE,5,DEBTCONSOLIDATION,A,7200,7.29,0,0.16,N,3
22,32769,RENT,3,VENTURE,A,7000,7.29,0,0.21,N,3
22,30000,MORTGAGE,0,EDUCATION,A,7000,7.29,0,0.23,N,3
22,52800,RENT,3,EDUCATION,A,5600,7.29,0,0.11,N,3
22,38000,RENT,0,EDUCATION,A,5000,7.29,0,0.13,N,3
22,58000,MORTGAGE,1,VENTURE,A,4000,7.29,0,0.07,N,3
22,30000,OWN,6,EDUCATION,A,2500,7.29,0,0.08,N,3
22,22000,RENT,0,VENTURE,A,2000,7.29,0,0.09,N,3
22,31200,MORTGAGE,,MEDICAL,A,2000,7.29,0,0.06,N,3
22,26500,RENT,3,DEBTCONSOLIDATION,A,1900,7.29,1,0.07,N,3
22,40000,RENT,2,EDUCATION,A,10000,7.14,0,0.25,N,3
22,38400,MORTGAGE,6,PERSONAL,A,8500,7.14,0,0.22,N,3
22,40000,MORTGAGE,2,PERSONAL,A,8100,7.14,0,0.2,N,3
22,36000,MORTGAGE,6,VENTURE,A,7500,7.14,0,0.21,N,3
22,60000,MORTGAGE,6,VENTURE,A,7000,7.14,0,0.12,N,3
22,60000,MORTGAGE,6,MEDICAL,A,7000,7.14,0,0.12,N,3
22,57000,MORTGAGE,6,EDUCATION,A,7000,7.14,0,0.12,N,3
22,80340,OWN,2,EDUCATION,A,7000,7.14,0,0.09,N,3
22,67807,MORTGAGE,6,VENTURE,A,6400,7.14,0,0.09,N,3
22,67807,MORTGAGE,6,EDUCATION,A,6400,7.14,0,0.09,N,3
22,50000,RENT,6,DEBTCONSOLIDATION,A,5500,7.14,0,0.11,N,3
22,16094,MORTGAGE,2,VENTURE,A,5500,7.14,1,0.34,N,3
22,33600,MORTGAGE,6,VENTURE,A,5000,7.14,0,0.15,N,3
22,46800,MORTGAGE,4,MEDICAL,A,3600,7.14,0,0.08,N,3
22,75000,MORTGAGE,4,VENTURE,A,9000,6.99,0,0.12,N,3
22,150000,RENT,2,EDUCATION,A,8200,6.99,0,0.05,N,3
22,150000,RENT,2,MEDICAL,A,8200,6.99,0,0.05,N,3
22,65000,MORTGAGE,6,DEBTCONSOLIDATION,A,8000,6.99,0,0.12,N,3
22,55000,RENT,6,DEBTCONSOLIDATION,A,6000,6.99,0,0.11,N,3
22,45000,MORTGAGE,6,PERSONAL,A,5000,6.99,0,0.11,N,3
22,60000,MORTGAGE,6,EDUCATION,A,2500,6.99,0,0.04,N,3
22,32500,MORTGAGE,6,DEBTCONSOLIDATION,A,2500,6.99,0,0.08,N,3
22,71000,RENT,6,EDUCATION,A,1500,6.99,0,0.02,N,3
22,190000,RENT,3,VENTURE,A,12600,6.92,0,0.07,N,3
22,37200,RENT,2,EDUCATION,A,10000,6.92,0,0.27,N,3
22,66250,MORTGAGE,5,MEDICAL,A,8700,6.92,0,0.13,N,3
22,32400,MORTGAGE,6,EDUCATION,A,3625,6.92,0,0.11,N,3
22,140000,MORTGAGE,6,VENTURE,A,20000,6.91,0,0.14,N,3
22,68670,MORTGAGE,5,EDUCATION,A,20000,6.91,0,0.29,N,3
22,62000,MORTGAGE,6,EDUCATION,A,17000,6.91,0,0.27,N,3
22,85000,MORTGAGE,4,VENTURE,A,12000,6.91,0,0.14,N,3
22,85000,MORTGAGE,4,MEDICAL,A,12000,6.91,0,0.14,N,3
22,72000,MORTGAGE,6,PERSONAL,A,10800,6.91,0,0.15,N,3
22,80000,RENT,3,DEBTCONSOLIDATION,A,9000,6.91,0,0.11,N,3
22,85000,MORTGAGE,4,VENTURE,A,7000,6.91,0,0.08,N,3
22,30000,MORTGAGE,3,EDUCATION,A,5000,6.91,0,0.17,N,3
22,18000,RENT,0,HOMEIMPROVEMENT,A,3600,6.91,1,0.2,N,3
22,29004,MORTGAGE,6,EDUCATION,A,2500,6.91,0,0.09,N,3
22,41820,MORTGAGE,4,PERSONAL,A,2500,6.91,0,0.06,N,3
22,55000,OWN,,VENTURE,A,1275,6.91,0,0.02,N,3
22,58896,MORTGAGE,6,PERSONAL,A,9500,6.76,0,0.16,N,3
22,67000,MORTGAGE,6,VENTURE,A,4000,6.76,0,0.06,N,3
22,66000,MORTGAGE,4,DEBTCONSOLIDATION,A,2700,6.76,0,0.04,N,3
22,61500,MORTGAGE,5,VENTURE,A,30000,6.62,0,0.49,N,3
22,88620,MORTGAGE,6,DEBTCONSOLIDATION,A,24000,6.62,0,0.27,N,3
22,52000,MORTGAGE,6,VENTURE,A,12000,6.62,0,0.23,N,3
22,75600,MORTGAGE,6,PERSONAL,A,10675,6.62,0,0.14,N,3
22,43000,RENT,1,DEBTCONSOLIDATION,A,9575,6.62,0,0.22,N,3
22,50000,RENT,2,EDUCATION,A,8000,6.62,0,0.16,N,3
22,50000,MORTGAGE,6,PERSONAL,A,7800,6.62,0,0.16,N,3
22,49000,RENT,7,PERSONAL,A,7500,6.62,0,0.15,N,3
22,80000,RENT,4,DEBTCONSOLIDATION,A,7000,6.62,0,0.09,N,3
22,45000,OWN,4,PERSONAL,A,7000,6.62,0,0.16,N,3
22,60000,MORTGAGE,6,EDUCATION,A,6000,6.62,0,0.1,N,3
22,65000,RENT,3,EDUCATION,A,5300,6.62,0,0.08,N,3
22,49536,MORTGAGE,6,EDUCATION,A,5200,6.62,0,0.1,N,3
22,22800,RENT,3,MEDICAL,A,3000,6.62,0,0.13,N,3
22,74000,MORTGAGE,6,MEDICAL,A,2500,6.62,0,0.03,N,3
22,74000,MORTGAGE,6,MEDICAL,A,2500,6.62,0,0.03,N,3
22,61000,MORTGAGE,6,EDUCATION,A,2100,6.62,0,0.03,N,3
22,40800,RENT,5,EDUCATION,A,2000,6.62,0,0.05,N,3
22,60400,MORTGAGE,0,EDUCATION,A,24000,6.54,0,0.4,N,3
22,36500,RENT,0,VENTURE,A,18725,6.54,1,0.51,N,3
22,37000,MORTGAGE,3,DEBTCONSOLIDATION,A,15000,6.54,0,0.41,N,3
22,85000,MORTGAGE,0,VENTURE,A,12800,6.54,0,0.15,N,3
22,78000,MORTGAGE,3,EDUCATION,A,12000,6.54,0,0.15,N,3
22,81500,MORTGAGE,0,EDUCATION,A,7575,6.54,0,0.09,N,3
22,54000,RENT,1,DEBTCONSOLIDATION,A,5000,6.54,1,0.09,N,3
22,60000,MORTGAGE,,DEBTCONSOLIDATION,A,5000,6.54,0,0.08,N,3
22,48000,MORTGAGE,0,MEDICAL,A,3500,6.54,0,0.07,N,3
22,35000,RENT,0,EDUCATION,A,3250,6.54,0,0.09,N,3
22,14400,RENT,5,VENTURE,A,2800,6.54,1,0.19,N,3
22,30000,RENT,0,DEBTCONSOLIDATION,A,2800,6.54,0,0.09,N,3
22,60000,MORTGAGE,6,PERSONAL,A,2000,6.54,0,0.03,N,3
22,81600,MORTGAGE,6,PERSONAL,A,1300,6.39,0,0.02,N,3
22,42000,RENT,6,DEBTCONSOLIDATION,A,10000,6.17,0,0.24,N,3
22,50000,RENT,4,PERSONAL,A,10000,6.17,0,0.2,N,3
22,26000,RENT,,EDUCATION,A,8500,6.17,1,0.33,N,3
22,60000,RENT,3,PERSONAL,A,7500,6.17,0,0.13,N,3
22,60000,MORTGAGE,6,VENTURE,A,6125,6.17,0,0.1,N,3
22,77237,MORTGAGE,0,MEDICAL,A,5875,6.17,0,0.08,N,3
22,95000,RENT,0,MEDICAL,A,4975,6.17,0,0.05,N,3
22,36000,RENT,5,EDUCATION,A,4500,6.17,0,0.13,N,3
22,90000,MORTGAGE,6,DEBTCONSOLIDATION,A,16000,6.03,0,0.18,N,3
22,48000,OWN,6,VENTURE,A,12000,6.03,0,0.25,N,3
22,47000,RENT,6,DEBTCONSOLIDATION,A,12000,6.03,0,0.26,N,3
22,70000,RENT,5,PERSONAL,A,10000,6.03,0,0.14,N,3
22,40000,MORTGAGE,2,EDUCATION,A,10000,6.03,0,0.25,N,3
22,63132,MORTGAGE,0,DEBTCONSOLIDATION,A,10000,6.03,0,0.16,N,3
22,36000,RENT,,PERSONAL,A,10000,6.03,0,0.28,N,3
22,35000,MORTGAGE,6,DEBTCONSOLIDATION,A,9500,6.03,0,0.27,N,3
22,50000,MORTGAGE,6,PERSONAL,A,8000,6.03,0,0.16,N,3
22,36000,MORTGAGE,,MEDICAL,A,7275,6.03,0,0.2,N,3
22,50364,MORTGAGE,6,EDUCATION,A,6000,6.03,0,0.12,N,3
22,15000,RENT,6,MEDICAL,A,6000,6.03,1,0.4,N,3
22,42000,MORTGAGE,5,VENTURE,A,5400,6.03,0,0.13,N,3
22,25000,OWN,,VENTURE,A,5000,6.03,0,0.2,N,3
22,50000,MORTGAGE,6,EDUCATION,A,4800,6.03,0,0.1,N,3
22,42000,MORTGAGE,6,PERSONAL,A,3000,6.03,0,0.07,N,3
22,62000,MORTGAGE,3,EDUCATION,A,2000,6.03,0,0.03,N,3
22,59000,MORTGAGE,1,MEDICAL,A,15000,5.99,0,0.25,N,3
22,115000,MORTGAGE,6,EDUCATION,A,12000,5.99,0,0.1,N,3
22,62500,MORTGAGE,6,PERSONAL,A,10000,5.99,0,0.16,N,3
22,43200,RENT,2,EDUCATION,A,8000,5.99,0,0.19,N,3
22,75000,RENT,0,DEBTCONSOLIDATION,A,8000,5.99,0,0.11,N,3
22,51000,RENT,6,EDUCATION,A,7500,5.99,0,0.15,N,3
22,48000,MORTGAGE,6,DEBTCONSOLIDATION,A,4400,5.99,0,0.09,N,3
22,90000,RENT,5,VENTURE,A,2850,5.99,0,0.03,N,3
22,57600,OWN,,EDUCATION,A,1500,5.99,0,0.03,N,3
22,50000,MORTGAGE,0,EDUCATION,A,12800,5.79,0,0.26,N,3
22,66000,MORTGAGE,6,PERSONAL,A,12000,5.79,0,0.18,N,3
22,75000,RENT,6,VENTURE,A,10000,5.79,0,0.13,N,3
22,45000,MORTGAGE,0,MEDICAL,A,9125,5.79,0,0.2,N,3
22,35000,MORTGAGE,6,DEBTCONSOLIDATION,A,8000,5.79,0,0.23,N,3
22,70000,OWN,3,MEDICAL,A,8000,5.79,0,0.11,N,3
22,87000,MORTGAGE,0,VENTURE,A,8000,5.79,0,0.09,N,3
22,40800,MORTGAGE,6,PERSONAL,A,7975,5.79,0,0.2,N,3
22,64000,RENT,6,EDUCATION,A,7000,5.79,0,0.11,N,3
22,23004,RENT,3,PERSONAL,A,5500,5.79,0,0.24,N,3
22,38000,MORTGAGE,6,DEBTCONSOLIDATION,A,4500,5.79,0,0.12,N,3
22,44000,RENT,3,PERSONAL,A,4500,5.79,1,0.1,N,3
22,88512,MORTGAGE,6,PERSONAL,A,3000,5.79,0,0.03,N,3
22,49000,MORTGAGE,6,VENTURE,A,2400,5.79,0,0.05,N,3
22,101000,RENT,0,EDUCATION,A,1475,5.79,0,0.01,N,3
22,36000,MORTGAGE,6,DEBTCONSOLIDATION,A,10000,5.42,0,0.28,N,3
22,28000,RENT,6,EDUCATION,A,10000,5.42,1,0.36,N,3
22,36396,RENT,4,EDUCATION,A,10000,5.42,0,0.27,N,3
22,62000,RENT,6,PERSONAL,A,8000,5.42,0,0.13,N,3
22,86000,RENT,6,MEDICAL,A,6000,5.42,0,0.07,N,3
22,59600,MORTGAGE,6,PERSONAL,A,6000,5.42,0,0.1,N,3
22,50508,RENT,5,VENTURE,A,6000,5.42,0,0.12,N,3
22,47000,RENT,2,MEDICAL,A,6000,5.42,0,0.13,N,3
22,29554,MORTGAGE,,DEBTCONSOLIDATION,A,5775,5.42,1,0.2,N,3
22,74000,RENT,4,PERSONAL,A,5050,5.42,0,0.07,N,3
22,53000,MORTGAGE,6,PERSONAL,A,5000,5.42,0,0.09,N,3
22,50000,RENT,6,DEBTCONSOLIDATION,A,5000,5.42,0,0.1,N,3
22,35000,RENT,3,EDUCATION,A,4800,5.42,0,0.14,N,3
22,36000,RENT,0,MEDICAL,A,4000,5.42,0,0.11,N,3
22,47000,OWN,6,MEDICAL,A,3000,5.42,0,0.06,N,3
22,43500,RENT,0,EDUCATION,A,3000,5.42,0,0.07,N,3
22,55000,OWN,2,EDUCATION,A,2200,5.42,0,0.04,N,3
22,24000,MORTGAGE,4,VENTURE,A,1300,5.42,0,0.05,N,3
22,24000,MORTGAGE,4,EDUCATION,A,1300,5.42,0,0.05,N,3
22,101000,MORTGAGE,7,EDUCATION,D,25000,,0,0.25,Y,3
22,54000,OWN,,PERSONAL,B,25000,,0,0.46,N,3
22,43385,RENT,7,PERSONAL,C,23000,,1,0.53,N,3
22,50900,MORTGAGE,6,DEBTCONSOLIDATION,C,22000,,0,0.43,Y,3
22,175000,MORTGAGE,6,MEDICAL,B,18000,,0,0.1,N,3
22,55000,RENT,6,VENTURE,C,16000,,0,0.29,Y,3
22,83000,RENT,2,PERSONAL,D,16000,,1,0.19,N,3
22,63000,MORTGAGE,6,MEDICAL,B,15000,,0,0.24,N,3
22,36021,RENT,0,VENTURE,B,15000,,1,0.42,N,3
22,41000,RENT,5,VENTURE,A,14000,,1,0.34,N,3
22,33300,RENT,0,MEDICAL,B,13250,,1,0.4,N,3
22,72100,MORTGAGE,2,EDUCATION,A,13000,,0,0.18,N,3
22,36000,MORTGAGE,0,EDUCATION,B,12375,,0,0.34,N,3
22,36000,MORTGAGE,0,PERSONAL,B,12375,,0,0.34,N,3
22,75000,RENT,6,VENTURE,A,12000,,0,0.16,N,3
22,55082,RENT,6,MEDICAL,F,12000,,1,0.19,Y,3
22,65000,RENT,5,DEBTCONSOLIDATION,C,12000,,0,0.18,Y,3
22,40000,RENT,4,VENTURE,B,12000,,0,0.3,N,3
22,59000,OTHER,3,MEDICAL,D,12000,,1,0.2,Y,3
22,58000,RENT,3,MEDICAL,B,12000,,1,0.21,N,3
22,96000,MORTGAGE,2,EDUCATION,A,12000,,0,0.13,N,3
22,27000,MORTGAGE,1,EDUCATION,B,12000,,1,0.44,N,3
22,85000,MORTGAGE,0,VENTURE,B,12000,,0,0.14,N,3
22,42000,OWN,0,EDUCATION,C,12000,,0,0.29,N,3
22,40000,RENT,0,PERSONAL,A,11575,,0,0.29,N,3
22,28800,MORTGAGE,0,VENTURE,B,11500,,0,0.4,N,3
22,62500,RENT,0,PERSONAL,C,11100,,0,0.18,Y,3
22,124000,MORTGAGE,6,MEDICAL,C,11000,,0,0.09,N,3
22,50000,RENT,1,EDUCATION,A,11000,,0,0.22,N,3
22,39000,MORTGAGE,6,PERSONAL,A,10750,,0,0.28,N,3
22,35496,RENT,6,VENTURE,D,10200,,0,0.29,Y,3
22,60000,MORTGAGE,7,EDUCATION,D,10000,,0,0.17,N,3
22,60000,OWN,6,MEDICAL,C,10000,,0,0.17,Y,3
22,50000,MORTGAGE,6,VENTURE,C,10000,,0,0.2,Y,3
22,47091,MORTGAGE,6,VENTURE,A,10000,,0,0.21,N,3
22,40000,MORTGAGE,6,PERSONAL,C,10000,,0,0.25,Y,3
22,37200,RENT,6,MEDICAL,B,10000,,1,0.27,N,3
22,24000,RENT,6,DEBTCONSOLIDATION,A,10000,,1,0.42,N,3
22,39875,MORTGAGE,5,VENTURE,B,10000,,0,0.25,N,3
22,190000,MORTGAGE,3,VENTURE,C,10000,,0,0.05,N,3
22,39000,RENT,3,EDUCATION,D,10000,,1,0.26,Y,3
22,34000,RENT,2,EDUCATION,D,10000,,1,0.29,Y,3
22,83200,RENT,6,DEBTCONSOLIDATION,C,9975,,0,0.12,N,3
22,60000,RENT,4,PERSONAL,B,9800,,0,0.16,N,3
22,90000,MORTGAGE,6,DEBTCONSOLIDATION,B,9500,,0,0.11,N,3
22,90000,MORTGAGE,6,MEDICAL,B,9500,,0,0.11,N,3
22,66800,RENT,2,DEBTCONSOLIDATION,A,9300,,0,0.14,N,3
22,30000,RENT,2,EDUCATION,B,9000,,0,0.3,N,3
22,69383,MORTGAGE,6,PERSONAL,C,8500,,0,0.12,Y,3
22,90000,RENT,5,PERSONAL,D,8000,,0,0.09,N,3
22,30000,RENT,,VENTURE,E,8000,,1,0.27,N,3
22,32000,MORTGAGE,2,MEDICAL,C,7500,,0,0.23,Y,3
22,80000,MORTGAGE,4,PERSONAL,A,7250,,0,0.09,N,3
22,50000,MORTGAGE,6,VENTURE,B,7200,,0,0.14,N,3
22,63500,MORTGAGE,5,EDUCATION,B,7200,,0,0.11,N,3
22,37740,RENT,6,MEDICAL,A,7000,,0,0.19,N,3
22,42000,OWN,3,VENTURE,A,7000,,0,0.17,N,3
22,36000,RENT,0,PERSONAL,C,6500,,0,0.18,N,3
22,29361,RENT,4,HOMEIMPROVEMENT,B,6450,,1,0.22,N,3
22,24000,RENT,3,EDUCATION,C,6400,,0,0.27,Y,3
22,20000,RENT,3,EDUCATION,D,6250,,1,0.31,Y,3
22,30000,RENT,3,EDUCATION,D,6200,,0,0.21,Y,3
22,46000,RENT,1,DEBTCONSOLIDATION,D,6200,,1,0.13,N,3
22,60000,RENT,0,VENTURE,A,6025,,0,0.1,N,3
22,42000,RENT,7,EDUCATION,A,6000,,0,0.14,N,3
22,52000,MORTGAGE,6,VENTURE,D,6000,,1,0.12,Y,3
22,59959,MORTGAGE,4,EDUCATION,B,6000,,0,0.1,N,3
22,32001,RENT,4,VENTURE,D,6000,,0,0.19,Y,3
22,18000,RENT,1,MEDICAL,B,6000,,1,0.33,N,3
22,54000,MORTGAGE,0,DEBTCONSOLIDATION,D,6000,,1,0.11,N,3
22,23631,RENT,,PERSONAL,B,6000,,0,0.25,N,3
22,95000,RENT,0,EDUCATION,A,5750,,0,0.06,N,3
22,33000,RENT,0,DEBTCONSOLIDATION,E,5500,,1,0.17,Y,3
22,72000,RENT,6,PERSONAL,D,5000,,0,0.07,N,3
22,71000,RENT,5,MEDICAL,B,5000,,0,0.07,N,3
22,27996,RENT,4,MEDICAL,C,5000,,0,0.18,Y,3
22,72000,MORTGAGE,3,EDUCATION,B,5000,,0,0.07,N,3
22,55000,RENT,3,EDUCATION,C,5000,,0,0.09,Y,3
22,24996,RENT,3,MEDICAL,D,5000,,1,0.2,Y,3
22,34992,RENT,1,PERSONAL,B,5000,,0,0.14,N,3
22,17760,MORTGAGE,6,EDUCATION,C,4975,,1,0.28,Y,3
22,42000,OWN,6,VENTURE,A,4800,,0,0.11,N,3
22,30000,RENT,4,PERSONAL,C,4800,,1,0.16,N,3
22,40000,MORTGAGE,6,DEBTCONSOLIDATION,A,4750,,0,0.12,N,3
22,24000,OWN,4,PERSONAL,C,4750,,0,0.2,Y,3
22,12996,OWN,1,EDUCATION,B,4750,,1,0.37,N,3
22,48000,RENT,3,VENTURE,A,4000,,0,0.08,N,3
22,47004,RENT,2,PERSONAL,A,4000,,0,0.09,N,3
22,40000,RENT,2,DEBTCONSOLIDATION,A,4000,,0,0.1,N,3
22,30000,RENT,1,EDUCATION,C,4000,,0,0.13,N,3
22,25200,RENT,1,EDUCATION,B,4000,,0,0.16,N,3
22,45000,RENT,0,EDUCATION,C,4000,,0,0.09,Y,3
22,20400,OWN,0,DEBTCONSOLIDATION,D,3800,,0,0.19,Y,3
22,42492,RENT,6,DEBTCONSOLIDATION,B,3600,,1,0.08,N,3
22,50000,OWN,1,EDUCATION,A,3600,,0,0.07,N,3
22,18000,RENT,0,MEDICAL,B,3600,,1,0.2,N,3
22,35000,MORTGAGE,3,MEDICAL,C,3500,,0,0.1,Y,3
22,50000,RENT,2,VENTURE,B,3500,,0,0.07,N,3
22,48000,MORTGAGE,5,PERSONAL,B,3000,,0,0.06,N,3
22,45000,RENT,2,EDUCATION,A,3000,,0,0.07,N,3
22,19200,RENT,0,HOMEIMPROVEMENT,E,3000,,1,0.16,Y,3
22,31500,RENT,3,DEBTCONSOLIDATION,D,2900,,1,0.09,Y,3
22,103000,MORTGAGE,,MEDICAL,A,2500,,0,0.02,N,3
22,70028,RENT,7,VENTURE,B,2000,,0,0.03,N,3
22,43000,MORTGAGE,3,EDUCATION,A,2000,,0,0.05,N,3
22,33000,RENT,1,DEBTCONSOLIDATION,A,2000,,0,0.06,N,3
22,18996,RENT,1,MEDICAL,D,1500,,1,0.08,Y,3
22,92000,MORTGAGE,4,VENTURE,A,1400,,0,0.02,N,3
22,39000,OWN,6,MEDICAL,A,1000,,0,0.03,N,3
22,35000,RENT,4,VENTURE,C,1000,,0,0.03,Y,3
22,35000,MORTGAGE,,VENTURE,F,5000,21.36,0,0.14,Y,2
22,74000,MORTGAGE,0,VENTURE,G,19000,20.48,1,0.26,Y,2
22,37000,RENT,2,DEBTCONSOLIDATION,E,3000,20.3,1,0.08,N,2
22,107000,MORTGAGE,6,HOMEIMPROVEMENT,E,24000,19.69,1,0.22,Y,2
22,31000,RENT,3,VENTURE,E,10000,19.42,1,0.32,Y,2
22,53774,MORTGAGE,6,DEBTCONSOLIDATION,E,8600,19.42,1,0.16,N,2
22,34560,RENT,2,HOMEIMPROVEMENT,E,1200,19.29,1,0.03,N,2
22,34800,RENT,7,PERSONAL,G,9600,19.16,1,0.28,Y,2
22,45630,RENT,0,EDUCATION,E,2500,18.64,1,0.05,N,2
22,18000,RENT,0,HOMEIMPROVEMENT,E,1500,18.64,1,0.08,N,2
22,48000,RENT,1,EDUCATION,E,30000,18.39,1,0.63,N,2
22,73000,RENT,0,PERSONAL,D,10000,18.25,1,0.14,Y,2
22,30000,RENT,3,MEDICAL,D,5000,18.25,1,0.17,N,2
22,33600,OWN,1,MEDICAL,D,5000,18.25,0,0.15,N,2
22,33600,OWN,1,DEBTCONSOLIDATION,D,5000,18.25,0,0.15,N,2
22,88000,MORTGAGE,6,DEBTCONSOLIDATION,F,25000,18.09,1,0.28,N,2
22,35000,RENT,2,MEDICAL,F,7000,18.09,1,0.2,Y,2
22,66614,MORTGAGE,6,MEDICAL,E,11000,17.99,1,0.14,Y,2
22,45000,RENT,3,PERSONAL,E,10000,17.93,0,0.22,Y,2
22,40000,RENT,6,EDUCATION,D,7200,17.58,0,0.18,Y,2
22,30000,RENT,2,MEDICAL,F,7000,17.58,1,0.23,N,2
22,30000,RENT,6,MEDICAL,E,5000,17.43,1,0.17,N,2
22,72000,RENT,5,PERSONAL,D,10000,17.27,0,0.14,N,2
22,54000,RENT,6,DEBTCONSOLIDATION,D,5000,17.27,1,0.09,Y,2
22,72000,RENT,6,VENTURE,E,15000,17.19,0,0.21,N,2
22,57175,RENT,6,EDUCATION,F,16000,17.15,1,0.28,Y,2
22,66000,RENT,6,DEBTCONSOLIDATION,E,11750,17.14,1,0.18,N,2
22,48000,RENT,7,VENTURE,E,7500,17.04,0,0.16,Y,2
22,42000,RENT,7,DEBTCONSOLIDATION,E,7500,17.04,1,0.18,N,2
22,73000,MORTGAGE,7,VENTURE,D,12000,16.89,0,0.16,Y,2
22,34500,RENT,2,DEBTCONSOLIDATION,D,5000,16.89,1,0.14,Y,2
22,21600,RENT,1,DEBTCONSOLIDATION,D,2000,16.89,1,0.09,N,2
22,78000,MORTGAGE,6,HOMEIMPROVEMENT,D,25000,16.77,1,0.32,N,2
22,58650,RENT,6,MEDICAL,D,16800,16.77,1,0.24,N,2
22,70550,RENT,6,MEDICAL,D,15000,16.77,1,0.18,Y,2
22,40000,RENT,6,PERSONAL,D,13225,16.77,1,0.33,Y,2
22,55000,MORTGAGE,5,EDUCATION,D,11100,16.77,0,0.2,N,2
22,43000,RENT,3,MEDICAL,D,10000,16.77,1,0.23,N,2
22,39000,RENT,5,PERSONAL,D,9600,16.77,1,0.25,Y,2
22,21000,RENT,7,EDUCATION,D,8000,16.77,1,0.38,Y,2
22,67200,RENT,6,DEBTCONSOLIDATION,E,4800,16.7,1,0.07,Y,2
22,60000,OWN,7,VENTURE,D,15000,16.49,0,0.25,Y,2
22,28800,OWN,2,EDUCATION,D,10000,16.49,0,0.35,Y,2
22,45000,MORTGAGE,2,EDUCATION,D,8000,16.49,0,0.18,N,2
22,32000,RENT,3,DEBTCONSOLIDATION,D,4800,16.49,1,0.15,Y,2
22,25062,OWN,4,DEBTCONSOLIDATION,D,4000,16.49,0,0.16,Y,2
22,54000,RENT,5,HOMEIMPROVEMENT,D,3200,16.49,1,0.06,N,2
22,78000,MORTGAGE,6,EDUCATION,E,16000,16.45,0,0.21,Y,2
22,49000,RENT,6,PERSONAL,E,10000,16.45,1,0.2,N,2
22,62900,MORTGAGE,6,MEDICAL,E,12000,16.35,1,0.16,Y,2
22,70000,MORTGAGE,6,EDUCATION,D,16000,16.32,0,0.23,Y,2
22,78000,RENT,4,VENTURE,E,3000,16.32,0,0.04,N,2
22,56208,MORTGAGE,6,DEBTCONSOLIDATION,D,12000,16.29,1,0.21,Y,2
22,108000,RENT,1,PERSONAL,D,8000,16.29,1,0.07,Y,2
22,32000,RENT,1,PERSONAL,D,5400,16.29,1,0.17,N,2
22,32000,RENT,1,EDUCATION,D,5400,16.29,1,0.17,Y,2
22,32000,RENT,4,VENTURE,D,10000,16.07,1,0.31,N,2
22,39000,RENT,2,PERSONAL,D,10000,16.07,1,0.26,Y,2
22,26400,RENT,1,PERSONAL,D,10000,16.02,1,0.38,N,2
22,34977,MORTGAGE,5,PERSONAL,D,13000,16,0,0.37,N,2
22,37200,RENT,0,VENTURE,E,13000,16,1,0.35,N,2
22,60000,OTHER,6,VENTURE,D,8000,16,0,0.13,N,2
22,103000,MORTGAGE,7,VENTURE,D,15000,15.99,0,0.15,Y,2
22,34000,MORTGAGE,6,VENTURE,D,15000,15.99,1,0.44,Y,2
22,44000,RENT,0,MEDICAL,D,12250,15.99,1,0.28,Y,2
22,48000,MORTGAGE,3,VENTURE,D,6500,15.99,1,0.14,Y,2
22,44000,MORTGAGE,6,VENTURE,D,6400,15.99,1,0.15,Y,2
22,30000,RENT,,HOMEIMPROVEMENT,D,6400,15.99,1,0.21,N,2
22,45000,RENT,6,HOMEIMPROVEMENT,C,10000,15.96,1,0.22,N,2
22,72000,MORTGAGE,1,PERSONAL,C,8500,15.96,1,0.12,N,2
22,83000,OWN,6,EDUCATION,D,25000,15.95,0,0.3,N,2
22,35325,RENT,2,HOMEIMPROVEMENT,D,6500,15.95,1,0.18,N,2
22,69108,RENT,2,PERSONAL,E,5400,15.95,1,0.08,Y,2
22,27996,RENT,0,HOMEIMPROVEMENT,D,2200,15.95,1,0.08,Y,2
22,25000,RENT,3,DEBTCONSOLIDATION,D,1000,15.95,1,0.04,N,2
22,88812,MORTGAGE,6,EDUCATION,D,29000,15.65,0,0.33,N,2
22,74000,RENT,7,DEBTCONSOLIDATION,D,24250,15.65,1,0.33,Y,2
22,92000,RENT,6,VENTURE,F,20000,15.65,0,0.22,Y,2
22,60000,RENT,5,PERSONAL,D,10900,15.65,0,0.18,N,2
22,29916,RENT,1,PERSONAL,D,6000,15.65,1,0.2,N,2
22,12000,RENT,1,EDUCATION,D,3500,15.65,1,0.29,Y,2
22,165000,MORTGAGE,5,VENTURE,D,24000,15.62,0,0.15,Y,2
22,153000,MORTGAGE,5,DEBTCONSOLIDATION,D,24000,15.62,1,0.16,Y,2
22,69000,MORTGAGE,6,DEBTCONSOLIDATION,D,10000,15.62,1,0.14,Y,2
22,54000,MORTGAGE,4,EDUCATION,D,5000,15.62,0,0.09,N,2
22,24000,OWN,0,DEBTCONSOLIDATION,D,4200,15.62,0,0.17,Y,2
22,45996,RENT,0,MEDICAL,D,3000,15.62,1,0.07,Y,2
22,41500,RENT,6,PERSONAL,D,2500,15.62,0,0.06,N,2
22,35500,RENT,6,MEDICAL,D,2500,15.62,1,0.07,N,2
22,88000,RENT,6,DEBTCONSOLIDATION,D,25000,15.58,1,0.28,Y,2
22,75000,MORTGAGE,0,PERSONAL,D,19800,15.57,0,0.26,Y,2
22,33996,RENT,1,EDUCATION,D,14900,15.37,1,0.44,Y,2
22,20796,RENT,1,DEBTCONSOLIDATION,D,10775,15.37,1,0.52,Y,2
22,70000,MORTGAGE,0,EDUCATION,D,9600,15.37,0,0.14,N,2
22,58800,MORTGAGE,,PERSONAL,D,23500,15.33,1,0.4,N,2
22,36000,RENT,4,EDUCATION,D,8000,15.33,0,0.22,N,2
22,19200,MORTGAGE,3,EDUCATION,D,5000,15.33,1,0.26,Y,2
22,60000,MORTGAGE,6,VENTURE,D,24250,15.31,0,0.4,Y,2
22,18000,OWN,1,MEDICAL,D,5400,15.31,1,0.3,Y,2
22,30000,RENT,2,VENTURE,D,4200,15.31,1,0.14,Y,2
22,56000,RENT,4,VENTURE,D,2800,15.31,0,0.05,Y,2
22,18996,RENT,3,PERSONAL,D,3200,15.28,1,0.17,N,2
22,71400,MORTGAGE,4,MEDICAL,C,21600,15.27,1,0.26,Y,2
22,82570,RENT,6,VENTURE,C,18000,15.27,0,0.22,N,2
22,30000,RENT,1,DEBTCONSOLIDATION,C,15000,15.27,1,0.5,Y,2
22,62000,MORTGAGE,2,DEBTCONSOLIDATION,C,13000,15.27,0,0.21,Y,2
22,36000,RENT,0,VENTURE,C,10000,15.27,1,0.28,N,2
22,68000,MORTGAGE,6,EDUCATION,C,9000,15.27,0,0.13,N,2
22,108000,OWN,2,VENTURE,C,8000,15.27,0,0.07,Y,2
22,60000,RENT,,EDUCATION,C,3600,15.27,0,0.06,Y,2
22,62000,RENT,4,EDUCATION,C,2000,15.27,0,0.03,N,2
22,32352,MORTGAGE,6,HOMEIMPROVEMENT,C,1000,15.27,1,0.03,Y,2
22,46800,RENT,6,MEDICAL,C,18000,15.23,1,0.38,Y,2
22,71000,MORTGAGE,6,VENTURE,C,1500,15.23,0,0.02,Y,2
22,42200,RENT,6,VENTURE,D,12800,15.21,1,0.3,N,2
22,34000,MORTGAGE,4,PERSONAL,D,7750,15.21,1,0.23,N,2
22,58617,RENT,6,MEDICAL,D,5400,15.21,1,0.09,N,2
22,34800,RENT,0,MEDICAL,D,5000,15.21,1,0.14,Y,2
22,30000,RENT,0,VENTURE,D,4000,15.21,1,0.13,N,2
22,27996,MORTGAGE,4,MEDICAL,D,3250,15.21,1,0.12,N,2
22,50004,RENT,6,VENTURE,D,15000,15.05,0,0.3,Y,2
22,34404,RENT,2,HOMEIMPROVEMENT,D,7500,15.05,1,0.22,N,2
22,34404,RENT,2,DEBTCONSOLIDATION,D,7500,15.05,1,0.22,Y,2
22,100580,RENT,6,DEBTCONSOLIDATION,D,25000,14.96,1,0.25,Y,2
22,58650,MORTGAGE,6,MEDICAL,D,25000,14.96,1,0.36,N,2
22,120456,MORTGAGE,6,EDUCATION,D,20000,14.96,0,0.17,Y,2
22,53591,RENT,6,EDUCATION,D,13750,14.96,0,0.26,N,2
22,43600,MORTGAGE,4,DEBTCONSOLIDATION,D,10000,14.96,1,0.23,N,2
22,48996,RENT,0,PERSONAL,D,8000,14.96,1,0.16,Y,2
22,66300,RENT,3,MEDICAL,D,7500,14.96,1,0.1,N,2
22,54000,RENT,2,MEDICAL,D,7000,14.96,1,0.13,Y,2
22,30000,RENT,1,EDUCATION,D,4000,14.96,1,0.13,Y,2
22,56400,MORTGAGE,6,EDUCATION,D,8400,14.91,1,0.15,N,2
22,32000,RENT,0,PERSONAL,D,7875,14.91,1,0.25,N,2
22,62400,RENT,3,EDUCATION,D,24000,14.84,1,0.38,N,2
22,34500,RENT,3,EDUCATION,D,12000,14.84,1,0.35,Y,2
22,32400,RENT,2,MEDICAL,D,10400,14.84,1,0.32,N,2
22,64000,RENT,0,PERSONAL,D,8000,14.84,1,0.13,N,2
22,55250,MORTGAGE,2,MEDICAL,D,7400,14.84,1,0.11,N,2
22,39000,RENT,0,DEBTCONSOLIDATION,D,2000,14.84,1,0.05,Y,2
22,4800,RENT,1,PERSONAL,D,1800,14.84,1,0.38,Y,2
22,36000,MORTGAGE,6,VENTURE,D,1400,14.84,0,0.04,N,2
22,58000,OWN,6,EDUCATION,D,10000,14.83,0,0.17,N,2
22,24000,RENT,0,PERSONAL,C,12000,14.79,1,0.5,N,2
22,120000,MORTGAGE,3,MEDICAL,C,5000,14.79,0,0.04,N,2
22,48000,RENT,0,PERSONAL,C,3000,14.79,0,0.06,N,2
22,125004,OTHER,6,VENTURE,D,10000,14.74,0,0.08,N,2
22,62050,MORTGAGE,1,MEDICAL,D,6000,14.74,1,0.08,N,2
22,31193,OWN,0,DEBTCONSOLIDATION,D,4000,14.74,0,0.13,Y,2
22,36000,RENT,3,EDUCATION,C,10000,14.72,0,0.28,N,2
22,40000,RENT,0,MEDICAL,C,9600,14.72,0,0.24,Y,2
22,60000,RENT,6,MEDICAL,C,8000,14.72,0,0.13,Y,2
22,42000,MORTGAGE,1,PERSONAL,C,10500,14.65,0,0.25,N,2
22,69950,MORTGAGE,6,EDUCATION,C,9750,14.65,0,0.14,N,2
22,60000,RENT,1,PERSONAL,C,7000,14.65,0,0.12,N,2
22,66000,RENT,0,VENTURE,C,3300,14.65,0,0.05,Y,2
22,60000,RENT,5,DEBTCONSOLIDATION,C,2100,14.65,0,0.04,N,2
22,36996,RENT,2,PERSONAL,D,18250,14.61,1,0.49,Y,2
22,55000,OWN,4,DEBTCONSOLIDATION,D,5000,14.61,0,0.09,Y,2
22,36000,OWN,4,EDUCATION,D,5000,14.61,0,0.14,N,2
22,14400,RENT,0,VENTURE,D,4000,14.61,1,0.28,N,2
22,64999,MORTGAGE,6,VENTURE,D,2500,14.61,0,0.04,N,2
22,42000,RENT,6,MEDICAL,D,25000,14.59,1,0.6,Y,2
22,50000,RENT,0,DEBTCONSOLIDATION,D,13350,14.59,1,0.27,N,2
22,56920,MORTGAGE,6,VENTURE,D,10000,14.59,1,0.18,Y,2
22,14400,RENT,1,VENTURE,D,5600,14.59,1,0.39,Y,2
22,30000,RENT,2,VENTURE,D,12000,14.46,1,0.4,N,2
22,44000,RENT,,PERSONAL,D,4500,14.46,1,0.1,Y,2
22,62400,MORTGAGE,6,EDUCATION,D,2400,14.46,0,0.04,Y,2
22,66000,RENT,3,DEBTCONSOLIDATION,D,20000,14.42,1,0.3,N,2
22,69000,MORTGAGE,4,EDUCATION,D,15000,14.42,0,0.22,Y,2
22,50004,RENT,5,PERSONAL,D,5300,14.42,0,0.11,Y,2
22,50004,RENT,5,EDUCATION,D,5300,14.42,0,0.11,N,2
22,38000,MORTGAGE,4,VENTURE,D,4000,14.42,0,0.11,Y,2
22,62900,MORTGAGE,1,MEDICAL,E,25000,14.38,1,0.34,N,2
22,76000,RENT,0,EDUCATION,C,14400,14.35,0,0.19,N,2
22,40000,RENT,1,PERSONAL,C,8500,14.35,0,0.21,Y,2
22,52000,MORTGAGE,5,VENTURE,C,3000,14.35,0,0.06,N,2
22,45000,RENT,5,MEDICAL,C,2500,14.35,0,0.06,Y,2
22,75000,MORTGAGE,6,MEDICAL,C,15000,14.27,0,0.2,N,2
22,80000,RENT,5,EDUCATION,C,10000,14.27,0,0.13,N,2
22,32400,RENT,6,VENTURE,C,7500,14.27,1,0.23,N,2
22,42000,RENT,2,EDUCATION,C,7000,14.27,0,0.17,N,2
22,43000,MORTGAGE,4,PERSONAL,C,6600,14.27,0,0.15,Y,2
22,55000,RENT,6,EDUCATION,C,6000,14.27,0,0.11,Y,2
22,25000,RENT,4,MEDICAL,C,5825,14.27,0,0.23,N,2
22,35000,RENT,2,VENTURE,C,4500,14.27,0,0.13,Y,2
22,49500,RENT,7,MEDICAL,C,2500,14.27,0,0.05,Y,2
22,25000,OWN,1,MEDICAL,C,2400,14.27,0,0.1,Y,2
22,37000,MORTGAGE,1,VENTURE,C,2000,14.27,0,0.05,Y,2
22,54000,RENT,4,DEBTCONSOLIDATION,C,1300,14.27,1,0.02,Y,2
22,46000,RENT,7,PERSONAL,C,14100,14.26,1,0.31,N,2
22,33000,MORTGAGE,4,EDUCATION,C,12500,14.26,0,0.38,N,2
22,46976,OWN,5,PERSONAL,C,11000,14.26,0,0.23,Y,2
22,50000,MORTGAGE,6,VENTURE,C,10500,14.26,0,0.21,Y,2
22,20400,RENT,5,MEDICAL,C,3250,14.26,1,0.16,Y,2
22,4800,RENT,0,MEDICAL,C,1200,14.26,1,0.25,Y,2
22,61500,RENT,3,MEDICAL,C,10000,14.22,0,0.16,N,2
22,61500,RENT,3,EDUCATION,C,10000,14.22,0,0.16,N,2
22,34800,OWN,4,MEDICAL,C,7350,14.22,0,0.21,N,2
22,40000,OWN,0,VENTURE,C,6400,14.22,0,0.16,Y,2
22,50000,OWN,2,VENTURE,C,6000,14.22,0,0.12,N,2
22,18984,RENT,6,HOMEIMPROVEMENT,C,2500,14.22,1,0.13,Y,2
22,19176,RENT,3,VENTURE,C,2000,14.22,0,0.1,Y,2
22,19200,MORTGAGE,6,DEBTCONSOLIDATION,C,5000,14.17,1,0.26,Y,2
22,42500,RENT,7,MEDICAL,D,11850,14.11,1,0.28,Y,2
22,66500,RENT,0,VENTURE,D,10000,14.11,1,0.15,Y,2
22,31500,RENT,1,VENTURE,D,6800,14.11,1,0.22,N,2
22,50400,MORTGAGE,6,EDUCATION,D,12000,14.09,0,0.24,N,2
22,38400,OWN,5,EDUCATION,C,10000,13.99,0,0.26,N,2
22,50000,RENT,3,DEBTCONSOLIDATION,C,10000,13.99,0,0.2,Y,2
22,45012,RENT,6,MEDICAL,D,6500,13.99,1,0.14,N,2
22,30000,RENT,5,PERSONAL,C,10000,13.98,1,0.33,Y,2
22,42000,RENT,3,PERSONAL,C,10000,13.98,0,0.24,N,2
22,30000,OWN,,VENTURE,C,7000,13.98,0,0.23,Y,2
22,30000,OWN,,MEDICAL,C,7000,13.98,0,0.23,Y,2
22,32400,RENT,7,PERSONAL,C,4800,13.98,1,0.15,Y,2
22,35100,RENT,0,DEBTCONSOLIDATION,C,1000,13.98,0,0.03,N,2
22,65856,MORTGAGE,6,MEDICAL,C,16800,13.92,0,0.26,N,2
22,70000,MORTGAGE,5,DEBTCONSOLIDATION,C,15000,13.92,0,0.21,N,2
22,86004,RENT,6,EDUCATION,C,8000,13.92,0,0.09,Y,2
22,52000,MORTGAGE,6,EDUCATION,D,10000,13.87,1,0.19,Y,2
22,86400,MORTGAGE,6,PERSONAL,C,24000,13.85,0,0.28,N,2
22,49176,RENT,7,MEDICAL,C,17500,13.85,1,0.36,N,2
22,62400,MORTGAGE,2,VENTURE,C,12600,13.85,0,0.2,Y,2
22,110000,MORTGAGE,7,DEBTCONSOLIDATION,C,8000,13.85,0,0.07,N,2
22,58000,RENT,4,PERSONAL,C,5000,13.85,0,0.09,N,2
22,22800,RENT,4,EDUCATION,C,5000,13.85,0,0.22,Y,2
22,16800,MORTGAGE,0,HOMEIMPROVEMENT,C,4750,13.85,1,0.28,Y,2
22,79000,MORTGAGE,3,VENTURE,C,35000,13.8,0,0.44,Y,2
22,50000,RENT,6,VENTURE,C,18000,13.79,1,0.36,N,2
22,58000,OTHER,3,VENTURE,C,15000,13.79,0,0.26,Y,2
22,55008,RENT,6,EDUCATION,C,12000,13.79,0,0.22,N,2
22,34500,RENT,0,DEBTCONSOLIDATION,C,10000,13.79,0,0.29,N,2
22,60000,MORTGAGE,6,MEDICAL,C,9000,13.79,0,0.15,Y,2
22,53004,MORTGAGE,6,EDUCATION,C,1500,13.79,0,0.03,N,2
22,30000,RENT,2,EDUCATION,C,12000,13.72,1,0.4,N,2
22,21000,RENT,4,EDUCATION,C,10000,13.72,1,0.48,Y,2
22,28800,RENT,0,MEDICAL,C,8000,13.72,0,0.28,Y,2
22,26400,RENT,0,EDUCATION,C,5500,13.72,0,0.21,Y,2
22,75000,MORTGAGE,6,EDUCATION,C,16000,13.61,0,0.21,N,2
22,26400,OWN,1,PERSONAL,C,7300,13.61,0,0.28,Y,2
22,42000,RENT,4,MEDICAL,C,7000,13.61,0,0.17,N,2
22,24000,OWN,2,PERSONAL,C,3000,13.61,0,0.13,N,2
22,52000,RENT,3,PERSONAL,C,12000,13.57,0,0.23,Y,2
22,31200,RENT,3,VENTURE,C,4200,13.57,0,0.13,Y,2
22,60000,RENT,6,MEDICAL,C,1500,13.57,0,0.03,Y,2
22,12000,RENT,0,EDUCATION,C,1000,13.57,1,0.08,N,2
22,85000,MORTGAGE,0,EDUCATION,C,20000,13.49,0,0.24,Y,2
22,66000,RENT,6,PERSONAL,C,16800,13.49,0,0.25,Y,2
22,104000,RENT,3,MEDICAL,C,15900,13.49,0,0.15,N,2
22,48000,RENT,0,DEBTCONSOLIDATION,C,14400,13.49,0,0.3,Y,2
22,32000,RENT,0,DEBTCONSOLIDATION,C,14000,13.49,1,0.44,N,2
22,75000,RENT,6,PERSONAL,C,12000,13.49,0,0.16,N,2
22,61000,MORTGAGE,6,MEDICAL,C,12000,13.49,0,0.2,N,2
22,40000,MORTGAGE,5,DEBTCONSOLIDATION,C,12000,13.49,0,0.3,N,2
22,36000,MORTGAGE,0,EDUCATION,C,11625,13.49,0,0.32,N,2
22,48000,MORTGAGE,6,PERSONAL,C,10000,13.49,0,0.21,N,2
22,38000,RENT,5,PERSONAL,C,10000,13.49,0,0.26,N,2
22,38000,RENT,5,EDUCATION,C,10000,13.49,0,0.26,Y,2
22,36000,RENT,5,MEDICAL,C,10000,13.49,0,0.28,N,2
22,30000,MORTGAGE,3,HOMEIMPROVEMENT,C,10000,13.49,1,0.33,N,2
22,45000,RENT,6,MEDICAL,C,9425,13.49,0,0.21,Y,2
22,70000,RENT,3,VENTURE,C,9000,13.49,0,0.13,Y,2
22,70000,MORTGAGE,5,DEBTCONSOLIDATION,C,8000,13.49,0,0.11,Y,2
22,30000,OWN,3,EDUCATION,C,8000,13.49,0,0.27,N,2
22,60635,MORTGAGE,5,EDUCATION,C,6800,13.49,0,0.11,Y,2
22,73000,MORTGAGE,6,HOMEIMPROVEMENT,C,6000,13.49,1,0.08,Y,2
22,50000,RENT,3,DEBTCONSOLIDATION,C,6000,13.49,0,0.12,Y,2
22,24000,RENT,0,DEBTCONSOLIDATION,C,5200,13.49,0,0.22,Y,2
22,130000,MORTGAGE,6,PERSONAL,C,3000,13.49,0,0.02,N,2
22,45000,RENT,1,PERSONAL,C,2800,13.49,0,0.06,Y,2
22,86000,MORTGAGE,7,EDUCATION,C,18000,13.48,1,0.21,N,2
22,66396,MORTGAGE,6,EDUCATION,C,15000,13.48,0,0.23,N,2
22,54000,MORTGAGE,6,HOMEIMPROVEMENT,C,12000,13.48,1,0.22,N,2
22,45000,RENT,6,EDUCATION,C,11300,13.48,0,0.25,Y,2
22,69500,MORTGAGE,6,VENTURE,C,6000,13.48,0,0.09,Y,2
22,28800,RENT,2,DEBTCONSOLIDATION,C,4000,13.48,0,0.14,N,2
22,18000,RENT,0,VENTURE,C,3500,13.48,1,0.19,Y,2
22,42224,RENT,6,DEBTCONSOLIDATION,C,3000,13.48,0,0.07,Y,2
22,51000,RENT,0,EDUCATION,C,20000,13.47,1,0.39,N,2
22,62000,RENT,0,MEDICAL,C,8400,13.47,0,0.14,Y,2
22,54000,RENT,1,EDUCATION,C,7000,13.47,0,0.13,Y,2
22,40000,RENT,2,DEBTCONSOLIDATION,C,5025,13.43,0,0.13,N,2
22,44000,RENT,3,HOMEIMPROVEMENT,C,3600,13.43,1,0.08,Y,2
22,60000,RENT,5,VENTURE,C,2100,13.43,0,0.04,N,2
22,118812,MORTGAGE,6,MEDICAL,C,15000,13.35,0,0.13,N,2
22,70000,MORTGAGE,5,VENTURE,C,8000,13.35,0,0.11,Y,2
22,62589,OWN,,VENTURE,C,7000,13.35,0,0.11,Y,2
22,15996,RENT,3,EDUCATION,C,4000,13.35,1,0.25,Y,2
22,15996,RENT,3,DEBTCONSOLIDATION,C,4000,13.35,1,0.25,Y,2
22,29244,RENT,0,DEBTCONSOLIDATION,D,3000,13.3,1,0.1,Y,2
22,44160,RENT,7,VENTURE,D,12000,13.24,0,0.27,Y,2
22,117000,MORTGAGE,6,EDUCATION,D,7500,13.24,0,0.06,N,2
22,89250,MORTGAGE,6,MEDICAL,D,7500,13.24,1,0.07,Y,2
22,65004,MORTGAGE,0,EDUCATION,C,13000,13.23,0,0.2,N,2
22,35000,RENT,4,PERSONAL,C,5000,13.23,0,0.14,N,2
22,50000,RENT,6,DEBTCONSOLIDATION,C,20000,13.22,1,0.4,N,2
22,89000,MORTGAGE,6,VENTURE,C,16000,13.22,0,0.18,N,2
22,32240,RENT,3,PERSONAL,C,15000,13.22,1,0.47,N,2
22,50663,RENT,0,EDUCATION,C,7500,13.22,0,0.15,N,2
22,39000,RENT,6,HOMEIMPROVEMENT,C,6000,13.22,1,0.15,Y,2
22,31200,RENT,4,EDUCATION,C,6000,13.22,0,0.19,N,2
22,90000,MORTGAGE,1,EDUCATION,C,2500,13.22,0,0.03,N,2
22,38000,RENT,2,EDUCATION,C,1500,13.22,0,0.04,Y,2
22,74500,MORTGAGE,6,DEBTCONSOLIDATION,D,7500,13.17,1,0.1,N,2
22,48888,RENT,1,PERSONAL,C,18400,13.16,1,0.38,N,2
22,51996,RENT,3,HOMEIMPROVEMENT,C,14500,13.16,1,0.28,Y,2
22,50000,RENT,2,PERSONAL,C,8000,13.16,0,0.16,Y,2
22,24900,MORTGAGE,1,MEDICAL,C,5500,13.16,1,0.22,N,2
22,58000,OWN,5,EDUCATION,C,4500,13.16,0,0.08,N,2
22,60000,MORTGAGE,4,PERSONAL,C,3000,13.16,0,0.05,N,2
22,49140,OWN,0,EDUCATION,C,3000,13.16,0,0.06,N,2
22,58000,RENT,0,DEBTCONSOLIDATION,C,20000,13.11,1,0.34,N,2
22,60000,MORTGAGE,5,DEBTCONSOLIDATION,C,12500,13.11,0,0.21,Y,2
22,57000,RENT,6,EDUCATION,C,12000,13.11,0,0.21,N,2
22,44412,RENT,3,PERSONAL,C,12000,13.11,0,0.27,Y,2
22,50985,RENT,4,EDUCATION,C,11000,13.11,0,0.22,N,2
22,31875,RENT,3,EDUCATION,C,7500,13.11,0,0.24,N,2
22,71500,RENT,2,EDUCATION,C,6400,13.11,0,0.09,Y,2
22,65400,RENT,1,EDUCATION,C,12000,13.06,0,0.18,N,2
22,52000,MORTGAGE,6,EDUCATION,C,9750,13.06,0,0.19,Y,2
22,19000,RENT,5,VENTURE,C,3000,13.06,1,0.16,N,2
22,27600,RENT,5,VENTURE,C,1200,13.06,0,0.04,N,2
22,96000,MORTGAGE,3,EDUCATION,C,11400,13.04,0,0.12,Y,2
22,37440,RENT,1,EDUCATION,C,3200,13.04,0,0.09,Y,2
22,60000,MORTGAGE,6,DEBTCONSOLIDATION,C,18000,12.99,0,0.3,N,2
22,31200,RENT,0,MEDICAL,C,10600,12.99,1,0.34,N,2
22,100000,RENT,2,EDUCATION,C,8450,12.99,0,0.08,Y,2
22,40000,RENT,2,EDUCATION,C,8000,12.99,0,0.2,N,2
22,65000,RENT,0,DEBTCONSOLIDATION,C,7000,12.99,0,0.11,N,2
22,42000,MORTGAGE,6,EDUCATION,C,6000,12.99,0,0.14,Y,2
22,56368,MORTGAGE,5,EDUCATION,C,6000,12.99,0,0.11,N,2
22,35000,RENT,1,EDUCATION,C,5700,12.99,0,0.16,Y,2
22,40000,MORTGAGE,6,DEBTCONSOLIDATION,C,5000,12.99,0,0.13,Y,2
22,38400,RENT,4,EDUCATION,C,4000,12.99,0,0.1,N,2
22,21600,MORTGAGE,,PERSONAL,C,4000,12.99,0,0.19,N,2
22,36000,RENT,2,EDUCATION,C,3600,12.99,0,0.1,N,2
22,35000,RENT,0,VENTURE,C,2000,12.99,0,0.06,Y,2
22,51600,MORTGAGE,2,VENTURE,C,7000,12.98,0,0.14,Y,2
22,100000,RENT,3,EDUCATION,C,6000,12.98,0,0.06,Y,2
22,28000,RENT,3,EDUCATION,C,6000,12.98,0,0.21,Y,2
22,48000,RENT,0,DEBTCONSOLIDATION,C,4800,12.98,0,0.1,Y,2
22,64000,RENT,7,EDUCATION,C,12000,12.87,1,0.19,Y,2
22,53832,MORTGAGE,2,MEDICAL,C,11700,12.87,0,0.22,N,2
22,82000,MORTGAGE,6,DEBTCONSOLIDATION,C,10000,12.87,0,0.12,Y,2
22,48996,RENT,4,EDUCATION,C,10000,12.87,0,0.2,N,2
22,25000,RENT,0,MEDICAL,C,7000,12.87,0,0.28,Y,2
22,52320,MORTGAGE,6,EDUCATION,D,15000,12.86,0,0.29,N,2
22,60500,RENT,3,DEBTCONSOLIDATION,C,7000,12.84,0,0.12,N,2
22,30400,RENT,2,VENTURE,D,10000,12.8,1,0.33,N,2
22,60000,RENT,0,EDUCATION,C,14000,12.73,0,0.23,N,2
22,44400,RENT,3,EDUCATION,C,12800,12.73,0,0.29,N,2
22,31200,RENT,5,DEBTCONSOLIDATION,C,10000,12.73,1,0.32,Y,2
22,23000,RENT,6,MEDICAL,C,6250,12.73,0,0.27,N,2
22,30288,MORTGAGE,2,EDUCATION,C,6000,12.73,0,0.2,N,2
22,25200,MORTGAGE,7,MEDICAL,C,4000,12.73,1,0.16,N,2
22,40000,MORTGAGE,0,EDUCATION,C,4000,12.73,0,0.1,Y,2
22,40000,RENT,1,EDUCATION,C,2400,12.73,0,0.06,Y,2
22,27040,RENT,0,DEBTCONSOLIDATION,C,1500,12.73,0,0.06,N,2
22,43000,OWN,2,VENTURE,B,22800,12.69,0,0.53,N,2
22,44000,MORTGAGE,4,EDUCATION,B,10000,12.69,0,0.23,N,2
22,42000,MORTGAGE,7,DEBTCONSOLIDATION,B,9350,12.69,0,0.22,N,2
22,30000,RENT,1,EDUCATION,B,8050,12.69,1,0.27,N,2
22,120000,MORTGAGE,6,EDUCATION,B,8000,12.69,0,0.07,N,2
22,48000,RENT,7,PERSONAL,B,7200,12.69,0,0.15,N,2
22,25899,OWN,7,VENTURE,B,6250,12.69,0,0.24,N,2
22,43200,RENT,6,EDUCATION,B,5000,12.69,0,0.12,N,2
22,27302,MORTGAGE,6,MEDICAL,B,3725,12.69,0,0.14,N,2
22,42000,RENT,6,DEBTCONSOLIDATION,B,3000,12.69,0,0.07,N,2
22,39500,RENT,3,DEBTCONSOLIDATION,C,11000,12.68,0,0.28,Y,2
22,42000,RENT,6,DEBTCONSOLIDATION,C,7000,12.68,0,0.17,N,2
22,49200,MORTGAGE,6,MEDICAL,C,6500,12.68,1,0.13,Y,2
22,70800,RENT,6,EDUCATION,C,10000,12.61,0,0.14,Y,2
22,70800,RENT,6,EDUCATION,C,10000,12.61,0,0.14,N,2
22,40800,OWN,6,VENTURE,C,10000,12.61,0,0.25,Y,2
22,22800,MORTGAGE,,PERSONAL,C,8300,12.61,1,0.36,Y,2
22,85000,MORTGAGE,6,EDUCATION,C,5000,12.61,0,0.06,N,2
22,45000,MORTGAGE,5,DEBTCONSOLIDATION,C,5000,12.61,0,0.11,Y,2
22,57000,RENT,1,EDUCATION,C,3500,12.61,0,0.06,Y,2
22,60000,MORTGAGE,6,EDUCATION,C,2000,12.61,0,0.03,Y,2
22,89800,MORTGAGE,6,DEBTCONSOLIDATION,B,20000,12.53,0,0.22,N,2
22,60000,MORTGAGE,4,EDUCATION,C,16750,12.53,0,0.28,N,2
22,70000,OWN,6,MEDICAL,B,12000,12.53,0,0.17,N,2
22,58200,MORTGAGE,1,EDUCATION,C,10000,12.53,0,0.17,N,2
22,49000,MORTGAGE,2,DEBTCONSOLIDATION,B,8500,12.53,0,0.17,N,2
22,30000,RENT,3,VENTURE,B,8000,12.53,0,0.27,N,2
22,36000,MORTGAGE,3,MEDICAL,B,6000,12.53,0,0.17,N,2
22,16320,RENT,0,DEBTCONSOLIDATION,B,5000,12.53,1,0.31,N,2
22,54566,MORTGAGE,6,PERSONAL,B,4000,12.53,0,0.07,N,2
22,35500,MORTGAGE,0,EDUCATION,C,4000,12.53,0,0.11,N,2
22,48000,MORTGAGE,0,PERSONAL,B,2800,12.53,0,0.06,N,2
22,50004,MORTGAGE,6,EDUCATION,C,2500,12.53,0,0.05,N,2
22,30000,OWN,0,EDUCATION,B,2500,12.53,0,0.08,N,2
22,32000,RENT,2,EDUCATION,B,2000,12.53,1,0.06,N,2
22,54996,MORTGAGE,6,DEBTCONSOLIDATION,B,25000,12.42,0,0.45,N,2
22,50000,RENT,0,DEBTCONSOLIDATION,B,13000,12.42,0,0.26,N,2
22,41600,OWN,4,EDUCATION,B,12000,12.42,0,0.29,N,2
22,71200,RENT,2,VENTURE,B,11000,12.42,0,0.15,N,2
22,78000,RENT,3,VENTURE,B,10000,12.42,0,0.13,N,2
22,24000,RENT,6,VENTURE,B,7000,12.42,0,0.29,N,2
22,37500,RENT,6,MEDICAL,B,6000,12.42,0,0.16,N,2
22,45000,RENT,3,VENTURE,B,5000,12.42,0,0.11,N,2
22,20400,RENT,,PERSONAL,B,5000,12.42,0,0.25,N,2
22,110000,MORTGAGE,7,EDUCATION,C,20000,12.41,0,0.18,N,2
22,49000,RENT,7,DEBTCONSOLIDATION,C,3000,12.23,1,0.06,Y,2
22,92000,OTHER,2,MEDICAL,C,6000,12.22,0,0.07,N,2
22,41600,RENT,0,EDUCATION,C,2400,12.22,0,0.06,Y,2
22,69996,MORTGAGE,6,DEBTCONSOLIDATION,B,15000,12.21,0,0.21,N,2
22,50004,RENT,6,PERSONAL,B,10000,12.21,0,0.2,N,2
22,40000,RENT,6,MEDICAL,B,10000,12.21,0,0.25,N,2
22,27000,RENT,2,EDUCATION,B,8500,12.21,1,0.31,N,2
22,75000,MORTGAGE,7,DEBTCONSOLIDATION,B,8000,12.21,0,0.11,N,2
22,10000,RENT,0,HOMEIMPROVEMENT,B,7000,12.21,1,0.7,N,2
22,75000,RENT,0,DEBTCONSOLIDATION,B,4800,12.21,0,0.06,N,2
22,24000,RENT,0,PERSONAL,B,2100,12.21,0,0.09,N,2
22,66996,RENT,3,EDUCATION,B,20000,12.18,0,0.3,N,2
22,39900,RENT,4,EDUCATION,B,19000,12.18,1,0.48,N,2
22,51000,RENT,6,VENTURE,B,7000,12.18,0,0.14,N,2
22,37900,RENT,2,MEDICAL,B,5000,12.18,1,0.13,N,2
22,25788,OWN,2,VENTURE,B,3500,12.18,0,0.14,N,2
22,58000,RENT,3,PERSONAL,B,1800,12.18,0,0.03,N,2
22,44684,RENT,1,DEBTCONSOLIDATION,C,8000,12.04,0,0.18,Y,2
22,54000,MORTGAGE,4,MEDICAL,B,15000,11.99,0,0.28,N,2
22,100000,MORTGAGE,2,EDUCATION,B,15000,11.99,0,0.15,N,2
22,42000,RENT,3,MEDICAL,B,8550,11.99,0,0.2,N,2
22,55000,RENT,2,EDUCATION,B,6800,11.99,0,0.12,N,2
22,22718,RENT,3,EDUCATION,B,5425,11.99,0,0.24,N,2
22,26000,RENT,6,PERSONAL,B,5000,11.99,0,0.19,N,2
22,55000,OWN,6,MEDICAL,B,4800,11.99,0,0.09,N,2
22,27000,OWN,1,MEDICAL,B,4800,11.99,0,0.18,N,2
22,31200,RENT,1,VENTURE,B,3200,11.99,0,0.1,N,2
22,46080,RENT,1,VENTURE,B,2200,11.99,0,0.05,N,2
22,65000,RENT,3,MEDICAL,C,9600,11.97,0,0.15,N,2
22,52800,RENT,6,EDUCATION,C,6000,11.97,1,0.11,N,2
22,175000,RENT,6,VENTURE,C,3500,11.91,0,0.02,Y,2
22,50000,RENT,6,PERSONAL,B,6000,11.89,0,0.12,N,2
22,25000,OWN,1,VENTURE,B,6000,11.89,0,0.24,N,2
22,70000,RENT,0,EDUCATION,B,6000,11.89,0,0.09,N,2
22,24744,OWN,5,VENTURE,B,5000,11.89,0,0.2,N,2
22,21996,RENT,0,MEDICAL,B,2500,11.89,0,0.11,N,2
22,23587,RENT,4,HOMEIMPROVEMENT,B,2000,11.89,1,0.08,N,2
22,82000,RENT,2,EDUCATION,B,1600,11.89,0,0.02,N,2
22,44000,RENT,3,DEBTCONSOLIDATION,B,12000,11.86,1,0.27,N,2
22,30000,RENT,4,EDUCATION,B,10000,11.86,1,0.33,N,2
22,48000,MORTGAGE,2,MEDICAL,B,9600,11.86,0,0.2,N,2
22,24996,RENT,6,DEBTCONSOLIDATION,B,7000,11.86,0,0.28,N,2
22,63211,RENT,7,DEBTCONSOLIDATION,B,6500,11.86,0,0.1,N,2
22,50650,RENT,4,DEBTCONSOLIDATION,B,6000,11.86,0,0.12,N,2
22,41000,MORTGAGE,0,EDUCATION,B,6000,11.86,0,0.15,N,2
22,50000,OWN,2,EDUCATION,B,5600,11.86,0,0.11,N,2
22,49000,RENT,6,VENTURE,B,5000,11.86,0,0.1,N,2
22,20000,RENT,2,VENTURE,B,5000,11.86,0,0.25,N,2
22,48000,MORTGAGE,4,PERSONAL,B,4000,11.86,0,0.08,N,2
22,18000,RENT,1,PERSONAL,B,3000,11.86,1,0.17,N,2
22,49032,MORTGAGE,6,EDUCATION,B,2400,11.86,0,0.05,N,2
22,21216,RENT,0,MEDICAL,B,1500,11.86,0,0.07,N,2
22,100000,MORTGAGE,0,DEBTCONSOLIDATION,B,20000,11.83,0,0.2,N,2
22,105000,MORTGAGE,6,MEDICAL,B,12800,11.83,0,0.12,N,2
22,91234,MORTGAGE,6,PERSONAL,B,12000,11.83,0,0.13,N,2
22,91234,MORTGAGE,6,MEDICAL,B,12000,11.83,0,0.13,N,2
22,75744,MORTGAGE,6,VENTURE,B,6700,11.83,0,0.09,N,2
22,32200,RENT,5,PERSONAL,B,6500,11.83,0,0.2,N,2
22,50500,OWN,6,VENTURE,B,6000,11.83,0,0.12,N,2
22,50500,OWN,6,EDUCATION,B,6000,11.83,0,0.12,N,2
22,58000,RENT,6,EDUCATION,B,3000,11.83,0,0.05,N,2
22,51480,MORTGAGE,4,MEDICAL,B,3000,11.83,0,0.06,N,2
22,51480,MORTGAGE,4,PERSONAL,B,3000,11.83,0,0.06,N,2
22,34500,RENT,3,DEBTCONSOLIDATION,B,3000,11.83,0,0.09,N,2
22,66000,MORTGAGE,6,EDUCATION,C,15000,11.72,0,0.23,Y,2
22,55000,MORTGAGE,2,MEDICAL,B,20000,11.71,0,0.36,N,2
22,64000,MORTGAGE,3,DEBTCONSOLIDATION,B,14400,11.71,1,0.23,N,2
22,80000,RENT,1,PERSONAL,B,14400,11.71,0,0.18,N,2
22,36000,MORTGAGE,4,MEDICAL,B,12000,11.71,0,0.33,N,2
22,42000,RENT,3,PERSONAL,B,11000,11.71,0,0.26,N,2
22,52000,RENT,6,VENTURE,B,10000,11.71,0,0.19,N,2
22,39600,RENT,5,DEBTCONSOLIDATION,B,10000,11.71,0,0.25,N,2
22,60000,RENT,2,MEDICAL,B,10000,11.71,0,0.17,N,2
22,80000,MORTGAGE,5,MEDICAL,B,9500,11.71,0,0.12,N,2
22,30000,RENT,1,PERSONAL,B,9375,11.71,1,0.31,N,2
22,120000,MORTGAGE,3,PERSONAL,B,8900,11.71,0,0.07,N,2
22,22000,MORTGAGE,6,EDUCATION,B,7000,11.71,0,0.32,N,2
22,35000,RENT,2,MEDICAL,B,5000,11.71,0,0.14,N,2
22,19200,MORTGAGE,6,PERSONAL,B,4950,11.71,1,0.26,N,2
22,34000,MORTGAGE,6,MEDICAL,B,4500,11.71,1,0.13,N,2
22,37000,MORTGAGE,7,MEDICAL,B,3600,11.71,0,0.1,N,2
22,60000,RENT,6,MEDICAL,B,3200,11.71,0,0.05,N,2
22,60000,MORTGAGE,1,EDUCATION,C,7500,11.66,0,0.13,N,2
22,41196,RENT,6,PERSONAL,C,6800,11.59,0,0.17,Y,2
22,72000,OTHER,6,VENTURE,B,15000,11.58,0,0.21,N,2
22,275000,OWN,6,VENTURE,B,12000,11.58,0,0.04,N,2
22,62000,OWN,1,VENTURE,B,10000,11.58,0,0.16,N,2
22,65000,RENT,6,DEBTCONSOLIDATION,B,17700,11.49,0,0.27,N,2
22,51900,MORTGAGE,5,VENTURE,B,14100,11.49,0,0.27,N,2
22,36000,RENT,6,VENTURE,B,12000,11.49,1,0.33,N,2
22,32500,RENT,0,MEDICAL,B,12000,11.49,1,0.37,N,2
22,86000,MORTGAGE,6,EDUCATION,B,10000,11.49,0,0.12,N,2
22,28800,RENT,6,EDUCATION,B,8000,11.49,0,0.28,N,2
22,28800,RENT,6,MEDICAL,B,8000,11.49,0,0.28,N,2
22,105600,MORTGAGE,4,PERSONAL,B,8000,11.49,0,0.08,N,2
22,30996,RENT,2,DEBTCONSOLIDATION,B,8000,11.49,0,0.26,N,2
22,61000,MORTGAGE,1,DEBTCONSOLIDATION,B,8000,11.49,0,0.13,N,2
22,95000,MORTGAGE,3,DEBTCONSOLIDATION,B,7200,11.49,0,0.08,N,2
22,70000,MORTGAGE,6,VENTURE,B,6000,11.49,0,0.09,N,2
22,63000,RENT,6,PERSONAL,B,6000,11.49,0,0.1,N,2
22,30000,RENT,0,EDUCATION,B,5000,11.49,0,0.17,N,2
22,38400,MORTGAGE,,EDUCATION,B,5000,11.49,0,0.13,N,2
22,20400,RENT,1,DEBTCONSOLIDATION,B,4750,11.49,0,0.23,N,2
22,24000,RENT,0,EDUCATION,B,4500,11.49,0,0.19,N,2
22,19200,RENT,6,PERSONAL,B,4400,11.49,1,0.23,N,2
22,42000,RENT,6,PERSONAL,B,3000,11.49,0,0.07,N,2
22,30000,MORTGAGE,6,VENTURE,B,3000,11.49,0,0.1,N,2
22,56000,RENT,6,EDUCATION,B,1000,11.49,0,0.02,N,2
22,50000,MORTGAGE,0,EDUCATION,B,20000,11.48,0,0.4,N,2
22,96000,RENT,6,PERSONAL,B,17000,11.48,0,0.18,N,2
22,84996,OTHER,3,DEBTCONSOLIDATION,B,15000,11.48,0,0.18,N,2
22,97000,MORTGAGE,4,DEBTCONSOLIDATION,B,14000,11.48,1,0.14,N,2
22,91200,OWN,6,PERSONAL,B,5000,11.48,0,0.05,N,2
22,185000,RENT,4,MEDICAL,B,25000,11.36,0,0.14,N,2
22,166000,MORTGAGE,1,PERSONAL,B,23450,11.36,0,0.14,N,2
22,48500,RENT,1,VENTURE,B,20000,11.36,1,0.41,N,2
22,45000,MORTGAGE,3,EDUCATION,B,15000,11.36,0,0.33,N,2
22,44307,RENT,6,HOMEIMPROVEMENT,B,10000,11.36,1,0.23,N,2
22,36000,RENT,4,PERSONAL,B,10000,11.36,1,0.28,N,2
22,25000,RENT,6,EDUCATION,B,8000,11.36,1,0.32,N,2
22,56000,RENT,0,DEBTCONSOLIDATION,B,7000,11.36,0,0.13,N,2
22,17400,MORTGAGE,6,VENTURE,B,1000,11.36,0,0.06,N,2
22,35000,MORTGAGE,6,PERSONAL,C,7500,11.34,0,0.21,Y,2
22,90000,MORTGAGE,6,EDUCATION,B,20000,11.26,0,0.22,N,2
22,42500,RENT,1,EDUCATION,C,9600,11.22,0,0.23,Y,2
22,69867,MORTGAGE,2,EDUCATION,B,13000,11.14,0,0.19,N,2
22,28000,MORTGAGE,1,DEBTCONSOLIDATION,B,10750,11.14,0,0.38,N,2
22,30000,RENT,7,VENTURE,B,10000,11.14,1,0.33,N,2
22,49920,RENT,6,DEBTCONSOLIDATION,B,10000,11.14,0,0.2,N,2
22,35000,OWN,6,MEDICAL,B,5000,11.14,0,0.14,N,2
22,76000,RENT,6,EDUCATION,B,7000,11.12,0,0.09,N,2
22,60000,OWN,6,EDUCATION,B,5900,11.12,0,0.1,N,2
22,48000,RENT,7,PERSONAL,B,5000,11.12,0,0.1,N,2
22,30000,OWN,4,PERSONAL,B,5000,11.12,0,0.17,N,2
22,63000,RENT,6,HOMEIMPROVEMENT,B,4000,11.12,1,0.06,N,2
22,26880,RENT,2,DEBTCONSOLIDATION,B,1600,11.12,0,0.06,N,2
22,78996,OWN,6,MEDICAL,B,10000,11.11,0,0.13,N,2
22,43200,RENT,6,EDUCATION,B,4000,11.11,0,0.09,N,2
22,37000,RENT,6,DEBTCONSOLIDATION,B,3000,11.11,1,0.08,N,2
22,37342,RENT,3,VENTURE,C,4500,11.03,0,0.12,Y,2
22,76000,MORTGAGE,5,VENTURE,B,24000,10.99,0,0.32,N,2
22,33000,RENT,1,VENTURE,B,16000,10.99,1,0.48,N,2
22,43000,RENT,7,DEBTCONSOLIDATION,B,15000,10.99,1,0.35,N,2
22,28000,RENT,6,EDUCATION,B,15000,10.99,1,0.54,N,2
22,31200,RENT,7,EDUCATION,B,12000,10.99,1,0.38,N,2
22,90000,MORTGAGE,6,EDUCATION,B,12000,10.99,0,0.13,N,2
22,56755,RENT,5,EDUCATION,B,12000,10.99,0,0.21,N,2
22,56000,MORTGAGE,5,MEDICAL,B,12000,10.99,0,0.21,N,2
22,60000,RENT,2,EDUCATION,B,12000,10.99,0,0.2,N,2
22,54000,RENT,2,DEBTCONSOLIDATION,B,12000,10.99,0,0.22,N,2
22,40000,RENT,2,DEBTCONSOLIDATION,B,12000,10.99,0,0.3,N,2
22,34000,MORTGAGE,5,MEDICAL,B,11500,10.99,0,0.34,N,2
22,45504,RENT,2,DEBTCONSOLIDATION,B,11000,10.99,0,0.24,N,2
22,79000,MORTGAGE,6,EDUCATION,B,10000,10.99,0,0.13,N,2
22,50000,RENT,6,EDUCATION,B,10000,10.99,0,0.2,N,2
22,62364,RENT,2,EDUCATION,B,10000,10.99,0,0.16,N,2
22,28800,RENT,5,MEDICAL,B,9000,10.99,1,0.31,N,2
22,37800,MORTGAGE,7,EDUCATION,B,7200,10.99,0,0.19,N,2
22,30000,OWN,3,MEDICAL,B,7200,10.99,0,0.24,N,2
22,75000,RENT,5,EDUCATION,B,7000,10.99,0,0.09,N,2
22,60000,RENT,4,PERSONAL,B,6600,10.99,0,0.11,N,2
22,20000,RENT,1,DEBTCONSOLIDATION,B,6500,10.99,1,0.33,N,2
22,30000,RENT,4,PERSONAL,B,6000,10.99,1,0.2,N,2
22,75000,RENT,2,VENTURE,B,5000,10.99,0,0.07,N,2
22,19800,RENT,,DEBTCONSOLIDATION,B,4800,10.99,1,0.24,N,2
22,27500,RENT,1,VENTURE,B,4250,10.99,0,0.15,N,2
22,52800,MORTGAGE,5,VENTURE,B,4000,10.99,0,0.08,N,2
22,39000,MORTGAGE,4,PERSONAL,B,3250,10.99,0,0.08,N,2
22,31200,MORTGAGE,3,VENTURE,B,3200,10.99,0,0.1,N,2
22,51000,RENT,2,EDUCATION,B,3200,10.99,0,0.06,N,2
22,85000,RENT,5,EDUCATION,B,3000,10.99,0,0.04,N,2
22,60000,OWN,6,MEDICAL,B,1000,10.99,0,0.02,N,2
22,35000,RENT,4,VENTURE,B,11800,10.95,1,0.34,N,2
22,20008,RENT,2,EDUCATION,B,10000,10.95,1,0.5,N,2
22,78000,MORTGAGE,6,DEBTCONSOLIDATION,B,9600,10.95,0,0.12,N,2
22,37000,MORTGAGE,6,EDUCATION,B,7500,10.95,0,0.2,N,2
22,37000,RENT,2,EDUCATION,B,4000,10.95,0,0.11,N,2
22,14400,RENT,0,DEBTCONSOLIDATION,C,4000,10.91,1,0.28,Y,2
22,38500,RENT,1,MEDICAL,B,9000,10.83,0,0.23,N,2
22,40428,RENT,4,MEDICAL,B,16500,10.75,1,0.41,N,2
22,110000,RENT,3,DEBTCONSOLIDATION,B,12600,10.75,0,0.11,N,2
22,38004,RENT,3,EDUCATION,B,10000,10.75,0,0.26,N,2
22,51996,OWN,7,VENTURE,B,6000,10.75,0,0.12,N,2
22,55000,OWN,6,EDUCATION,B,25000,10.74,0,0.45,N,2
22,65500,RENT,4,EDUCATION,B,17600,10.74,0,0.27,N,2
22,52596,RENT,1,PERSONAL,B,15000,10.74,0,0.29,N,2
22,59000,RENT,2,EDUCATION,B,11000,10.74,0,0.19,N,2
22,36000,RENT,6,DEBTCONSOLIDATION,B,10500,10.74,0,0.29,N,2
22,68000,MORTGAGE,6,PERSONAL,B,10000,10.74,0,0.15,N,2
22,70000,MORTGAGE,6,VENTURE,B,2000,10.74,0,0.03,N,2
22,78413,MORTGAGE,6,EDUCATION,B,17500,10.65,0,0.22,N,2
22,100000,RENT,3,VENTURE,B,10000,10.65,0,0.1,N,2
22,54000,MORTGAGE,5,MEDICAL,B,7000,10.65,0,0.13,N,2
22,18000,RENT,1,HOMEIMPROVEMENT,B,7000,10.65,1,0.39,N,2
22,40000,RENT,0,DEBTCONSOLIDATION,B,7000,10.65,0,0.17,N,2
22,47000,RENT,0,VENTURE,B,6550,10.65,0,0.14,N,2
22,56650,MORTGAGE,2,MEDICAL,B,6500,10.65,0,0.11,N,2
22,42000,RENT,6,DEBTCONSOLIDATION,B,6000,10.65,0,0.14,N,2
22,50000,RENT,4,MEDICAL,B,6000,10.65,0,0.12,N,2
22,30000,RENT,1,EDUCATION,B,6000,10.65,0,0.2,N,2
22,24500,RENT,3,MEDICAL,B,4800,10.65,0,0.2,N,2
22,60000,MORTGAGE,6,EDUCATION,B,3950,10.65,0,0.07,N,2
22,16800,MORTGAGE,5,EDUCATION,B,2000,10.65,0,0.12,N,2
22,87000,RENT,6,PERSONAL,B,15000,10.62,0,0.17,N,2
22,47540,MORTGAGE,4,MEDICAL,B,12250,10.62,0,0.26,N,2
22,37392,RENT,1,EDUCATION,B,12000,10.62,1,0.32,N,2
22,55000,MORTGAGE,6,PERSONAL,B,10000,10.62,0,0.18,N,2
22,48000,MORTGAGE,7,EDUCATION,B,6500,10.62,0,0.14,N,2
22,46000,RENT,3,DEBTCONSOLIDATION,B,11000,10.59,0,0.24,N,2
22,30000,RENT,6,MEDICAL,B,9150,10.59,0,0.3,N,2
22,56000,MORTGAGE,4,MEDICAL,B,9000,10.59,0,0.16,N,2
22,25920,RENT,1,MEDICAL,C,9000,10.59,1,0.35,N,2
22,65000,RENT,0,VENTURE,B,8000,10.59,0,0.12,N,2
22,73000,MORTGAGE,6,EDUCATION,B,7000,10.59,0,0.1,N,2
22,29120,RENT,1,VENTURE,B,6800,10.59,0,0.23,N,2
22,60000,RENT,0,DEBTCONSOLIDATION,B,6600,10.59,0,0.11,N,2
22,95000,MORTGAGE,2,MEDICAL,B,5000,10.59,0,0.05,N,2
22,28000,RENT,3,EDUCATION,B,3200,10.59,0,0.11,N,2
22,24000,OWN,3,EDUCATION,B,2500,10.59,0,0.1,N,2
22,24000,OWN,3,VENTURE,B,2500,10.59,0,0.1,N,2
22,27259,RENT,1,EDUCATION,B,2400,10.59,0,0.09,N,2
22,25000,RENT,1,VENTURE,B,2050,10.59,0,0.08,N,2
22,31200,RENT,6,EDUCATION,B,12000,10.39,1,0.38,N,2
22,31200,RENT,6,EDUCATION,B,12000,10.39,1,0.38,N,2
22,35004,MORTGAGE,0,VENTURE,B,8400,10.39,0,0.24,N,2
22,53000,MORTGAGE,0,DEBTCONSOLIDATION,B,4000,10.39,0,0.08,N,2
22,70000,RENT,2,DEBTCONSOLIDATION,B,18750,10.38,0,0.27,N,2
22,65000,MORTGAGE,2,DEBTCONSOLIDATION,B,13000,10.38,0,0.2,N,2
22,45600,MORTGAGE,5,VENTURE,B,9500,10.38,0,0.21,N,2
22,60000,MORTGAGE,7,VENTURE,B,6000,10.38,0,0.1,N,2
22,27996,MORTGAGE,4,MEDICAL,B,5500,10.38,0,0.2,N,2
22,45000,RENT,3,EDUCATION,B,5500,10.38,0,0.12,N,2
22,72000,OWN,6,EDUCATION,B,16000,10.37,0,0.22,N,2
22,45000,RENT,0,DEBTCONSOLIDATION,B,15000,10.37,1,0.33,N,2
22,55000,RENT,7,MEDICAL,B,10000,10.37,0,0.18,N,2
22,40000,RENT,7,EDUCATION,B,10000,10.37,0,0.25,N,2
22,30000,RENT,3,PERSONAL,B,6000,10.37,0,0.2,N,2
22,46000,MORTGAGE,6,PERSONAL,B,4000,10.37,0,0.09,N,2
22,46000,MORTGAGE,6,PERSONAL,B,4000,10.37,0,0.09,N,2
22,80000,MORTGAGE,7,EDUCATION,B,1500,10.37,0,0.02,N,2
22,14400,RENT,0,PERSONAL,B,1200,10.37,0,0.08,N,2
22,9600,RENT,,EDUCATION,B,1200,10.37,0,0.13,N,2
22,50004,RENT,0,VENTURE,B,25000,10.36,1,0.5,N,2
22,119000,RENT,2,DEBTCONSOLIDATION,B,12000,10.36,0,0.1,N,2
22,70000,MORTGAGE,3,DEBTCONSOLIDATION,B,10000,10.36,0,0.14,N,2
22,25000,RENT,0,DEBTCONSOLIDATION,B,4000,10.36,0,0.16,N,2
22,30000,OWN,5,PERSONAL,B,3000,10.36,0,0.1,N,2
22,30000,OWN,5,VENTURE,B,3000,10.36,0,0.1,N,2
22,45600,MORTGAGE,5,VENTURE,B,2000,10.36,0,0.04,N,2
22,30004,RENT,6,MEDICAL,B,6600,10.33,0,0.22,N,2
22,57000,MORTGAGE,5,PERSONAL,B,7500,10.25,0,0.13,N,2
22,29000,RENT,5,VENTURE,B,6000,10.25,0,0.21,N,2
22,33000,RENT,1,EDUCATION,B,5000,10.25,0,0.15,N,2
22,44000,MORTGAGE,1,DEBTCONSOLIDATION,B,18900,10.14,0,0.43,N,2
22,27000,RENT,1,VENTURE,B,5000,10.08,0,0.19,N,2
22,15000,RENT,3,EDUCATION,B,4000,10.08,1,0.27,N,2
22,35000,RENT,5,EDUCATION,B,3000,10.01,0,0.09,N,2
22,50004,RENT,6,PERSONAL,B,12000,10,0,0.24,N,2
22,65000,RENT,1,DEBTCONSOLIDATION,B,10000,10,0,0.15,N,2
22,62000,MORTGAGE,5,EDUCATION,B,9000,10,0,0.15,N,2
22,35004,OWN,1,VENTURE,B,9000,10,0,0.26,N,2
22,48000,RENT,6,EDUCATION,B,8050,10,0,0.17,N,2
22,57600,MORTGAGE,1,PERSONAL,B,6000,10,0,0.1,N,2
22,30900,RENT,3,VENTURE,B,5000,10,0,0.16,N,2
22,50000,RENT,2,DEBTCONSOLIDATION,B,18400,9.99,1,0.37,N,2
22,100000,MORTGAGE,6,EDUCATION,B,14350,9.99,0,0.14,N,2
22,48000,RENT,1,MEDICAL,B,13000,9.99,0,0.27,N,2
22,61402,MORTGAGE,7,EDUCATION,B,10800,9.99,0,0.18,N,2
22,63400,MORTGAGE,6,PERSONAL,B,10500,9.99,0,0.17,N,2
22,39580,RENT,3,EDUCATION,B,10000,9.99,0,0.25,N,2
22,140000,RENT,0,EDUCATION,B,10000,9.99,0,0.07,N,2
22,28000,RENT,7,VENTURE,B,7900,9.99,0,0.28,N,2
22,105000,RENT,4,VENTURE,B,6000,9.99,0,0.06,N,2
22,93600,MORTGAGE,6,EDUCATION,B,5000,9.99,0,0.05,N,2
22,61000,RENT,3,MEDICAL,B,5000,9.99,0,0.08,N,2
22,61000,RENT,3,MEDICAL,B,5000,9.99,0,0.08,N,2
22,67200,MORTGAGE,2,PERSONAL,B,5000,9.99,0,0.07,N,2
22,38272,OWN,6,MEDICAL,B,4800,9.99,0,0.13,N,2
22,34900,MORTGAGE,6,DEBTCONSOLIDATION,B,4000,9.99,0,0.11,N,2
22,60000,MORTGAGE,2,EDUCATION,B,3500,9.99,0,0.06,N,2
22,25000,RENT,0,VENTURE,B,2975,9.96,0,0.12,N,2
22,32000,OWN,1,MEDICAL,B,1200,9.96,0,0.04,N,2
22,50000,MORTGAGE,2,EDUCATION,B,22000,9.91,0,0.44,N,2
22,33000,OWN,6,PERSONAL,B,12000,9.91,0,0.36,N,2
22,45000,RENT,6,MEDICAL,B,10000,9.91,0,0.22,N,2
22,24000,OWN,5,MEDICAL,B,8000,9.91,0,0.33,N,2
22,16000,RENT,,VENTURE,B,6250,9.91,1,0.39,N,2
22,40058,MORTGAGE,5,VENTURE,B,6000,9.91,0,0.15,N,2
22,53000,RENT,6,EDUCATION,B,5000,9.91,0,0.09,N,2
22,36000,RENT,4,MEDICAL,B,4200,9.91,1,0.12,N,2
22,42000,MORTGAGE,,VENTURE,B,3500,9.91,0,0.08,N,2
22,23964,OWN,,VENTURE,B,2500,9.91,0,0.1,N,2
22,8280,RENT,,MEDICAL,B,2400,9.91,1,0.29,N,2
22,50000,OWN,6,EDUCATION,B,1000,9.91,0,0.02,N,2
22,81000,MORTGAGE,6,EDUCATION,B,24000,9.88,0,0.3,N,2
22,48000,MORTGAGE,4,MEDICAL,B,15000,9.88,0,0.31,N,2
22,28800,MORTGAGE,,PERSONAL,B,14500,9.88,0,0.5,N,2
22,45000,RENT,6,MEDICAL,B,11000,9.88,0,0.24,N,2
22,23000,RENT,6,MEDICAL,B,10000,9.88,1,0.43,N,2
22,26400,RENT,3,PERSONAL,B,10000,9.88,1,0.38,N,2
22,65000,RENT,2,EDUCATION,B,10000,9.88,0,0.15,N,2
22,22800,RENT,,PERSONAL,B,9200,9.88,1,0.4,N,2
22,31500,MORTGAGE,3,VENTURE,B,4500,9.88,0,0.14,N,2
22,67500,RENT,1,VENTURE,B,7500,9.76,0,0.11,N,2
22,48300,RENT,0,HOMEIMPROVEMENT,B,4500,9.76,1,0.09,N,2
22,55000,MORTGAGE,7,MEDICAL,B,13500,9.67,0,0.25,N,2
22,54996,MORTGAGE,3,EDUCATION,B,12000,9.63,0,0.22,N,2
22,48000,MORTGAGE,6,EDUCATION,A,9925,9.63,0,0.21,N,2
22,98000,MORTGAGE,1,HOMEIMPROVEMENT,A,9000,9.63,1,0.09,N,2
22,36000,OWN,6,EDUCATION,B,7500,9.63,0,0.21,N,2
22,40906,RENT,4,VENTURE,B,7500,9.63,0,0.18,N,2
22,34359,RENT,6,EDUCATION,A,7475,9.63,0,0.22,N,2
22,93240,MORTGAGE,6,PERSONAL,A,7000,9.63,0,0.08,N,2
22,54000,RENT,4,VENTURE,B,5600,9.63,0,0.1,N,2
22,32000,RENT,5,MEDICAL,A,4500,9.63,1,0.14,N,2
22,48000,MORTGAGE,1,PERSONAL,B,4000,9.63,0,0.08,N,2
22,60000,RENT,6,EDUCATION,B,2000,9.63,0,0.03,N,2
22,51996,RENT,4,PERSONAL,B,3500,9.62,0,0.07,N,2
22,49000,RENT,1,HOMEIMPROVEMENT,A,10500,9.38,1,0.21,N,2
22,50000,RENT,4,EDUCATION,A,10000,9.32,0,0.2,N,2
22,23800,RENT,2,PERSONAL,A,8800,9.32,1,0.37,N,2
22,49000,MORTGAGE,4,VENTURE,A,7000,9.32,0,0.14,N,2
22,27000,RENT,6,DEBTCONSOLIDATION,A,5000,9.32,0,0.19,N,2
22,65000,MORTGAGE,6,VENTURE,A,1500,9.32,0,0.02,N,2
22,75000,MORTGAGE,6,MEDICAL,B,25000,9.25,0,0.33,N,2
22,82000,MORTGAGE,6,EDUCATION,B,10750,9.25,0,0.13,N,2
22,60000,RENT,3,PERSONAL,B,6500,9.25,0,0.11,N,2
22,90000,MORTGAGE,6,MEDICAL,B,6000,9.25,0,0.07,N,2
22,38000,MORTGAGE,5,EDUCATION,B,4200,9.25,0,0.11,N,2
22,26000,MORTGAGE,4,PERSONAL,B,4000,9.25,0,0.15,N,2
22,90000,MORTGAGE,6,VENTURE,B,3500,9.25,0,0.04,N,2
22,58170,RENT,1,EDUCATION,A,3000,9.07,1,0.05,N,2
22,57000,MORTGAGE,6,EDUCATION,B,25000,9.01,0,0.44,N,2
22,65000,MORTGAGE,6,VENTURE,A,17000,8.94,0,0.26,N,2
22,130920,MORTGAGE,0,VENTURE,A,15000,8.94,0,0.11,N,2
22,52128,RENT,6,VENTURE,A,13000,8.94,0,0.25,N,2
22,60000,RENT,0,DEBTCONSOLIDATION,A,13000,8.94,0,0.22,N,2
22,24000,RENT,1,HOMEIMPROVEMENT,A,9250,8.94,1,0.39,N,2
22,41000,RENT,0,EDUCATION,A,8400,8.94,0,0.2,N,2
22,37000,RENT,0,EDUCATION,A,8000,8.94,0,0.22,N,2
22,54000,MORTGAGE,6,PERSONAL,A,7000,8.94,0,0.13,N,2
22,50000,OWN,3,EDUCATION,A,6000,8.94,0,0.12,N,2
22,42000,MORTGAGE,6,MEDICAL,A,5000,8.94,0,0.12,N,2
22,24500,RENT,3,DEBTCONSOLIDATION,A,4500,8.94,0,0.18,N,2
22,49000,MORTGAGE,6,VENTURE,A,4000,8.94,0,0.08,N,2
22,22800,MORTGAGE,0,EDUCATION,A,3000,8.94,0,0.13,N,2
22,38000,MORTGAGE,4,MEDICAL,A,18000,8.9,0,0.47,N,2
22,40000,RENT,0,MEDICAL,A,12800,8.9,1,0.32,N,2
22,76800,MORTGAGE,4,PERSONAL,A,12000,8.9,0,0.16,N,2
22,56400,RENT,2,EDUCATION,A,9500,8.9,0,0.17,N,2
22,30000,RENT,7,MEDICAL,A,7200,8.9,1,0.24,N,2
22,65000,MORTGAGE,0,PERSONAL,A,7200,8.9,0,0.11,N,2
22,53808,MORTGAGE,5,PERSONAL,A,6000,8.9,0,0.11,N,2
22,53808,MORTGAGE,5,VENTURE,A,6000,8.9,0,0.11,N,2
22,40000,RENT,,EDUCATION,A,5000,8.9,0,0.13,N,2
22,75000,RENT,4,EDUCATION,A,3000,8.9,0,0.04,N,2
22,94200,MORTGAGE,6,PERSONAL,B,20000,8.88,0,0.21,N,2
22,50000,MORTGAGE,4,DEBTCONSOLIDATION,B,5150,8.88,0,0.1,N,2
22,50000,OWN,6,MEDICAL,A,15000,8.63,0,0.3,N,2
22,84000,MORTGAGE,6,DEBTCONSOLIDATION,A,7500,8.63,0,0.09,N,2
22,67000,OWN,3,EDUCATION,A,12000,8.59,0,0.18,N,2
22,37000,RENT,2,EDUCATION,A,10000,8.59,0,0.27,N,2
22,25000,RENT,0,PERSONAL,A,10000,8.59,1,0.4,N,2
22,23400,RENT,2,MEDICAL,A,8000,8.59,1,0.34,N,2
22,52000,MORTGAGE,6,PERSONAL,A,4800,8.59,0,0.09,N,2
22,100000,RENT,3,MEDICAL,A,1200,8.59,0,0.01,N,2
22,69000,MORTGAGE,0,EDUCATION,A,15000,8.49,0,0.22,N,2
22,43000,RENT,0,EDUCATION,A,15000,8.49,1,0.35,N,2
22,37000,MORTGAGE,0,MEDICAL,A,15000,8.49,0,0.41,N,2
22,41900,RENT,3,EDUCATION,A,10500,8.49,0,0.25,N,2
22,50000,MORTGAGE,7,DEBTCONSOLIDATION,A,9000,8.49,0,0.18,N,2
22,95000,MORTGAGE,0,MEDICAL,A,9000,8.49,0,0.09,N,2
22,100000,MORTGAGE,7,PERSONAL,A,6000,8.49,0,0.06,N,2
22,32000,MORTGAGE,3,EDUCATION,A,6000,8.49,0,0.19,N,2
22,74476,MORTGAGE,6,EDUCATION,A,5000,8.49,1,0.07,N,2
22,57900,MORTGAGE,3,EDUCATION,A,4850,8.49,0,0.08,N,2
22,30000,RENT,2,EDUCATION,A,2500,8.49,1,0.08,N,2
22,28800,RENT,3,MEDICAL,A,2000,8.49,0,0.07,N,2
22,25000,MORTGAGE,4,EDUCATION,A,1800,8.49,0,0.07,N,2
22,25000,MORTGAGE,4,VENTURE,A,1800,8.49,0,0.07,N,2
22,35064,RENT,4,DEBTCONSOLIDATION,A,2000,8.38,0,0.06,N,2
22,33948,RENT,4,MEDICAL,A,10000,8.32,1,0.29,N,2
22,80000,MORTGAGE,0,DEBTCONSOLIDATION,A,10000,8.32,0,0.13,N,2
22,50000,RENT,1,VENTURE,A,7500,8.32,0,0.15,N,2
22,56000,RENT,6,MEDICAL,A,5600,8.32,0,0.1,N,2
22,63000,MORTGAGE,2,EDUCATION,A,14100,8,0,0.22,N,2
22,49000,MORTGAGE,6,EDUCATION,A,10000,8,1,0.2,N,2
22,50000,MORTGAGE,7,EDUCATION,A,6400,8,0,0.13,N,2
22,75000,MORTGAGE,3,PERSONAL,A,5600,8,0,0.07,N,2
22,26000,RENT,0,DEBTCONSOLIDATION,A,5600,8,0,0.22,N,2
22,75000,OWN,6,EDUCATION,A,4800,8,0,0.06,N,2
22,33996,RENT,3,EDUCATION,A,2000,8,0,0.06,N,2
22,125004,MORTGAGE,6,EDUCATION,A,30000,7.9,0,0.24,N,2
22,36900,RENT,5,VENTURE,A,16000,7.9,1,0.43,N,2
22,125000,RENT,3,DEBTCONSOLIDATION,A,16000,7.9,0,0.13,N,2
22,72000,OWN,2,MEDICAL,A,15000,7.9,0,0.21,N,2
22,28800,RENT,2,VENTURE,A,14000,7.9,1,0.49,N,2
22,57000,MORTGAGE,4,EDUCATION,A,12875,7.9,0,0.23,N,2
22,32400,RENT,6,EDUCATION,A,8000,7.9,0,0.25,N,2
22,42500,RENT,0,EDUCATION,A,7500,7.9,0,0.18,N,2
22,41000,MORTGAGE,6,HOMEIMPROVEMENT,A,7000,7.9,1,0.17,N,2
22,40000,RENT,6,MEDICAL,A,7000,7.9,0,0.17,N,2
22,37200,RENT,6,HOMEIMPROVEMENT,A,7000,7.9,1,0.19,N,2
22,44720,MORTGAGE,6,PERSONAL,A,6000,7.9,0,0.13,N,2
22,52000,MORTGAGE,5,VENTURE,A,6000,7.9,0,0.12,N,2
22,34039,RENT,,PERSONAL,A,6000,7.9,0,0.18,N,2
22,24000,MORTGAGE,5,EDUCATION,A,5000,7.9,0,0.21,N,2
22,60000,MORTGAGE,3,VENTURE,A,5000,7.9,0,0.08,N,2
22,45000,RENT,6,PERSONAL,A,4000,7.9,0,0.09,N,2
22,24000,RENT,0,DEBTCONSOLIDATION,A,2450,7.9,0,0.1,N,2
22,40000,MORTGAGE,3,DEBTCONSOLIDATION,A,2000,7.9,0,0.05,N,2
22,83004,MORTGAGE,6,EDUCATION,A,24000,7.88,0,0.29,N,2
22,60000,MORTGAGE,6,DEBTCONSOLIDATION,A,17500,7.88,0,0.29,N,2
22,71760,RENT,6,EDUCATION,A,15500,7.88,0,0.22,N,2
22,91000,OWN,5,EDUCATION,A,15000,7.88,0,0.16,N,2
22,43000,RENT,2,DEBTCONSOLIDATION,A,14400,7.88,1,0.33,N,2
22,60000,RENT,7,VENTURE,A,14000,7.88,0,0.23,N,2
22,60000,OWN,6,EDUCATION,A,14000,7.88,0,0.23,N,2
22,68000,MORTGAGE,6,MEDICAL,A,13000,7.88,0,0.19,N,2
22,48000,RENT,3,MEDICAL,A,13000,7.88,1,0.27,N,2
22,60000,OWN,6,VENTURE,A,11500,7.88,0,0.19,N,2
22,40000,RENT,2,VENTURE,A,11200,7.88,0,0.28,N,2
22,33600,MORTGAGE,7,EDUCATION,A,10750,7.88,0,0.32,N,2
22,74000,MORTGAGE,6,EDUCATION,A,10000,7.88,0,0.14,N,2
22,65000,MORTGAGE,6,EDUCATION,A,10000,7.88,0,0.15,N,2
22,79000,RENT,3,DEBTCONSOLIDATION,A,10000,7.88,0,0.13,N,2
22,48000,RENT,2,DEBTCONSOLIDATION,A,9000,7.88,0,0.19,N,2
22,55000,RENT,2,VENTURE,A,8400,7.88,0,0.15,N,2
22,70000,MORTGAGE,1,MEDICAL,A,8400,7.88,0,0.12,N,2
22,60000,RENT,6,MEDICAL,A,8000,7.88,0,0.13,N,2
22,45999,RENT,1,VENTURE,A,7300,7.88,0,0.16,N,2
22,50000,MORTGAGE,0,PERSONAL,A,6250,7.88,0,0.13,N,2
22,85000,MORTGAGE,2,VENTURE,A,6000,7.88,0,0.07,N,2
22,60000,RENT,0,MEDICAL,A,5500,7.88,0,0.09,N,2
22,48000,MORTGAGE,6,EDUCATION,A,5000,7.88,0,0.1,N,2
22,48000,MORTGAGE,6,MEDICAL,A,5000,7.88,0,0.1,N,2
22,46000,RENT,4,EDUCATION,A,5000,7.88,0,0.11,N,2
22,115000,RENT,4,MEDICAL,A,4800,7.88,0,0.04,N,2
22,45600,MORTGAGE,3,VENTURE,A,1600,7.88,0,0.04,N,2
22,36000,OWN,4,PERSONAL,A,3250,7.75,0,0.09,N,2
22,48000,RENT,1,PERSONAL,A,7750,7.74,0,0.16,N,2
22,38500,RENT,0,PERSONAL,A,5500,7.74,0,0.14,N,2
22,31200,MORTGAGE,6,VENTURE,A,3500,7.74,0,0.11,N,2
22,46000,MORTGAGE,3,DEBTCONSOLIDATION,A,6000,7.68,0,0.13,N,2
22,38000,RENT,2,EDUCATION,A,18500,7.66,1,0.49,N,2
22,120000,MORTGAGE,2,EDUCATION,A,17400,7.66,0,0.14,N,2
22,47000,MORTGAGE,3,MEDICAL,A,15000,7.66,0,0.32,N,2
22,30000,OWN,,EDUCATION,A,12000,7.66,0,0.4,N,2
22,132000,MORTGAGE,3,MEDICAL,A,10000,7.66,0,0.08,N,2
22,42000,OWN,2,VENTURE,A,9000,7.66,0,0.21,N,2
22,40000,RENT,0,VENTURE,A,8600,7.66,0,0.21,N,2
22,43000,OWN,6,EDUCATION,A,7750,7.66,0,0.18,N,2
22,54996,RENT,5,DEBTCONSOLIDATION,A,7200,7.66,0,0.13,N,2
22,115200,RENT,0,DEBTCONSOLIDATION,A,7000,7.66,0,0.06,N,2
22,40000,RENT,0,VENTURE,A,6000,7.66,0,0.15,N,2
22,55000,MORTGAGE,4,PERSONAL,A,5000,7.66,0,0.09,N,2
22,86000,MORTGAGE,4,PERSONAL,A,24000,7.51,0,0.28,N,2
22,54000,MORTGAGE,0,HOMEIMPROVEMENT,A,16000,7.51,1,0.3,N,2
22,48000,RENT,6,EDUCATION,A,15000,7.51,1,0.31,N,2
22,77000,MORTGAGE,6,VENTURE,A,12400,7.51,0,0.16,N,2
22,32004,MORTGAGE,6,EDUCATION,A,10000,7.51,0,0.31,N,2
22,58608,RENT,4,MEDICAL,A,10000,7.51,0,0.17,N,2
22,45000,RENT,4,EDUCATION,A,10000,7.51,0,0.22,N,2
22,74000,RENT,2,PERSONAL,A,10000,7.51,1,0.14,N,2
22,68004,RENT,4,DEBTCONSOLIDATION,A,9600,7.51,0,0.14,N,2
22,67000,MORTGAGE,7,DEBTCONSOLIDATION,A,8800,7.51,0,0.13,N,2
22,66000,MORTGAGE,5,DEBTCONSOLIDATION,A,8500,7.51,0,0.13,N,2
22,54600,RENT,6,DEBTCONSOLIDATION,A,8000,7.51,0,0.15,N,2
22,70000,RENT,4,VENTURE,A,7550,7.51,0,0.11,N,2
22,80000,RENT,4,PERSONAL,A,7000,7.51,0,0.09,N,2
22,57200,MORTGAGE,4,EDUCATION,A,7000,7.51,0,0.12,N,2
22,36000,RENT,1,DEBTCONSOLIDATION,A,6000,7.51,0,0.17,N,2
22,66000,MORTGAGE,0,EDUCATION,A,6000,7.51,0,0.09,N,2
22,27360,RENT,5,EDUCATION,A,5000,7.51,0,0.18,N,2
22,50000,MORTGAGE,4,EDUCATION,A,5000,7.51,0,0.1,N,2
22,34000,RENT,3,DEBTCONSOLIDATION,A,4975,7.51,1,0.15,N,2
22,36000,MORTGAGE,0,MEDICAL,A,4500,7.51,0,0.13,N,2
22,24960,RENT,0,VENTURE,A,2500,7.51,0,0.1,N,2
22,8000,RENT,,MEDICAL,A,2100,7.51,1,0.26,N,2
22,66960,RENT,1,VENTURE,A,23400,7.49,1,0.35,N,2
22,100000,MORTGAGE,6,EDUCATION,A,15000,7.49,0,0.15,N,2
22,65000,RENT,3,MEDICAL,A,14000,7.49,0,0.22,N,2
22,60000,MORTGAGE,,EDUCATION,A,14000,7.49,1,0.23,N,2
22,61000,MORTGAGE,6,EDUCATION,A,12000,7.49,0,0.2,N,2
22,32000,MORTGAGE,,EDUCATION,A,11050,7.49,0,0.35,N,2
22,68000,MORTGAGE,6,PERSONAL,A,10000,7.49,0,0.15,N,2
22,28800,MORTGAGE,2,MEDICAL,A,10000,7.49,0,0.35,N,2
22,21600,RENT,0,EDUCATION,A,9600,7.49,1,0.44,N,2
22,43200,MORTGAGE,,VENTURE,A,7975,7.49,0,0.18,N,2
22,26000,OWN,2,EDUCATION,A,7100,7.49,0,0.27,N,2
22,73000,MORTGAGE,6,VENTURE,A,7000,7.49,0,0.1,N,2
22,35000,RENT,2,MEDICAL,A,6000,7.49,0,0.17,N,2
22,73000,MORTGAGE,6,MEDICAL,A,5000,7.49,0,0.07,N,2
22,26004,MORTGAGE,4,EDUCATION,A,5000,7.49,0,0.19,N,2
22,24000,RENT,6,EDUCATION,A,4800,7.49,0,0.2,N,2
22,40000,RENT,0,EDUCATION,A,2800,7.49,0,0.07,N,2
22,19728,RENT,5,DEBTCONSOLIDATION,A,2000,7.49,0,0.1,N,2
22,40000,MORTGAGE,5,PERSONAL,A,5400,7.42,0,0.14,N,2
22,50000,RENT,7,MEDICAL,A,4000,7.4,0,0.08,N,2
22,71000,MORTGAGE,6,PERSONAL,A,3200,7.4,0,0.05,N,2
22,66000,RENT,2,EDUCATION,A,2400,7.4,0,0.04,N,2
22,60000,MORTGAGE,3,MEDICAL,A,2000,7.4,0,0.03,N,2
22,26000,MORTGAGE,2,EDUCATION,A,2000,7.4,0,0.08,N,2
22,69000,MORTGAGE,4,EDUCATION,A,1000,7.4,0,0.01,N,2
22,50004,MORTGAGE,0,EDUCATION,A,12000,7.37,0,0.24,N,2
22,62004,MORTGAGE,6,EDUCATION,A,3600,7.37,0,0.06,N,2
22,44094,RENT,1,PERSONAL,A,3600,7.37,0,0.08,N,2
22,55500,MORTGAGE,6,MEDICAL,A,3000,7.37,0,0.05,N,2
22,128474,MORTGAGE,6,DEBTCONSOLIDATION,A,30000,7.29,0,0.23,N,2
22,62000,RENT,6,MEDICAL,A,12500,7.29,0,0.2,N,2
22,50000,RENT,4,MEDICAL,A,12500,7.29,0,0.25,N,2
22,33000,MORTGAGE,5,DEBTCONSOLIDATION,A,12375,7.29,0,0.38,N,2
22,71000,RENT,3,MEDICAL,A,10000,7.29,0,0.14,N,2
22,81960,RENT,6,PERSONAL,A,9600,7.29,0,0.12,N,2
22,46104,RENT,4,EDUCATION,A,8775,7.29,0,0.19,N,2
22,35000,RENT,5,EDUCATION,A,8000,7.29,0,0.23,N,2
22,60000,MORTGAGE,6,VENTURE,A,7800,7.29,0,0.13,N,2
22,45000,RENT,4,EDUCATION,A,5400,7.29,0,0.12,N,2
22,45000,RENT,4,DEBTCONSOLIDATION,A,5400,7.29,0,0.12,N,2
22,35000,MORTGAGE,7,VENTURE,A,4000,7.29,0,0.11,N,2
22,75000,RENT,3,EDUCATION,A,3500,7.29,0,0.05,N,2
22,9600,RENT,0,VENTURE,A,1500,7.29,1,0.16,N,2
22,48000,RENT,0,EDUCATION,A,1000,7.29,0,0.02,N,2
22,54000,RENT,0,MEDICAL,A,14000,7.14,0,0.26,N,2
22,110000,MORTGAGE,0,EDUCATION,A,12000,7.14,0,0.11,N,2
22,107000,MORTGAGE,1,VENTURE,A,10000,7.14,0,0.09,N,2
22,75000,MORTGAGE,6,PERSONAL,A,9000,7.14,0,0.12,N,2
22,60000,MORTGAGE,4,EDUCATION,A,8000,7.14,0,0.13,N,2
22,22000,MORTGAGE,6,PERSONAL,A,7200,7.14,0,0.33,N,2
22,45691,MORTGAGE,5,VENTURE,A,7000,7.14,0,0.15,N,2
22,60000,RENT,1,EDUCATION,A,6850,7.14,0,0.11,N,2
22,37000,RENT,6,PERSONAL,A,6800,7.14,0,0.18,N,2
22,80000,MORTGAGE,6,PERSONAL,A,5000,7.14,0,0.06,N,2
22,43000,MORTGAGE,0,EDUCATION,A,5000,7.14,0,0.12,N,2
22,56000,MORTGAGE,6,PERSONAL,A,4750,7.14,0,0.08,N,2
22,12000,OWN,6,DEBTCONSOLIDATION,A,4750,7.14,1,0.4,N,2
22,27000,RENT,6,EDUCATION,A,4000,7.14,0,0.15,N,2
22,24000,MORTGAGE,6,MEDICAL,A,2500,7.14,0,0.1,N,2
22,52000,MORTGAGE,0,DEBTCONSOLIDATION,A,3000,7.05,0,0.06,N,2
22,45000,RENT,0,PERSONAL,A,10500,6.99,0,0.23,N,2
22,50000,RENT,6,MEDICAL,A,9500,6.99,0,0.19,N,2
22,75000,MORTGAGE,4,MEDICAL,A,9000,6.99,0,0.12,N,2
22,70000,RENT,6,EDUCATION,A,8000,6.99,0,0.11,N,2
22,25500,MORTGAGE,0,VENTURE,A,7000,6.99,0,0.27,N,2
22,48000,RENT,7,VENTURE,A,5000,6.99,0,0.1,N,2
22,48000,RENT,7,EDUCATION,A,5000,6.99,0,0.1,N,2
22,39000,RENT,4,MEDICAL,A,5000,6.99,0,0.13,N,2
22,39000,RENT,4,EDUCATION,A,5000,6.99,0,0.13,N,2
22,52000,RENT,1,MEDICAL,A,5000,6.99,0,0.1,N,2
22,20400,RENT,1,VENTURE,A,3500,6.99,0,0.17,N,2
22,32500,MORTGAGE,6,EDUCATION,A,2500,6.99,0,0.08,N,2
22,12000,RENT,1,VENTURE,A,1500,6.99,0,0.13,N,2
22,41000,OWN,0,PERSONAL,A,1000,6.99,0,0.02,N,2
22,41000,OWN,0,PERSONAL,A,1000,6.99,0,0.02,N,2
22,37000,RENT,6,PERSONAL,A,14000,6.92,1,0.38,N,2
22,33716,OWN,6,EDUCATION,A,13750,6.92,0,0.41,N,2
22,42000,RENT,3,EDUCATION,A,10000,6.92,0,0.24,N,2
22,37200,RENT,2,EDUCATION,A,10000,6.92,0,0.27,N,2
22,65416,MORTGAGE,6,EDUCATION,A,8000,6.92,0,0.12,N,2
22,122000,MORTGAGE,6,MEDICAL,A,6000,6.92,0,0.05,N,2
22,50004,RENT,2,DEBTCONSOLIDATION,A,4000,6.92,0,0.08,N,2
22,65000,RENT,1,EDUCATION,A,12500,6.91,0,0.19,N,2
22,56000,RENT,1,EDUCATION,A,12000,6.91,0,0.21,N,2
22,49000,RENT,1,EDUCATION,A,8000,6.91,1,0.16,N,2
22,60000,RENT,3,EDUCATION,A,7000,6.91,0,0.12,N,2
22,72000,RENT,5,EDUCATION,A,6400,6.91,0,0.09,N,2
22,55000,RENT,6,EDUCATION,A,5000,6.91,0,0.09,N,2
22,28800,RENT,6,EDUCATION,A,5000,6.91,0,0.17,N,2
22,17004,RENT,5,DEBTCONSOLIDATION,A,3250,6.91,1,0.19,N,2
22,62000,MORTGAGE,6,EDUCATION,A,1500,6.91,0,0.02,N,2
22,40800,RENT,6,VENTURE,A,1000,6.91,0,0.02,N,2
22,52800,MORTGAGE,6,PERSONAL,A,7000,6.76,0,0.13,N,2
22,45000,OWN,7,EDUCATION,A,6000,6.76,0,0.13,N,2
22,38000,MORTGAGE,6,MEDICAL,A,4000,6.76,0,0.11,N,2
22,63600,OWN,1,VENTURE,A,4000,6.76,0,0.06,N,2
22,52800,RENT,1,PERSONAL,A,2100,6.76,0,0.04,N,2
22,48255,RENT,3,VENTURE,A,2000,6.76,0,0.04,N,2
22,28000,OWN,1,VENTURE,A,12300,6.62,0,0.44,N,2
22,45000,RENT,6,EDUCATION,A,12000,6.62,0,0.27,N,2
22,20000,RENT,,VENTURE,A,10000,6.62,1,0.5,N,2
22,25000,RENT,2,EDUCATION,A,8400,6.62,1,0.34,N,2
22,50000,MORTGAGE,6,VENTURE,A,7800,6.62,0,0.16,N,2
22,32340,RENT,6,DEBTCONSOLIDATION,A,7000,6.62,0,0.22,N,2
22,64000,MORTGAGE,1,DEBTCONSOLIDATION,A,6625,6.62,0,0.1,N,2
22,55000,RENT,6,EDUCATION,A,6000,6.62,0,0.11,N,2
22,18000,RENT,2,VENTURE,A,6000,6.62,1,0.33,N,2
22,49536,MORTGAGE,6,DEBTCONSOLIDATION,A,5200,6.62,0,0.1,N,2
22,29000,RENT,6,HOMEIMPROVEMENT,A,4200,6.62,1,0.14,N,2
22,47580,MORTGAGE,6,MEDICAL,A,4000,6.62,0,0.08,N,2
22,47000,RENT,3,EDUCATION,A,3000,6.62,0,0.06,N,2
22,40800,RENT,5,MEDICAL,A,2000,6.62,0,0.05,N,2
22,81500,MORTGAGE,6,PERSONAL,A,20000,6.54,0,0.25,N,2
22,58000,RENT,6,DEBTCONSOLIDATION,A,10000,6.54,0,0.17,N,2
22,95000,MORTGAGE,0,MEDICAL,A,6875,6.54,0,0.07,N,2
22,72000,MORTGAGE,6,MEDICAL,A,5000,6.54,0,0.07,N,2
22,45000,OWN,6,EDUCATION,A,4750,6.39,0,0.11,N,2
22,54252,MORTGAGE,6,DEBTCONSOLIDATION,A,3500,6.39,0,0.06,N,2
22,81800,MORTGAGE,6,EDUCATION,A,2500,6.39,0,0.03,N,2
22,40000,RENT,0,DEBTCONSOLIDATION,A,2100,6.39,0,0.05,N,2
22,88200,MORTGAGE,6,DEBTCONSOLIDATION,A,21000,6.17,0,0.24,N,2
22,50000,RENT,4,MEDICAL,A,10000,6.17,0,0.2,N,2
22,28000,MORTGAGE,5,EDUCATION,A,8500,6.17,0,0.3,N,2
22,46000,RENT,3,DEBTCONSOLIDATION,A,8000,6.17,0,0.17,N,2
22,48000,MORTGAGE,4,PERSONAL,A,6500,6.17,0,0.14,N,2
22,60000,MORTGAGE,6,MEDICAL,A,6125,6.17,0,0.1,N,2
22,40000,RENT,,EDUCATION,A,5000,6.17,0,0.13,N,2
22,40000,RENT,0,PERSONAL,A,3600,6.17,0,0.09,N,2
22,62000,MORTGAGE,6,EDUCATION,A,15075,6.03,0,0.24,N,2
22,50000,RENT,6,EDUCATION,A,15000,6.03,0,0.3,N,2
22,85000,MORTGAGE,,VENTURE,A,15000,6.03,0,0.18,N,2
22,60000,RENT,6,PERSONAL,A,14000,6.03,0,0.23,N,2
22,104000,MORTGAGE,6,PERSONAL,A,13600,6.03,0,0.13,N,2
22,41000,MORTGAGE,6,EDUCATION,A,12000,6.03,0,0.29,N,2
22,42000,OWN,6,PERSONAL,A,10000,6.03,0,0.24,N,2
22,35400,OWN,6,EDUCATION,A,8000,6.03,0,0.23,N,2
22,31500,OWN,,VENTURE,A,8000,6.03,0,0.25,N,2
22,55000,RENT,6,DEBTCONSOLIDATION,A,7500,6.03,0,0.14,N,2
22,70000,MORTGAGE,6,MEDICAL,A,6000,6.03,0,0.09,N,2
22,26232,OWN,,MEDICAL,A,6000,6.03,0,0.23,N,2
22,65004,MORTGAGE,6,MEDICAL,A,5500,6.03,0,0.08,N,2
22,54000,MORTGAGE,6,MEDICAL,A,5000,6.03,0,0.09,N,2
22,41784,MORTGAGE,6,DEBTCONSOLIDATION,A,5000,6.03,0,0.12,N,2
22,40000,MORTGAGE,6,MEDICAL,A,5000,6.03,0,0.13,N,2
22,70000,MORTGAGE,2,EDUCATION,A,5000,6.03,0,0.07,N,2
22,25000,OWN,,VENTURE,A,5000,6.03,0,0.2,N,2
22,42000,MORTGAGE,6,MEDICAL,A,3000,6.03,0,0.07,N,2
22,96000,RENT,4,EDUCATION,B,3150,6,0,0.03,N,2
22,63000,MORTGAGE,6,MEDICAL,A,10800,5.99,0,0.17,N,2
22,85000,MORTGAGE,3,PERSONAL,A,10000,5.99,0,0.12,N,2
22,60000,MORTGAGE,,EDUCATION,A,10000,5.99,0,0.17,N,2
22,60000,RENT,,PERSONAL,A,10000,5.99,0,0.17,N,2
22,22800,OWN,1,MEDICAL,A,9000,5.99,0,0.39,N,2
22,75000,RENT,0,PERSONAL,A,8000,5.99,0,0.11,N,2
22,23400,RENT,,EDUCATION,A,7700,5.99,1,0.33,N,2
22,51000,RENT,6,PERSONAL,A,7500,5.99,0,0.15,N,2
22,69000,MORTGAGE,6,MEDICAL,A,6500,5.99,0,0.09,N,2
22,42000,RENT,2,EDUCATION,A,6500,5.99,0,0.15,N,2
22,90000,MORTGAGE,6,PERSONAL,A,6400,5.99,0,0.07,N,2
22,72000,RENT,4,PERSONAL,A,6200,5.99,0,0.09,N,2
22,60000,MORTGAGE,2,PERSONAL,A,5200,5.99,0,0.09,N,2
22,36000,RENT,3,PERSONAL,A,3600,5.99,0,0.1,N,2
22,44000,MORTGAGE,2,PERSONAL,A,3500,5.99,0,0.08,N,2
22,21600,RENT,0,MEDICAL,A,1200,5.99,0,0.06,N,2
22,75000,MORTGAGE,6,DEBTCONSOLIDATION,A,18000,5.79,0,0.24,N,2
22,50000,MORTGAGE,0,DEBTCONSOLIDATION,A,12800,5.79,0,0.26,N,2
22,90000,RENT,7,VENTURE,A,12000,5.79,0,0.13,N,2
22,39996,RENT,3,PERSONAL,A,11000,5.79,0,0.28,N,2
22,39996,RENT,3,VENTURE,A,11000,5.79,0,0.28,N,2
22,75000,MORTGAGE,6,EDUCATION,A,10600,5.79,0,0.14,N,2
22,55000,MORTGAGE,6,VENTURE,A,10000,5.79,0,0.18,N,2
22,137004,MORTGAGE,3,VENTURE,A,10000,5.79,0,0.07,N,2
22,75000,MORTGAGE,3,EDUCATION,A,9000,5.79,0,0.12,N,2
22,40000,OWN,4,EDUCATION,A,8000,5.79,0,0.2,N,2
22,84000,MORTGAGE,6,DEBTCONSOLIDATION,A,7200,5.79,0,0.09,N,2
22,26124,RENT,2,EDUCATION,A,7125,5.79,0,0.27,N,2
22,51000,MORTGAGE,6,MEDICAL,A,6000,5.79,0,0.12,N,2
22,27996,OWN,5,MEDICAL,A,5000,5.79,0,0.18,N,2
22,75000,RENT,2,DEBTCONSOLIDATION,A,5000,5.79,0,0.07,N,2
22,38000,MORTGAGE,6,EDUCATION,A,4500,5.79,0,0.12,N,2
22,27000,RENT,0,PERSONAL,A,4000,5.79,0,0.15,N,2
22,88512,MORTGAGE,6,EDUCATION,A,3000,5.79,0,0.03,N,2
22,23000,RENT,4,MEDICAL,A,3000,5.79,0,0.13,N,2
22,38400,MORTGAGE,,PERSONAL,A,1000,5.79,0,0.03,N,2
22,31800,RENT,,DEBTCONSOLIDATION,A,12000,5.42,1,0.38,N,2
22,19008,OWN,,VENTURE,A,12000,5.42,1,0.63,N,2
22,43200,MORTGAGE,7,PERSONAL,A,11000,5.42,0,0.25,N,2
22,75000,MORTGAGE,6,EDUCATION,A,11000,5.42,0,0.15,N,2
22,38400,MORTGAGE,4,DEBTCONSOLIDATION,A,10000,5.42,0,0.26,N,2
22,60000,MORTGAGE,1,PERSONAL,A,10000,5.42,0,0.17,N,2
22,38000,MORTGAGE,6,DEBTCONSOLIDATION,A,8500,5.42,0,0.22,N,2
22,38000,MORTGAGE,6,DEBTCONSOLIDATION,A,8500,5.42,0,0.22,N,2
22,72000,MORTGAGE,3,EDUCATION,A,8400,5.42,0,0.12,N,2
22,70000,MORTGAGE,2,DEBTCONSOLIDATION,A,6000,5.42,0,0.09,N,2
22,36996,RENT,0,MEDICAL,A,5000,5.42,0,0.14,N,2
22,40000,MORTGAGE,1,EDUCATION,A,4800,5.42,0,0.12,N,2
22,63000,MORTGAGE,6,EDUCATION,A,4500,5.42,0,0.07,N,2
22,70000,MORTGAGE,1,DEBTCONSOLIDATION,A,4500,5.42,0,0.06,N,2
22,36000,RENT,3,EDUCATION,A,4000,5.42,0,0.11,N,2
22,39336,RENT,6,VENTURE,A,3500,5.42,0,0.09,N,2
22,60000,RENT,5,VENTURE,A,3500,5.42,0,0.06,N,2
22,30000,MORTGAGE,6,VENTURE,A,2000,5.42,0,0.07,N,2
22,33000,RENT,1,EDUCATION,A,1800,5.42,0,0.05,N,2
22,58000,RENT,6,EDUCATION,A,1500,5.42,0,0.03,N,2
22,106000,MORTGAGE,6,VENTURE,A,35000,,0,0.33,N,2
22,80000,MORTGAGE,6,EDUCATION,B,35000,,0,0.44,N,2
22,56950,RENT,6,MEDICAL,A,28000,,1,0.49,N,2
22,240000,OWN,6,PERSONAL,B,25000,,0,0.1,N,2
22,125000,MORTGAGE,0,PERSONAL,D,25000,,0,0.2,Y,2
22,98000,RENT,7,DEBTCONSOLIDATION,F,24000,,1,0.24,Y,2
22,54000,MORTGAGE,3,DEBTCONSOLIDATION,D,22750,,1,0.42,Y,2
22,66000,RENT,1,EDUCATION,F,22000,,1,0.33,N,2
22,82000,RENT,6,EDUCATION,C,20000,,0,0.24,Y,2
22,94500,RENT,2,PERSONAL,B,20000,,0,0.21,N,2
22,75000,RENT,2,VENTURE,C,20000,,0,0.27,N,2
22,75000,RENT,2,MEDICAL,C,20000,,0,0.27,Y,2
22,75000,RENT,1,VENTURE,A,19200,,0,0.26,N,2
22,175000,MORTGAGE,6,EDUCATION,B,18000,,0,0.1,N,2
22,48000,RENT,5,EDUCATION,B,18000,,1,0.38,N,2
22,40800,MORTGAGE,7,EDUCATION,C,17050,,0,0.42,Y,2
22,61000,RENT,3,VENTURE,C,16000,,0,0.26,Y,2
22,59000,OTHER,1,DEBTCONSOLIDATION,D,15000,,1,0.25,Y,2
22,130000,MORTGAGE,3,DEBTCONSOLIDATION,C,14500,,0,0.11,N,2
22,85000,MORTGAGE,6,PERSONAL,A,12500,,0,0.15,N,2
22,113028,MORTGAGE,3,MEDICAL,C,12075,,0,0.11,N,2
22,75500,MORTGAGE,6,PERSONAL,A,12000,,0,0.16,N,2
22,75000,RENT,6,EDUCATION,A,12000,,0,0.16,N,2
22,35000,RENT,2,PERSONAL,B,12000,,1,0.34,N,2
22,31356,MORTGAGE,6,DEBTCONSOLIDATION,D,11225,,1,0.36,Y,2
22,74000,MORTGAGE,6,HOMEIMPROVEMENT,C,11200,,1,0.15,Y,2
22,73063,MORTGAGE,4,PERSONAL,C,11200,,0,0.15,Y,2
22,69700,RENT,4,VENTURE,B,11200,,0,0.16,N,2
22,69700,RENT,4,EDUCATION,B,11200,,0,0.16,N,2
22,50000,RENT,1,MEDICAL,A,11000,,0,0.22,N,2
22,72000,MORTGAGE,7,EDUCATION,A,10000,,0,0.14,N,2
22,62322,RENT,7,EDUCATION,B,10000,,0,0.16,N,2
22,125000,MORTGAGE,6,VENTURE,B,10000,,0,0.08,N,2
22,85000,MORTGAGE,6,EDUCATION,A,10000,,0,0.12,N,2
22,68000,MORTGAGE,6,EDUCATION,B,10000,,0,0.15,N,2
22,37200,RENT,6,PERSONAL,B,10000,,1,0.27,N,2
22,84000,MORTGAGE,5,PERSONAL,A,10000,,0,0.12,N,2
22,51360,RENT,4,EDUCATION,D,10000,,0,0.19,N,2
22,24605,OWN,3,VENTURE,C,10000,,0,0.41,Y,2
22,60000,MORTGAGE,2,MEDICAL,A,10000,,0,0.17,N,2
22,35000,RENT,2,VENTURE,B,10000,,0,0.29,N,2
22,45000,RENT,1,VENTURE,E,10000,,1,0.22,N,2
22,37000,RENT,,DEBTCONSOLIDATION,B,10000,,0,0.27,N,2
22,37000,RENT,,DEBTCONSOLIDATION,B,10000,,0,0.27,N,2
22,29004,RENT,,EDUCATION,B,9975,,1,0.34,N,2
22,33000,RENT,,DEBTCONSOLIDATION,C,9800,,1,0.3,N,2
22,49000,RENT,3,DEBTCONSOLIDATION,D,9600,,1,0.2,N,2
22,29000,RENT,7,MEDICAL,B,9000,,1,0.31,N,2
22,100000,MORTGAGE,6,EDUCATION,B,9000,,0,0.09,N,2
22,74000,MORTGAGE,6,EDUCATION,B,9000,,0,0.12,N,2
22,70000,RENT,4,EDUCATION,B,9000,,0,0.13,N,2
22,36000,RENT,3,EDUCATION,C,9000,,0,0.25,Y,2
22,60000,RENT,0,DEBTCONSOLIDATION,C,9000,,0,0.15,N,2
22,23900,RENT,0,PERSONAL,B,9000,,1,0.38,N,2
22,81400,MORTGAGE,4,MEDICAL,B,8500,,0,0.1,N,2
22,54800,OWN,7,EDUCATION,A,8000,,0,0.15,N,2
22,54800,OWN,7,EDUCATION,A,8000,,0,0.15,N,2
22,24000,RENT,0,EDUCATION,A,8000,,1,0.33,N,2
22,105000,MORTGAGE,6,EDUCATION,A,7500,,0,0.07,N,2
22,72955,MORTGAGE,6,PERSONAL,B,7500,,1,0.1,N,2
22,30004,OWN,6,EDUCATION,A,7500,,0,0.25,N,2
22,57000,MORTGAGE,6,VENTURE,B,7200,,0,0.13,N,2
22,50004,MORTGAGE,6,VENTURE,D,7200,,0,0.14,Y,2
22,63500,MORTGAGE,3,EDUCATION,C,7000,,0,0.11,N,2
22,90000,MORTGAGE,2,MEDICAL,B,7000,,0,0.08,N,2
22,54400,RENT,2,MEDICAL,E,7000,,1,0.11,Y,2
22,33000,RENT,2,DEBTCONSOLIDATION,B,7000,,0,0.21,N,2
22,39000,RENT,3,MEDICAL,B,6600,,0,0.17,N,2
22,65004,MORTGAGE,5,EDUCATION,A,6500,,0,0.1,N,2
22,40542,MORTGAGE,6,VENTURE,A,6250,,0,0.15,N,2
22,35000,RENT,7,EDUCATION,B,6000,,0,0.17,N,2
22,82000,MORTGAGE,6,DEBTCONSOLIDATION,C,6000,,0,0.07,N,2
22,75000,RENT,6,EDUCATION,B,6000,,1,0.08,N,2
22,65000,MORTGAGE,6,VENTURE,B,6000,,0,0.09,N,2
22,64000,MORTGAGE,6,DEBTCONSOLIDATION,A,6000,,1,0.09,N,2
22,48996,RENT,6,PERSONAL,B,6000,,0,0.12,N,2
22,59000,MORTGAGE,5,MEDICAL,A,6000,,0,0.1,N,2
22,34000,RENT,4,PERSONAL,A,6000,,1,0.18,N,2
22,80000,RENT,1,EDUCATION,A,6000,,0,0.07,N,2
22,93600,MORTGAGE,0,DEBTCONSOLIDATION,A,6000,,0,0.06,N,2
22,78000,OTHER,4,PERSONAL,B,5600,,0,0.07,N,2
22,44052,RENT,3,DEBTCONSOLIDATION,D,5500,,1,0.12,Y,2
22,32400,MORTGAGE,1,DEBTCONSOLIDATION,A,5500,,0,0.17,N,2
22,32400,MORTGAGE,1,DEBTCONSOLIDATION,A,5500,,0,0.17,N,2
22,36000,MORTGAGE,3,DEBTCONSOLIDATION,A,5250,,0,0.15,N,2
22,36000,RENT,4,DEBTCONSOLIDATION,B,5075,,0,0.14,N,2
22,70000,MORTGAGE,4,VENTURE,A,5025,,0,0.07,N,2
22,48000,RENT,6,VENTURE,B,5000,,0,0.1,N,2
22,41000,RENT,6,VENTURE,A,5000,,0,0.12,N,2
22,41000,RENT,6,VENTURE,A,5000,,0,0.12,N,2
22,72000,MORTGAGE,3,EDUCATION,B,5000,,0,0.07,N,2
22,30000,RENT,2,EDUCATION,C,5000,,0,0.17,Y,2
22,34992,RENT,1,DEBTCONSOLIDATION,B,5000,,0,0.14,N,2
22,27000,RENT,0,VENTURE,D,5000,,1,0.19,Y,2
22,50004,MORTGAGE,,PERSONAL,B,4950,,0,0.1,N,2
22,40000,MORTGAGE,6,PERSONAL,A,4800,,0,0.12,N,2
22,40000,MORTGAGE,6,VENTURE,A,4750,,0,0.12,N,2
22,21000,RENT,4,EDUCATION,D,4750,,0,0.23,N,2
22,12996,OWN,1,VENTURE,B,4750,,1,0.37,N,2
22,52000,RENT,7,DEBTCONSOLIDATION,C,4300,,0,0.08,Y,2
22,29000,RENT,0,HOMEIMPROVEMENT,D,4200,,1,0.14,N,2
22,57000,RENT,6,VENTURE,B,4000,,0,0.07,N,2
22,36000,RENT,6,EDUCATION,B,4000,,0,0.11,N,2
22,78972,RENT,5,MEDICAL,C,4000,,0,0.05,Y,2
22,32400,RENT,4,VENTURE,D,4000,,1,0.12,Y,2
22,63000,MORTGAGE,2,DEBTCONSOLIDATION,A,4000,,0,0.06,N,2
22,57600,MORTGAGE,2,DEBTCONSOLIDATION,C,4000,,0,0.07,Y,2
22,40000,RENT,2,EDUCATION,A,4000,,0,0.1,N,2
22,18000,OWN,2,MEDICAL,C,4000,,1,0.22,N,2
22,25200,RENT,1,MEDICAL,B,4000,,0,0.16,N,2
22,48000,MORTGAGE,6,MEDICAL,B,3800,,0,0.08,N,2
22,50000,OWN,1,MEDICAL,A,3600,,0,0.07,N,2
22,18000,RENT,0,PERSONAL,B,3600,,1,0.2,N,2
22,39996,OWN,5,EDUCATION,C,3500,,0,0.09,N,2
22,21600,RENT,2,MEDICAL,D,3500,,1,0.16,N,2
22,36000,MORTGAGE,1,MEDICAL,A,3500,,0,0.1,N,2
22,28800,RENT,0,VENTURE,A,3500,,0,0.12,N,2
22,10200,RENT,4,VENTURE,C,3250,,1,0.32,Y,2
22,48156,MORTGAGE,6,DEBTCONSOLIDATION,A,3000,,0,0.06,N,2
22,27996,RENT,4,MEDICAL,A,3000,,0,0.11,N,2
22,18000,RENT,2,VENTURE,B,3000,,1,0.17,N,2
22,35000,RENT,0,EDUCATION,B,3000,,0,0.09,N,2
22,35000,RENT,0,DEBTCONSOLIDATION,B,3000,,0,0.09,N,2
22,19200,RENT,0,DEBTCONSOLIDATION,E,3000,,1,0.16,Y,2
22,14400,RENT,2,PERSONAL,E,2500,,1,0.17,N,2
22,66000,MORTGAGE,6,VENTURE,B,2400,,0,0.04,N,2
22,35000,RENT,1,EDUCATION,C,2400,,0,0.07,Y,2
22,28800,OWN,2,PERSONAL,A,2000,,0,0.07,N,2
22,34000,RENT,7,EDUCATION,C,1800,,1,0.05,N,2
22,26400,MORTGAGE,,HOMEIMPROVEMENT,A,1550,,1,0.06,N,2
22,21600,MORTGAGE,6,VENTURE,C,1400,,0,0.06,N,2
22,39000,OWN,6,MEDICAL,A,1000,,0,0.03,N,2
22,183000,MORTGAGE,3,EDUCATION,A,1000,,0,0.01,N,2
22,183000,MORTGAGE,3,EDUCATION,A,1000,,0,0.01,N,2
22,26400,MORTGAGE,,PERSONAL,B,1000,,1,0.04,N,2
21,35000,RENT,0,PERSONAL,F,8000,19.79,1,0.23,Y,4
21,49000,RENT,2,PERSONAL,D,16950,18.25,1,0.35,Y,4
21,18000,RENT,1,HOMEIMPROVEMENT,F,5600,18.09,1,0.31,N,4
21,70000,RENT,4,PERSONAL,D,6400,17.49,0,0.09,N,4
21,46000,RENT,2,VENTURE,D,5200,17.27,1,0.11,Y,4
21,36000,RENT,1,MEDICAL,D,4500,17.27,1,0.13,N,4
21,68100,MORTGAGE,5,DEBTCONSOLIDATION,E,17500,17.19,1,0.26,N,4
21,31200,RENT,1,EDUCATION,D,6000,16.89,1,0.19,Y,4
21,42000,RENT,5,VENTURE,D,11200,16.77,0,0.27,N,4
21,57000,RENT,6,HOMEIMPROVEMENT,D,10800,16.77,1,0.19,N,4
21,32000,RENT,2,DEBTCONSOLIDATION,D,8400,16.77,1,0.26,Y,4
21,24996,RENT,2,EDUCATION,E,5000,16.45,1,0.2,N,4
21,24996,RENT,2,MEDICAL,E,5000,16.45,1,0.2,N,4
21,22200,RENT,2,PERSONAL,D,2500,16.29,1,0.11,N,4
21,14400,RENT,1,VENTURE,D,1000,16.29,1,0.07,N,4
21,56000,RENT,5,HOMEIMPROVEMENT,E,15000,16,1,0.27,Y,4
21,32000,OWN,3,PERSONAL,E,4500,16,0,0.14,N,4
21,49000,RENT,4,VENTURE,D,6000,15.99,1,0.12,N,4
21,52000,RENT,5,PERSONAL,D,16000,15.7,1,0.31,N,4
21,53684,MORTGAGE,5,EDUCATION,D,16000,15.65,0,0.3,Y,4
21,52000,MORTGAGE,4,PERSONAL,D,2000,15.62,0,0.04,N,4
21,51000,RENT,5,VENTURE,D,1600,15.62,1,0.03,N,4
21,51000,RENT,0,HOMEIMPROVEMENT,D,1500,15.58,1,0.03,Y,4
21,40000,RENT,5,VENTURE,D,1200,15.58,0,0.03,N,4
21,42000,RENT,5,PERSONAL,D,1000,15.58,1,0.02,Y,4
21,42000,RENT,5,VENTURE,D,1000,15.58,1,0.02,N,4
21,78000,RENT,2,DEBTCONSOLIDATION,D,10000,15.57,1,0.13,Y,4
21,47520,RENT,5,MEDICAL,D,10000,15.33,1,0.21,Y,4
21,160000,MORTGAGE,3,VENTURE,D,15250,15.31,0,0.1,Y,4
21,35360,MORTGAGE,2,EDUCATION,D,12250,15.31,0,0.35,N,4
21,69000,RENT,0,HOMEIMPROVEMENT,D,15000,15.28,1,0.22,Y,4
21,83004,MORTGAGE,2,DEBTCONSOLIDATION,D,10000,15.28,1,0.12,N,4
21,50000,RENT,4,MEDICAL,C,7000,15.27,0,0.14,Y,4
21,35000,OWN,2,VENTURE,C,7200,15.23,0,0.21,N,4
21,42000,MORTGAGE,5,EDUCATION,C,7000,15.23,0,0.17,Y,4
21,9000,RENT,4,HOMEIMPROVEMENT,C,3000,15.23,1,0.33,N,4
21,82000,RENT,4,VENTURE,D,12000,15.21,0,0.15,N,4
21,36500,RENT,1,PERSONAL,D,14400,15.05,1,0.39,N,4
21,30000,RENT,0,DEBTCONSOLIDATION,D,13750,15.05,1,0.46,Y,4
21,24396,MORTGAGE,2,VENTURE,D,4000,15.05,0,0.16,N,4
21,22000,OWN,2,DEBTCONSOLIDATION,D,4000,15.05,0,0.18,N,4
21,71232,RENT,5,VENTURE,D,12800,14.96,0,0.18,N,4
21,45000,RENT,0,PERSONAL,D,7000,14.96,1,0.16,Y,4
21,30000,RENT,2,MEDICAL,D,5000,14.96,1,0.17,Y,4
21,54000,RENT,0,VENTURE,D,1600,14.96,1,0.03,N,4
21,49000,RENT,5,DEBTCONSOLIDATION,D,6000,14.84,1,0.12,Y,4
21,88000,MORTGAGE,1,PERSONAL,D,25000,14.83,1,0.28,N,4
21,29000,RENT,0,EDUCATION,D,4000,14.83,1,0.14,N,4
21,44000,RENT,6,PERSONAL,D,10000,14.74,0,0.23,N,4
21,19000,OWN,0,MEDICAL,D,7200,14.74,1,0.38,Y,4
21,18000,RENT,2,DEBTCONSOLIDATION,C,5800,14.72,1,0.32,Y,4
21,53876,MORTGAGE,,PERSONAL,C,2700,14.72,0,0.05,N,4
21,200000,MORTGAGE,5,EDUCATION,C,16000,14.65,0,0.08,N,4
21,34000,RENT,2,PERSONAL,D,5000,14.59,1,0.15,N,4
21,18000,OWN,3,HOMEIMPROVEMENT,D,4900,14.54,1,0.27,Y,4
21,117000,MORTGAGE,3,PERSONAL,D,4800,14.54,0,0.04,N,4
21,26400,OWN,3,DEBTCONSOLIDATION,D,3000,14.54,0,0.11,N,4
21,26500,MORTGAGE,3,MEDICAL,D,6000,14.46,1,0.23,Y,4
21,30000,MORTGAGE,0,EDUCATION,D,2000,14.46,0,0.07,Y,4
21,27568,OTHER,0,MEDICAL,D,3500,14.42,1,0.13,N,4
21,24000,RENT,4,HOMEIMPROVEMENT,C,9600,14.27,1,0.4,N,4
21,55400,MORTGAGE,5,HOMEIMPROVEMENT,C,5000,14.27,1,0.09,N,4
21,33000,MORTGAGE,5,HOMEIMPROVEMENT,C,2000,14.27,1,0.06,N,4
21,42000,OTHER,5,DEBTCONSOLIDATION,C,12000,14.26,0,0.29,Y,4
21,29004,RENT,5,PERSONAL,C,11000,14.22,1,0.38,Y,4
21,18701,MORTGAGE,0,PERSONAL,D,4200,14.11,1,0.22,Y,4
21,33600,OWN,6,PERSONAL,C,9600,13.98,0,0.29,Y,4
21,55404,RENT,5,DEBTCONSOLIDATION,C,6500,13.98,0,0.12,N,4
21,24960,RENT,0,EDUCATION,C,1000,13.98,0,0.04,N,4
21,90200,RENT,2,PERSONAL,C,19125,13.92,0,0.21,N,4
21,33280,MORTGAGE,5,VENTURE,C,11200,13.92,1,0.34,N,4
21,30000,RENT,3,VENTURE,C,5000,13.92,0,0.17,N,4
21,44304,RENT,5,EDUCATION,C,2000,13.85,0,0.05,N,4
21,24000,RENT,2,EDUCATION,C,1500,13.85,0,0.06,Y,4
21,28800,RENT,3,EDUCATION,C,6000,13.8,0,0.21,Y,4
21,63996,RENT,6,VENTURE,C,12000,13.79,0,0.19,N,4
21,20000,RENT,2,MEDICAL,C,2500,13.79,0,0.13,Y,4
21,14400,RENT,3,VENTURE,C,5000,13.72,1,0.35,N,4
21,29000,RENT,2,VENTURE,C,12250,13.61,1,0.42,N,4
21,34000,RENT,0,EDUCATION,C,10000,13.61,0,0.29,Y,4
21,37000,OWN,3,EDUCATION,C,7200,13.61,0,0.19,N,4
21,32400,MORTGAGE,3,PERSONAL,C,1750,13.61,1,0.05,Y,4
21,29664,MORTGAGE,5,DEBTCONSOLIDATION,C,5000,13.57,1,0.17,Y,4
21,24000,RENT,3,DEBTCONSOLIDATION,C,3200,13.57,0,0.13,N,4
21,50000,MORTGAGE,5,EDUCATION,C,9000,13.49,0,0.18,N,4
21,27000,RENT,,DEBTCONSOLIDATION,C,4800,13.49,0,0.18,N,4
21,37200,RENT,5,MEDICAL,C,4000,13.49,0,0.11,Y,4
21,30720,RENT,5,EDUCATION,C,18000,13.48,1,0.59,Y,4
21,48000,RENT,5,VENTURE,C,6000,13.48,0,0.13,N,4
21,12000,OWN,0,PERSONAL,C,4200,13.48,1,0.35,Y,4
21,12000,OWN,0,EDUCATION,C,4200,13.48,1,0.35,N,4
21,35000,OWN,5,VENTURE,C,6500,13.43,0,0.19,N,4
21,30000,RENT,5,EDUCATION,C,2000,13.43,0,0.07,N,4
21,10140,RENT,,HOMEIMPROVEMENT,C,1000,13.43,1,0.1,N,4
21,32400,RENT,2,MEDICAL,C,10000,13.23,1,0.31,N,4
21,47200,MORTGAGE,1,MEDICAL,C,7000,13.23,0,0.15,N,4
21,36000,RENT,3,MEDICAL,C,10000,13.22,0,0.28,N,4
21,30297,MORTGAGE,5,HOMEIMPROVEMENT,C,7550,13.22,1,0.25,Y,4
21,17500,RENT,0,DEBTCONSOLIDATION,C,4000,13.22,1,0.23,Y,4
21,71688,MORTGAGE,2,EDUCATION,D,7500,13.17,0,0.1,Y,4
21,45996,MORTGAGE,2,EDUCATION,C,17000,13.16,1,0.37,Y,4
21,40000,OWN,1,PERSONAL,C,15000,13.16,0,0.38,Y,4
21,30000,RENT,1,EDUCATION,C,6000,13.16,1,0.2,Y,4
21,30000,RENT,1,VENTURE,C,6000,13.16,1,0.2,N,4
21,37740,RENT,0,DEBTCONSOLIDATION,C,9600,13.11,0,0.25,Y,4
21,41033,MORTGAGE,2,DEBTCONSOLIDATION,C,5700,12.99,0,0.14,N,4
21,36000,RENT,3,EDUCATION,C,5000,12.99,0,0.14,N,4
21,36000,RENT,3,DEBTCONSOLIDATION,C,5000,12.99,0,0.14,N,4
21,36000,RENT,5,HOMEIMPROVEMENT,C,4000,12.99,1,0.11,N,4
21,40000,MORTGAGE,5,EDUCATION,C,2000,12.99,0,0.05,Y,4
21,28000,MORTGAGE,2,EDUCATION,C,1000,12.99,0,0.04,Y,4
21,13200,OWN,0,VENTURE,C,4500,12.98,1,0.34,N,4
21,44000,MORTGAGE,5,VENTURE,D,7500,12.92,1,0.17,N,4
21,52000,MORTGAGE,1,EDUCATION,C,16000,12.87,0,0.31,N,4
21,18000,RENT,3,PERSONAL,C,1500,12.87,0,0.08,Y,4
21,18000,RENT,3,DEBTCONSOLIDATION,C,1500,12.87,0,0.08,Y,4
21,83000,MORTGAGE,5,PERSONAL,C,15000,12.84,1,0.18,Y,4
21,35000,RENT,3,MEDICAL,B,6400,12.69,0,0.18,N,4
21,34000,RENT,5,HOMEIMPROVEMENT,B,1200,12.69,1,0.04,N,4
21,31680,RENT,5,MEDICAL,C,15000,12.61,1,0.47,Y,4
21,35000,RENT,3,VENTURE,B,21000,12.53,1,0.6,N,4
21,84000,MORTGAGE,5,DEBTCONSOLIDATION,B,10000,12.53,0,0.12,N,4
21,70000,RENT,5,MEDICAL,B,9700,12.53,0,0.14,N,4
21,96000,OWN,1,EDUCATION,B,7000,12.53,0,0.07,N,4
21,35000,RENT,3,DEBTCONSOLIDATION,C,3500,12.53,0,0.1,Y,4
21,65000,RENT,4,PERSONAL,B,15000,12.42,0,0.23,N,4
21,37000,OWN,0,VENTURE,C,9250,12.23,0,0.25,N,4
21,22600,RENT,3,EDUCATION,C,6000,12.23,0,0.27,N,4
21,20000,RENT,4,MEDICAL,B,8000,12.21,1,0.4,N,4
21,23000,OTHER,0,EDUCATION,B,2400,12.21,0,0.1,N,4
21,60000,RENT,5,MEDICAL,B,10000,12.18,0,0.17,N,4
21,40000,RENT,5,EDUCATION,B,1500,12.18,0,0.04,N,4
21,18000,RENT,5,PERSONAL,B,1500,12.18,1,0.08,N,4
21,30000,RENT,5,VENTURE,B,10000,11.99,1,0.33,N,4
21,12000,RENT,,MEDICAL,B,2500,11.99,1,0.21,N,4
21,44004,MORTGAGE,5,VENTURE,B,7200,11.89,0,0.16,N,4
21,21000,RENT,6,EDUCATION,B,6500,11.89,1,0.31,N,4
21,30000,RENT,2,EDUCATION,B,3000,11.89,0,0.1,N,4
21,33600,RENT,5,PERSONAL,B,9000,11.86,1,0.27,N,4
21,65000,MORTGAGE,2,VENTURE,B,8400,11.86,0,0.13,N,4
21,42500,RENT,0,EDUCATION,B,3500,11.86,0,0.08,N,4
21,4080,RENT,0,EDUCATION,B,1400,11.86,1,0.34,N,4
21,40000,RENT,0,EDUCATION,B,16000,11.83,1,0.4,N,4
21,29400,MORTGAGE,0,MEDICAL,B,12000,11.83,1,0.41,N,4
21,52000,RENT,0,EDUCATION,B,9000,11.83,0,0.17,N,4
21,30000,RENT,5,EDUCATION,B,7500,11.83,0,0.25,N,4
21,24300,OWN,3,MEDICAL,B,4500,11.83,0,0.19,N,4
21,33600,OWN,5,VENTURE,B,3000,11.83,0,0.09,N,4
21,68000,RENT,3,MEDICAL,C,3000,11.78,0,0.04,Y,4
21,65000,RENT,0,DEBTCONSOLIDATION,B,12000,11.71,0,0.18,N,4
21,40000,RENT,2,MEDICAL,B,10000,11.71,0,0.25,N,4
21,31700,RENT,0,DEBTCONSOLIDATION,B,7200,11.71,1,0.23,N,4
21,37200,RENT,2,DEBTCONSOLIDATION,B,6000,11.71,0,0.16,N,4
21,33000,RENT,0,MEDICAL,B,3500,11.71,0,0.11,N,4
21,90000,RENT,2,VENTURE,B,3300,11.71,0,0.04,N,4
21,21600,RENT,0,MEDICAL,B,2000,11.71,1,0.09,N,4
21,26000,RENT,1,PERSONAL,B,2400,11.58,1,0.09,N,4
21,62916,MORTGAGE,5,EDUCATION,B,15000,11.49,0,0.24,N,4
21,36780,RENT,2,DEBTCONSOLIDATION,B,12000,11.49,1,0.33,N,4
21,42000,RENT,0,DEBTCONSOLIDATION,B,10400,11.49,0,0.25,N,4
21,59000,MORTGAGE,5,PERSONAL,B,5600,11.49,0,0.09,N,4
21,27600,RENT,2,EDUCATION,B,3000,11.49,0,0.11,N,4
21,20400,OWN,5,MEDICAL,B,2400,11.49,0,0.12,N,4
21,34000,RENT,4,EDUCATION,B,1800,11.49,0,0.05,N,4
21,33009,OWN,5,VENTURE,B,12000,11.48,0,0.36,N,4
21,33009,OWN,5,VENTURE,B,12000,11.48,0,0.36,N,4
21,36000,RENT,5,PERSONAL,B,10000,11.48,0,0.28,N,4
21,98132,MORTGAGE,5,MEDICAL,B,15000,11.36,0,0.15,N,4
21,42000,MORTGAGE,3,EDUCATION,B,13750,11.36,0,0.33,N,4
21,24996,OWN,5,MEDICAL,C,6500,11.34,0,0.26,Y,4
21,90000,OTHER,5,MEDICAL,B,16000,11.26,0,0.18,N,4
21,18000,RENT,5,HOMEIMPROVEMENT,B,7000,11.14,1,0.39,N,4
21,24000,RENT,5,EDUCATION,B,2000,11.14,0,0.08,N,4
21,24000,RENT,5,VENTURE,B,2000,11.14,0,0.08,N,4
21,55000,RENT,3,EDUCATION,B,4800,11.12,0,0.09,N,4
21,68400,RENT,2,DEBTCONSOLIDATION,B,10000,11.11,0,0.15,N,4
21,60000,RENT,6,EDUCATION,B,25000,10.99,1,0.42,N,4
21,63000,MORTGAGE,5,DEBTCONSOLIDATION,B,11200,10.99,0,0.18,N,4
21,63250,RENT,2,PERSONAL,B,6225,10.99,0,0.1,N,4
21,15300,RENT,5,HOMEIMPROVEMENT,B,3150,10.99,1,0.21,N,4
21,45000,MORTGAGE,5,MEDICAL,B,3000,10.99,0,0.07,N,4
21,18864,RENT,0,HOMEIMPROVEMENT,B,3000,10.99,1,0.16,N,4
21,9600,OWN,0,VENTURE,B,1200,10.99,0,0.13,N,4
21,30000,RENT,0,EDUCATION,B,1000,10.99,0,0.03,N,4
21,115000,MORTGAGE,2,DEBTCONSOLIDATION,B,20000,10.83,0,0.17,N,4
21,34000,RENT,5,HOMEIMPROVEMENT,B,2400,10.83,1,0.07,N,4
21,56000,RENT,5,VENTURE,B,12000,10.75,0,0.21,N,4
21,30028,RENT,5,MEDICAL,B,7500,10.75,0,0.25,N,4
21,20000,RENT,,MEDICAL,B,5600,10.75,0,0.28,N,4
21,12360,RENT,,VENTURE,B,5000,10.75,1,0.4,N,4
21,90000,MORTGAGE,,EDUCATION,B,1500,10.75,0,0.02,N,4
21,12000,RENT,0,MEDICAL,B,4000,10.65,1,0.33,N,4
21,18000,OWN,0,VENTURE,B,6250,10.62,1,0.35,N,4
21,60000,MORTGAGE,2,VENTURE,B,6000,10.62,0,0.1,N,4
21,98000,MORTGAGE,5,PERSONAL,B,6000,10.59,0,0.06,N,4
21,98000,MORTGAGE,5,DEBTCONSOLIDATION,B,6000,10.59,0,0.06,N,4
21,38400,RENT,5,PERSONAL,B,5000,10.59,0,0.13,N,4
21,61000,RENT,3,EDUCATION,B,7500,10.39,0,0.12,N,4
21,16800,MORTGAGE,0,VENTURE,B,6000,10.39,1,0.36,N,4
21,75000,RENT,5,MEDICAL,B,15000,10.37,0,0.2,N,4
21,65496,MORTGAGE,3,VENTURE,B,13250,10.37,0,0.2,N,4
21,65496,MORTGAGE,3,DEBTCONSOLIDATION,B,13250,10.37,0,0.2,N,4
21,38000,RENT,5,EDUCATION,B,12000,10.37,1,0.32,N,4
21,52769,RENT,5,EDUCATION,B,11000,10.37,0,0.21,N,4
21,36000,RENT,3,HOMEIMPROVEMENT,B,11000,10.37,1,0.31,N,4
21,50000,RENT,1,MEDICAL,B,7000,10.37,0,0.14,N,4
21,56000,MORTGAGE,6,MEDICAL,B,5600,10.37,0,0.1,N,4
21,42000,RENT,5,DEBTCONSOLIDATION,B,3500,10.37,0,0.08,N,4
21,20004,RENT,2,DEBTCONSOLIDATION,B,3000,10.37,0,0.15,N,4
21,36000,RENT,0,EDUCATION,B,1500,10.37,0,0.04,N,4
21,10560,OWN,5,VENTURE,B,1000,10.36,0,0.09,N,4
21,36662,OWN,4,VENTURE,B,18000,10.25,0,0.49,N,4
21,39996,MORTGAGE,5,PERSONAL,B,8000,10.25,0,0.2,N,4
21,62000,RENT,2,EDUCATION,B,6000,10.25,0,0.1,N,4
21,85000,RENT,5,PERSONAL,B,3200,10.25,0,0.04,N,4
21,29000,RENT,5,DEBTCONSOLIDATION,B,10000,10,1,0.34,N,4
21,86000,RENT,5,EDUCATION,B,6000,10,0,0.07,N,4
21,59000,MORTGAGE,5,MEDICAL,B,25000,9.99,1,0.42,N,4
21,36184,OWN,2,PERSONAL,B,12000,9.99,0,0.33,N,4
21,42000,OWN,5,MEDICAL,B,8000,9.99,0,0.19,N,4
21,30000,RENT,5,VENTURE,B,7500,9.99,0,0.25,N,4
21,75000,MORTGAGE,4,EDUCATION,B,7125,9.99,0,0.1,N,4
21,65004,MORTGAGE,5,EDUCATION,B,5000,9.99,0,0.08,N,4
21,84000,MORTGAGE,5,EDUCATION,B,2500,9.99,0,0.03,N,4
21,78000,RENT,1,EDUCATION,B,14275,9.91,0,0.18,N,4
21,34000,RENT,5,EDUCATION,B,10000,9.91,0,0.29,N,4
21,39000,RENT,5,PERSONAL,B,9250,9.91,0,0.24,N,4
21,41000,RENT,4,DEBTCONSOLIDATION,B,8000,9.91,1,0.2,N,4
21,25000,MORTGAGE,2,VENTURE,B,3600,9.91,0,0.14,N,4
21,25000,MORTGAGE,2,PERSONAL,B,3600,9.91,0,0.14,N,4
21,19200,OWN,0,MEDICAL,B,2400,9.91,0,0.13,N,4
21,45432,MORTGAGE,4,EDUCATION,B,5000,9.88,0,0.11,N,4
21,45432,MORTGAGE,4,VENTURE,B,5000,9.88,0,0.11,N,4
21,48000,RENT,2,EDUCATION,B,3000,9.76,0,0.06,N,4
21,104000,MORTGAGE,5,EDUCATION,A,15000,9.63,0,0.14,N,4
21,104000,MORTGAGE,5,PERSONAL,A,15000,9.63,0,0.14,N,4
21,27996,MORTGAGE,5,EDUCATION,A,10000,9.63,0,0.36,N,4
21,35000,MORTGAGE,5,MEDICAL,B,1500,9.63,0,0.04,N,4
21,23916,RENT,2,EDUCATION,B,4500,9.62,0,0.19,N,4
21,30000,RENT,5,PERSONAL,B,3000,9.62,0,0.1,N,4
21,30000,MORTGAGE,4,DEBTCONSOLIDATION,A,14000,9.38,0,0.47,N,4
21,45000,RENT,3,PERSONAL,A,7200,9.38,0,0.16,N,4
21,45000,RENT,5,MEDICAL,A,6000,9.38,0,0.13,N,4
21,42000,RENT,5,EDUCATION,A,5000,9.32,0,0.12,N,4
21,57996,RENT,3,EDUCATION,B,10000,9.25,0,0.17,N,4
21,40000,RENT,3,VENTURE,B,5000,9.25,0,0.13,N,4
21,20000,RENT,2,VENTURE,A,9500,8.9,1,0.47,N,4
21,50000,RENT,5,DEBTCONSOLIDATION,A,8300,8.9,0,0.17,N,4
21,28776,MORTGAGE,,EDUCATION,A,8000,8.9,0,0.28,N,4
21,23000,MORTGAGE,2,DEBTCONSOLIDATION,A,7000,8.9,0,0.3,N,4
21,12000,RENT,5,EDUCATION,A,3000,8.9,1,0.25,N,4
21,42000,OWN,5,VENTURE,B,12250,8.88,0,0.29,N,4
21,39996,RENT,2,EDUCATION,A,10000,8.59,0,0.25,N,4
21,37200,OWN,5,VENTURE,A,7000,8.49,0,0.19,N,4
21,100000,MORTGAGE,3,VENTURE,A,6200,8.49,0,0.06,N,4
21,60000,RENT,2,MEDICAL,A,5000,8.49,0,0.08,N,4
21,19140,RENT,,VENTURE,A,5000,8.49,1,0.26,N,4
21,25200,RENT,1,PERSONAL,A,4000,8.49,0,0.16,N,4
21,83000,MORTGAGE,4,MEDICAL,A,8500,8,0,0.1,N,4
21,160000,OTHER,5,EDUCATION,A,6000,8,0,0.04,N,4
21,140000,MORTGAGE,2,EDUCATION,A,18000,7.9,0,0.13,N,4
21,140000,MORTGAGE,2,EDUCATION,A,18000,7.9,0,0.13,N,4
21,39900,RENT,0,EDUCATION,A,12000,7.9,0,0.3,N,4
21,26785,RENT,6,MEDICAL,A,9000,7.9,1,0.34,N,4
21,24000,MORTGAGE,0,VENTURE,A,3000,7.9,0,0.13,N,4
21,45000,MORTGAGE,5,EDUCATION,A,18000,7.88,0,0.4,N,4
21,69000,RENT,5,DEBTCONSOLIDATION,A,12000,7.88,0,0.17,N,4
21,37423,RENT,5,VENTURE,A,2800,7.88,0,0.07,N,4
21,37423,RENT,5,MEDICAL,A,2800,7.88,0,0.07,N,4
21,65004,MORTGAGE,5,MEDICAL,A,1500,7.88,0,0.02,N,4
21,32000,RENT,3,EDUCATION,A,5000,7.68,0,0.16,N,4
21,35000,MORTGAGE,1,MEDICAL,A,4950,7.68,0,0.14,N,4
21,62316,MORTGAGE,5,MEDICAL,A,10000,7.66,0,0.16,N,4
21,38400,RENT,5,EDUCATION,A,10000,7.66,0,0.26,N,4
21,30000,MORTGAGE,0,VENTURE,A,15000,7.51,0,0.5,N,4
21,35000,MORTGAGE,5,DEBTCONSOLIDATION,A,13650,7.51,0,0.39,N,4
21,54000,MORTGAGE,5,VENTURE,A,13000,7.51,0,0.24,N,4
21,36800,MORTGAGE,5,EDUCATION,A,12400,7.51,0,0.34,N,4
21,53000,RENT,5,EDUCATION,A,10000,7.51,0,0.19,N,4
21,40000,RENT,5,VENTURE,A,10000,7.51,0,0.25,N,4
21,40000,MORTGAGE,5,MEDICAL,A,9000,7.51,0,0.23,N,4
21,20000,RENT,2,MEDICAL,A,9000,7.51,1,0.45,N,4
21,42000,RENT,5,DEBTCONSOLIDATION,A,8500,7.51,0,0.2,N,4
21,45000,MORTGAGE,5,DEBTCONSOLIDATION,A,8000,7.51,0,0.18,N,4
21,15500,RENT,3,HOMEIMPROVEMENT,A,8000,7.51,1,0.52,N,4
21,28000,RENT,0,DEBTCONSOLIDATION,A,8000,7.51,0,0.29,N,4
21,30000,MORTGAGE,0,MEDICAL,A,7125,7.51,1,0.24,N,4
21,45000,RENT,2,EDUCATION,A,7000,7.51,0,0.16,N,4
21,31000,MORTGAGE,5,PERSONAL,A,6000,7.51,0,0.19,N,4
21,62000,MORTGAGE,2,PERSONAL,A,6000,7.51,0,0.1,N,4
21,46800,MORTGAGE,,MEDICAL,A,5000,7.51,0,0.11,N,4
21,45000,RENT,3,VENTURE,A,4800,7.51,0,0.11,N,4
21,40000,RENT,0,MEDICAL,A,4200,7.51,0,0.1,N,4
21,26400,OWN,2,VENTURE,A,4000,7.51,0,0.15,N,4
21,58951,MORTGAGE,5,MEDICAL,A,3000,7.51,0,0.05,N,4
21,53000,OWN,5,MEDICAL,A,3000,7.51,0,0.06,N,4
21,12000,OWN,5,EDUCATION,A,2500,7.51,1,0.21,N,4
21,10000,RENT,,MEDICAL,A,1450,7.51,0,0.14,N,4
21,49000,RENT,5,VENTURE,A,12500,7.49,0,0.26,N,4
21,25200,RENT,1,EDUCATION,A,8250,7.49,1,0.33,N,4
21,52000,RENT,5,EDUCATION,A,7000,7.49,0,0.13,N,4
21,37200,RENT,2,MEDICAL,A,5100,7.49,0,0.14,N,4
21,57000,RENT,6,EDUCATION,A,4000,7.49,0,0.07,N,4
21,15600,RENT,0,MEDICAL,A,2800,7.4,1,0.18,N,4
21,15600,RENT,0,MEDICAL,A,2800,7.4,1,0.18,N,4
21,62004,RENT,0,VENTURE,A,15000,7.29,0,0.24,N,4
21,57000,RENT,5,DEBTCONSOLIDATION,A,12000,7.29,0,0.21,N,4
21,42000,MORTGAGE,1,DEBTCONSOLIDATION,A,2500,7.29,0,0.06,N,4
21,28596,MORTGAGE,3,PERSONAL,A,2000,7.29,0,0.07,N,4
21,15600,OWN,5,VENTURE,A,1000,7.29,0,0.06,N,4
21,70000,MORTGAGE,3,EDUCATION,A,9800,7.14,0,0.14,N,4
21,99996,RENT,5,VENTURE,A,8000,7.14,0,0.08,N,4
21,45000,MORTGAGE,4,EDUCATION,A,5000,7.14,0,0.11,N,4
21,22000,RENT,4,DEBTCONSOLIDATION,A,2500,7.14,0,0.11,N,4
21,30000,RENT,3,DEBTCONSOLIDATION,A,2500,7.14,1,0.08,N,4
21,12720,RENT,1,EDUCATION,A,7500,7.05,1,0.59,N,4
21,38000,RENT,5,DEBTCONSOLIDATION,A,3000,7.05,0,0.08,N,4
21,50000,RENT,1,DEBTCONSOLIDATION,A,10000,6.99,0,0.2,N,4
21,81600,MORTGAGE,6,EDUCATION,A,14400,6.92,0,0.18,N,4
21,40000,MORTGAGE,3,DEBTCONSOLIDATION,A,8000,6.92,0,0.2,N,4
21,21600,RENT,,DEBTCONSOLIDATION,A,6700,6.92,1,0.31,N,4
21,58000,MORTGAGE,3,EDUCATION,A,4500,6.92,0,0.08,N,4
21,30000,RENT,0,EDUCATION,A,4200,6.92,0,0.14,N,4
21,165000,MORTGAGE,5,EDUCATION,A,20000,6.91,0,0.12,N,4
21,60000,MORTGAGE,5,PERSONAL,A,6000,6.91,0,0.1,N,4
21,21000,RENT,2,VENTURE,A,5000,6.91,0,0.24,N,4
21,20000,RENT,3,PERSONAL,A,4400,6.91,0,0.22,N,4
21,27600,RENT,4,EDUCATION,A,7500,6.76,0,0.27,N,4
21,27600,RENT,4,EDUCATION,A,7500,6.76,0,0.27,N,4
21,40000,MORTGAGE,3,MEDICAL,A,2500,6.76,0,0.06,N,4
21,45000,RENT,5,VENTURE,A,10000,6.62,0,0.22,N,4
21,26300,OWN,,MEDICAL,A,7500,6.62,0,0.29,N,4
21,43000,MORTGAGE,5,PERSONAL,A,7000,6.62,0,0.16,N,4
21,27700,RENT,5,PERSONAL,A,4800,6.62,0,0.17,N,4
21,55530,MORTGAGE,5,EDUCATION,A,3200,6.62,0,0.06,N,4
21,192000,MORTGAGE,123,VENTURE,A,20000,6.54,0,0.1,N,4
21,50000,MORTGAGE,5,MEDICAL,A,15000,6.54,0,0.3,N,4
21,36000,MORTGAGE,0,EDUCATION,A,14000,6.54,1,0.39,N,4
21,89610,RENT,3,DEBTCONSOLIDATION,A,5600,6.54,0,0.06,N,4
21,45000,RENT,3,PERSONAL,A,3200,6.54,0,0.07,N,4
21,50808,RENT,2,EDUCATION,A,4000,6.17,0,0.08,N,4
21,50000,RENT,1,EDUCATION,A,10000,6.03,0,0.2,N,4
21,30000,MORTGAGE,5,PERSONAL,A,7600,6.03,0,0.25,N,4
21,45600,MORTGAGE,5,MEDICAL,A,6000,6.03,0,0.13,N,4
21,64424,RENT,3,PERSONAL,A,5000,6.03,0,0.08,N,4
21,42000,RENT,4,DEBTCONSOLIDATION,A,4500,6.03,0,0.11,N,4
21,50000,MORTGAGE,5,VENTURE,A,3500,6.03,0,0.07,N,4
21,28800,RENT,1,EDUCATION,A,3175,6.03,0,0.11,N,4
21,33000,OWN,,PERSONAL,A,2500,6.03,0,0.08,N,4
21,131000,RENT,0,VENTURE,A,30000,5.99,0,0.23,N,4
21,75000,MORTGAGE,5,PERSONAL,A,9000,5.99,0,0.12,N,4
21,30000,OWN,5,MEDICAL,A,9000,5.99,0,0.3,N,4
21,54000,RENT,5,DEBTCONSOLIDATION,A,5125,5.99,1,0.09,N,4
21,36000,MORTGAGE,3,DEBTCONSOLIDATION,A,4000,5.99,0,0.11,N,4
21,30000,MORTGAGE,6,PERSONAL,A,3000,5.99,0,0.1,N,4
21,65000,OWN,5,MEDICAL,A,5000,5.79,0,0.08,N,4
21,41000,MORTGAGE,,PERSONAL,A,3000,5.79,0,0.07,N,4
21,31000,MORTGAGE,5,EDUCATION,A,7500,5.42,0,0.24,N,4
21,42000,RENT,6,EDUCATION,A,7200,5.42,0,0.17,N,4
21,32000,RENT,5,EDUCATION,A,7200,5.42,0,0.23,N,4
21,32000,RENT,5,DEBTCONSOLIDATION,A,6000,5.42,0,0.19,N,4
21,72000,RENT,3,EDUCATION,A,6000,5.42,0,0.08,N,4
21,43971,MORTGAGE,5,PERSONAL,A,4600,5.42,0,0.1,N,4
21,40000,RENT,5,MEDICAL,A,3600,5.42,0,0.09,N,4
21,26940,RENT,1,EDUCATION,A,2500,5.42,0,0.09,N,4
21,90000,MORTGAGE,5,PERSONAL,B,21000,,0,0.23,N,4
21,110000,MORTGAGE,0,VENTURE,A,20000,,0,0.18,N,4
21,35000,MORTGAGE,6,DEBTCONSOLIDATION,B,15000,,0,0.43,N,4
21,80400,RENT,5,VENTURE,A,14400,,0,0.18,N,4
21,38400,OWN,0,VENTURE,C,12200,,0,0.32,Y,4
21,32000,RENT,0,PERSONAL,B,12000,,1,0.38,N,4
21,35000,OWN,5,VENTURE,B,10000,,0,0.29,N,4
21,33000,RENT,5,DEBTCONSOLIDATION,D,10000,,1,0.3,N,4
21,54000,MORTGAGE,4,PERSONAL,B,10000,,0,0.19,N,4
21,43000,RENT,3,PERSONAL,C,10000,,0,0.23,N,4
21,35364,RENT,3,VENTURE,B,10000,,0,0.28,N,4
21,25000,RENT,1,PERSONAL,A,10000,,1,0.4,N,4
21,60000,MORTGAGE,0,MEDICAL,C,10000,,0,0.17,Y,4
21,53000,RENT,3,PERSONAL,D,9600,,0,0.18,Y,4
21,86000,MORTGAGE,3,VENTURE,A,8400,,0,0.1,N,4
21,121352,MORTGAGE,5,DEBTCONSOLIDATION,C,7750,,0,0.06,N,4
21,65000,RENT,0,VENTURE,A,7000,,0,0.11,N,4
21,62467,RENT,0,MEDICAL,B,6500,,0,0.1,N,4
21,71000,MORTGAGE,5,VENTURE,B,6000,,0,0.08,N,4
21,60000,RENT,5,MEDICAL,A,6000,,0,0.1,N,4
21,46200,RENT,5,EDUCATION,A,6000,,0,0.13,N,4
21,35324,RENT,4,MEDICAL,B,6000,,0,0.17,N,4
21,35324,RENT,4,EDUCATION,B,6000,,0,0.17,N,4
21,25000,RENT,3,DEBTCONSOLIDATION,B,6000,,0,0.24,N,4
21,55600,RENT,2,MEDICAL,A,6000,,0,0.11,N,4
21,18996,RENT,0,DEBTCONSOLIDATION,A,6000,,1,0.32,N,4
21,24000,RENT,5,EDUCATION,B,5000,,0,0.21,N,4
21,35550,RENT,3,PERSONAL,C,5000,,0,0.14,N,4
21,42000,RENT,2,PERSONAL,D,5000,,1,0.12,N,4
21,38000,RENT,0,EDUCATION,C,5000,,0,0.13,Y,4
21,63000,MORTGAGE,5,VENTURE,E,4800,,0,0.08,Y,4
21,20245,OWN,5,VENTURE,A,3550,,0,0.18,N,4
21,30000,RENT,0,VENTURE,A,3500,,0,0.12,N,4
21,70000,RENT,3,PERSONAL,C,3300,,0,0.05,N,4
21,53000,RENT,3,EDUCATION,D,3000,,0,0.06,N,4
21,14400,OWN,0,HOMEIMPROVEMENT,B,3000,,1,0.21,N,4
21,42500,RENT,0,DEBTCONSOLIDATION,B,2500,,0,0.06,N,4
21,15000,RENT,4,EDUCATION,D,2200,,0,0.15,Y,4
21,15000,RENT,4,VENTURE,D,2200,,0,0.15,N,4
21,12000,RENT,0,PERSONAL,C,2200,,1,0.18,N,4
21,14000,RENT,0,MEDICAL,A,2000,,0,0.14,N,4
21,14400,MORTGAGE,0,MEDICAL,C,1500,,0,0.1,N,4
21,15600,RENT,5,VENTURE,F,2700,20.62,1,0.17,N,3
21,56400,RENT,5,PERSONAL,E,14400,18.79,0,0.26,N,3
21,24000,RENT,1,PERSONAL,E,2000,18.39,1,0.08,Y,3
21,88000,RENT,,VENTURE,E,10000,17.93,1,0.11,Y,3
21,11000,MORTGAGE,3,VENTURE,E,4575,17.74,1,0.42,Y,3
21,29004,MORTGAGE,3,EDUCATION,E,7400,17.56,1,0.26,N,3
21,56000,RENT,4,VENTURE,E,20000,17.39,1,0.36,Y,3
21,46000,RENT,2,PERSONAL,D,5200,17.27,1,0.11,Y,3
21,41808,RENT,5,EDUCATION,E,11000,17.19,0,0.26,Y,3
21,4200,RENT,3,PERSONAL,E,2750,16.95,1,0.65,N,3
21,31200,RENT,1,DEBTCONSOLIDATION,D,6000,16.89,1,0.19,N,3
21,26000,RENT,2,EDUCATION,E,7750,16.7,1,0.3,N,3
21,52700,MORTGAGE,4,MEDICAL,D,26400,16.49,1,0.43,N,3
21,70000,MORTGAGE,,PERSONAL,D,2500,16.49,0,0.04,N,3
21,30000,RENT,4,EDUCATION,D,3000,16.32,0,0.1,Y,3
21,44000,RENT,5,VENTURE,D,8000,16.29,1,0.18,N,3
21,24000,RENT,6,VENTURE,D,2400,16.29,0,0.1,N,3
21,15600,RENT,2,PERSONAL,D,3500,16.07,1,0.22,N,3
21,65592,MORTGAGE,5,EDUCATION,D,3600,15.99,0,0.05,Y,3
21,9600,RENT,4,HOMEIMPROVEMENT,D,2000,15.99,1,0.21,N,3
21,50000,RENT,0,HOMEIMPROVEMENT,D,15000,15.7,1,0.3,Y,3
21,24000,RENT,2,VENTURE,D,13000,15.7,1,0.54,Y,3
21,22000,RENT,5,PERSONAL,D,5000,15.7,0,0.23,Y,3
21,12000,MORTGAGE,5,DEBTCONSOLIDATION,E,3250,15.68,1,0.27,Y,3
21,16000,RENT,2,VENTURE,D,1000,15.65,1,0.06,Y,3
21,48000,MORTGAGE,5,DEBTCONSOLIDATION,D,18000,15.62,1,0.38,Y,3
21,26124,RENT,3,EDUCATION,D,8875,15.62,1,0.34,Y,3
21,29000,RENT,2,MEDICAL,D,4200,15.62,1,0.14,Y,3
21,48996,MORTGAGE,5,VENTURE,D,15000,15.58,1,0.31,Y,3
21,35004,OWN,0,EDUCATION,D,3000,15.58,0,0.09,N,3
21,15996,RENT,3,MEDICAL,D,4800,15.37,1,0.3,Y,3
21,42000,RENT,5,EDUCATION,D,13000,15.31,1,0.31,N,3
21,43008,MORTGAGE,0,VENTURE,D,11200,15.31,0,0.26,N,3
21,45000,MORTGAGE,3,DEBTCONSOLIDATION,D,8000,15.31,1,0.18,Y,3
21,70553,MORTGAGE,2,MEDICAL,D,10000,15.28,1,0.12,N,3
21,44000,RENT,0,PERSONAL,D,5500,15.28,1,0.13,N,3
21,32000,RENT,6,PERSONAL,C,15000,15.27,1,0.47,Y,3
21,27600,OWN,3,EDUCATION,C,1000,15.27,0,0.04,Y,3
21,20400,OWN,2,EDUCATION,C,1275,15.23,0,0.06,Y,3
21,46800,RENT,3,PERSONAL,D,12000,15.21,0,0.26,Y,3
21,102000,MORTGAGE,0,EDUCATION,D,18000,14.96,0,0.18,N,3
21,76800,MORTGAGE,5,PERSONAL,D,8000,14.96,0,0.1,Y,3
21,47000,RENT,5,VENTURE,D,7000,14.96,0,0.15,Y,3
21,26400,RENT,,PERSONAL,D,7000,14.84,1,0.27,Y,3
21,44000,RENT,6,VENTURE,D,10000,14.74,0,0.23,Y,3
21,46000,OWN,5,VENTURE,D,10000,14.74,0,0.22,Y,3
21,10000,OWN,6,VENTURE,D,1600,14.74,1,0.16,N,3
21,18000,RENT,,MEDICAL,C,2400,14.72,0,0.13,N,3
21,40000,RENT,2,EDUCATION,C,2000,14.72,0,0.05,N,3
21,53000,RENT,2,EDUCATION,C,14000,14.65,0,0.26,N,3
21,33000,OWN,4,EDUCATION,D,5000,14.61,0,0.15,Y,3
21,19012,MORTGAGE,0,DEBTCONSOLIDATION,D,3500,14.61,1,0.18,N,3
21,6000,OWN,1,PERSONAL,D,1600,14.61,1,0.27,Y,3
21,30000,RENT,2,DEBTCONSOLIDATION,D,12250,14.59,1,0.41,Y,3
21,35000,OWN,2,VENTURE,D,7000,14.59,0,0.2,N,3
21,40000,RENT,3,EDUCATION,D,7000,14.46,0,0.17,N,3
21,19000,RENT,3,EDUCATION,C,4000,14.35,1,0.21,Y,3
21,65000,RENT,6,PERSONAL,D,12000,14.3,0,0.18,N,3
21,40000,RENT,6,DEBTCONSOLIDATION,C,15000,14.27,1,0.38,N,3
21,32000,RENT,5,PERSONAL,C,5325,14.27,0,0.17,Y,3
21,35000,OWN,3,EDUCATION,C,5000,14.27,0,0.14,Y,3
21,26400,RENT,0,DEBTCONSOLIDATION,C,3600,14.27,0,0.14,Y,3
21,37800,RENT,1,PERSONAL,C,2400,14.26,0,0.06,Y,3
21,59000,RENT,4,MEDICAL,C,5000,14.22,1,0.08,N,3
21,38400,RENT,5,PERSONAL,C,1000,14.22,0,0.03,Y,3
21,24996,RENT,1,MEDICAL,D,3600,14.09,1,0.14,N,3
21,30000,MORTGAGE,5,HOMEIMPROVEMENT,C,13250,13.99,1,0.44,N,3
21,110000,RENT,0,EDUCATION,C,3500,13.99,0,0.03,Y,3
21,24960,MORTGAGE,0,PERSONAL,C,2000,13.99,0,0.08,Y,3
21,87500,MORTGAGE,5,PERSONAL,C,25000,13.98,0,0.29,Y,3
21,87500,MORTGAGE,5,EDUCATION,C,25000,13.98,0,0.29,Y,3
21,21600,RENT,6,EDUCATION,C,7000,13.98,1,0.32,Y,3
21,30000,RENT,0,EDUCATION,C,1500,13.92,0,0.05,Y,3
21,44500,OWN,6,EDUCATION,D,5000,13.87,0,0.11,Y,3
21,21000,RENT,2,EDUCATION,C,6250,13.85,0,0.3,N,3
21,53000,MORTGAGE,5,VENTURE,C,18000,13.8,0,0.34,Y,3
21,20000,RENT,2,PERSONAL,C,2500,13.79,0,0.13,Y,3
21,49200,RENT,4,EDUCATION,C,6000,13.72,0,0.12,N,3
21,12000,OWN,6,EDUCATION,C,3000,13.61,1,0.25,Y,3
21,32868,OWN,2,VENTURE,C,2500,13.61,0,0.08,Y,3
21,99996,RENT,5,EDUCATION,C,2000,13.57,0,0.02,Y,3
21,72500,RENT,3,EDUCATION,C,14000,13.49,0,0.19,Y,3
21,35000,RENT,5,MEDICAL,C,11300,13.49,1,0.32,N,3
21,38000,MORTGAGE,5,EDUCATION,C,7000,13.49,0,0.18,Y,3
21,50460,OWN,4,VENTURE,C,6000,13.49,0,0.12,N,3
21,33600,RENT,4,EDUCATION,C,5000,13.49,0,0.15,N,3
21,41000,RENT,2,DEBTCONSOLIDATION,C,4500,13.49,1,0.11,N,3
21,33000,RENT,5,VENTURE,C,3375,13.49,0,0.1,Y,3
21,50000,RENT,5,EDUCATION,C,1000,13.49,0,0.02,N,3
21,23000,RENT,5,PERSONAL,C,6250,13.48,0,0.27,Y,3
21,65000,RENT,5,VENTURE,C,10000,13.47,0,0.15,Y,3
21,52000,MORTGAGE,5,EDUCATION,C,7000,13.47,0,0.13,N,3
21,14400,RENT,2,MEDICAL,C,3000,13.43,1,0.21,Y,3
21,18456,RENT,2,MEDICAL,C,3500,13.35,1,0.19,N,3
21,23000,MORTGAGE,6,DEBTCONSOLIDATION,C,3000,13.35,0,0.13,N,3
21,32400,RENT,2,VENTURE,C,10000,13.23,1,0.31,Y,3
21,57000,RENT,0,EDUCATION,C,10800,13.22,0,0.19,N,3
21,72000,RENT,1,EDUCATION,C,7500,13.22,0,0.1,N,3
21,26000,RENT,4,EDUCATION,C,7750,13.16,0,0.3,Y,3
21,33000,OWN,2,EDUCATION,C,11000,13.11,0,0.33,Y,3
21,15192,RENT,4,PERSONAL,C,5500,13.11,1,0.36,Y,3
21,7200,RENT,0,VENTURE,C,2500,13.11,1,0.35,N,3
21,18492,RENT,0,EDUCATION,D,5000,12.92,1,0.27,Y,3
21,28500,OWN,0,EDUCATION,C,4800,12.87,0,0.17,N,3
21,42500,RENT,3,EDUCATION,C,25000,12.73,1,0.59,Y,3
21,93000,MORTGAGE,4,EDUCATION,C,9800,12.73,0,0.11,N,3
21,43000,RENT,5,EDUCATION,C,6500,12.73,0,0.15,N,3
21,13806,RENT,6,PERSONAL,C,4750,12.73,1,0.34,Y,3
21,74000,MORTGAGE,5,VENTURE,B,25000,12.69,0,0.34,N,3
21,76000,MORTGAGE,6,MEDICAL,B,14000,12.69,0,0.18,N,3
21,33000,RENT,5,EDUCATION,B,9000,12.69,0,0.27,N,3
21,35000,RENT,5,DEBTCONSOLIDATION,B,7200,12.69,0,0.21,N,3
21,15360,RENT,0,DEBTCONSOLIDATION,B,1600,12.69,0,0.1,N,3
21,30067,RENT,5,VENTURE,C,10750,12.68,1,0.36,N,3
21,44000,MORTGAGE,5,MEDICAL,D,6000,12.61,1,0.14,N,3
21,33000,RENT,0,HOMEIMPROVEMENT,C,2000,12.61,1,0.06,Y,3
21,13000,RENT,0,DEBTCONSOLIDATION,C,9250,12.53,1,0.71,N,3
21,81000,OWN,0,EDUCATION,C,8400,12.53,0,0.1,Y,3
21,33996,RENT,1,PERSONAL,C,6000,12.53,0,0.18,Y,3
21,62496,MORTGAGE,1,EDUCATION,C,5000,12.53,0,0.08,Y,3
21,35000,MORTGAGE,5,PERSONAL,B,6900,12.42,0,0.2,N,3
21,14400,RENT,2,EDUCATION,B,5900,12.42,1,0.41,N,3
21,22000,RENT,,PERSONAL,B,5325,12.42,1,0.24,N,3
21,42000,RENT,4,EDUCATION,B,4000,12.42,0,0.1,N,3
21,65000,MORTGAGE,5,DEBTCONSOLIDATION,B,2200,12.42,0,0.03,N,3
21,65000,MORTGAGE,5,DEBTCONSOLIDATION,B,2200,12.42,0,0.03,N,3
21,33000,RENT,2,EDUCATION,C,10800,12.23,1,0.33,N,3
21,60000,MORTGAGE,5,EDUCATION,C,8000,12.23,0,0.13,Y,3
21,26400,RENT,5,PERSONAL,C,4750,12.23,0,0.18,N,3
21,26400,RENT,5,PERSONAL,C,4750,12.23,0,0.18,N,3
21,38000,RENT,3,PERSONAL,B,10000,12.18,0,0.26,N,3
21,45000,RENT,3,MEDICAL,B,9600,12.18,0,0.21,N,3
21,33996,RENT,0,PERSONAL,B,5000,12.18,0,0.15,N,3
21,18000,RENT,5,MEDICAL,B,1500,12.18,1,0.08,N,3
21,104740,MORTGAGE,5,MEDICAL,B,19200,11.99,0,0.18,N,3
21,74000,MORTGAGE,0,DEBTCONSOLIDATION,B,15000,11.99,0,0.2,N,3
21,30000,RENT,5,PERSONAL,B,10000,11.99,1,0.33,N,3
21,29000,MORTGAGE,0,PERSONAL,B,4200,11.99,0,0.14,N,3
21,24000,RENT,,EDUCATION,B,3600,11.99,0,0.15,N,3
21,52000,RENT,5,EDUCATION,B,1500,11.99,0,0.03,N,3
21,45000,RENT,0,EDUCATION,C,12000,11.97,0,0.27,N,3
21,24000,OWN,2,PERSONAL,B,7000,11.86,0,0.29,N,3
21,36000,RENT,2,EDUCATION,B,6000,11.86,0,0.17,N,3
21,21816,MORTGAGE,2,PERSONAL,B,1500,11.86,0,0.07,N,3
21,33276,RENT,1,DEBTCONSOLIDATION,B,10000,11.83,0,0.3,N,3
21,24996,RENT,3,EDUCATION,B,6000,11.83,0,0.24,N,3
21,65000,RENT,0,VENTURE,B,12000,11.71,0,0.18,N,3
21,50000,RENT,0,PERSONAL,B,12000,11.71,0,0.24,N,3
21,50000,RENT,4,DEBTCONSOLIDATION,B,10000,11.71,0,0.2,N,3
21,120000,RENT,2,DEBTCONSOLIDATION,B,10000,11.71,0,0.08,N,3
21,50000,RENT,4,EDUCATION,B,7300,11.71,0,0.15,N,3
21,25000,RENT,6,EDUCATION,B,6925,11.71,0,0.28,N,3
21,30000,RENT,2,DEBTCONSOLIDATION,B,6300,11.71,0,0.21,N,3
21,32000,MORTGAGE,4,PERSONAL,B,2500,11.71,1,0.08,N,3
21,30000,MORTGAGE,0,EDUCATION,B,2400,11.71,0,0.08,N,3
21,34800,RENT,3,MEDICAL,B,2000,11.71,0,0.06,N,3
21,15000,OWN,0,HOMEIMPROVEMENT,C,3175,11.54,1,0.21,Y,3
21,45176,RENT,1,MEDICAL,B,12000,11.49,0,0.27,N,3
21,37500,OWN,5,VENTURE,B,6000,11.49,0,0.16,N,3
21,39900,RENT,3,DEBTCONSOLIDATION,B,6000,11.49,0,0.15,N,3
21,63000,RENT,0,EDUCATION,B,4000,11.49,0,0.06,N,3
21,24996,RENT,0,DEBTCONSOLIDATION,B,3000,11.49,0,0.12,N,3
21,48000,RENT,1,PERSONAL,B,15000,11.48,1,0.31,N,3
21,41200,OWN,3,PERSONAL,B,8000,11.48,0,0.19,N,3
21,14400,RENT,4,MEDICAL,B,5500,11.48,1,0.38,N,3
21,53000,OWN,5,PERSONAL,B,14400,11.36,0,0.27,N,3
21,60000,MORTGAGE,4,EDUCATION,B,12000,11.36,0,0.2,N,3
21,24000,RENT,2,MEDICAL,B,6000,11.36,0,0.25,N,3
21,59800,RENT,5,PERSONAL,B,5000,11.36,0,0.08,N,3
21,18000,OWN,1,PERSONAL,B,2500,11.36,0,0.14,N,3
21,28600,RENT,3,PERSONAL,C,10000,11.34,1,0.35,Y,3
21,35000,RENT,5,VENTURE,C,7000,11.34,0,0.2,Y,3
21,155800,MORTGAGE,2,MEDICAL,B,18000,11.26,0,0.12,N,3
21,68004,MORTGAGE,5,EDUCATION,B,16000,11.26,0,0.24,N,3
21,68004,MORTGAGE,5,DEBTCONSOLIDATION,B,16000,11.26,0,0.24,N,3
21,60000,RENT,2,EDUCATION,B,8000,11.26,0,0.13,N,3
21,40000,MORTGAGE,5,EDUCATION,B,9000,11.14,0,0.23,N,3
21,30000,RENT,3,MEDICAL,B,3200,11.14,0,0.11,N,3
21,38000,OWN,5,EDUCATION,B,14000,11.12,0,0.37,N,3
21,33600,RENT,2,MEDICAL,B,12000,11.12,1,0.36,N,3
21,11520,OWN,5,MEDICAL,B,2000,11.12,1,0.17,N,3
21,32000,RENT,5,VENTURE,C,15000,11.09,1,0.47,N,3
21,39828,OWN,,PERSONAL,B,15000,10.99,0,0.38,N,3
21,19200,RENT,0,HOMEIMPROVEMENT,B,10000,10.99,1,0.52,N,3
21,50700,RENT,5,VENTURE,B,7950,10.99,0,0.16,N,3
21,47500,RENT,2,EDUCATION,B,7500,10.99,0,0.16,N,3
21,61490,RENT,5,EDUCATION,B,7200,10.99,0,0.12,N,3
21,30000,RENT,2,VENTURE,B,7000,10.99,0,0.23,N,3
21,37200,RENT,1,DEBTCONSOLIDATION,B,7000,10.99,0,0.19,N,3
21,20000,RENT,4,PERSONAL,B,6400,10.99,1,0.32,N,3
21,55000,RENT,3,EDUCATION,B,6000,10.99,0,0.11,N,3
21,35000,MORTGAGE,5,DEBTCONSOLIDATION,B,4800,10.99,0,0.14,N,3
21,20400,RENT,2,VENTURE,B,4500,10.99,0,0.22,N,3
21,12000,RENT,,HOMEIMPROVEMENT,B,4000,10.99,1,0.33,N,3
21,85000,RENT,2,VENTURE,B,15000,10.95,0,0.18,N,3
21,24000,RENT,0,EDUCATION,B,6400,10.95,0,0.27,N,3
21,36000,RENT,3,EDUCATION,C,18500,10.91,1,0.51,N,3
21,75000,RENT,3,EDUCATION,C,17950,10.91,0,0.24,N,3
21,41000,RENT,4,EDUCATION,B,3500,10.75,0,0.09,N,3
21,57000,OWN,5,PERSONAL,B,8000,10.65,0,0.14,N,3
21,35000,RENT,5,MEDICAL,B,5000,10.65,0,0.14,N,3
21,34056,OWN,6,PERSONAL,B,1500,10.65,0,0.04,N,3
21,53000,RENT,4,DEBTCONSOLIDATION,B,10000,10.62,0,0.19,N,3
21,36000,RENT,3,EDUCATION,B,10000,10.62,0,0.28,N,3
21,28800,RENT,2,HOMEIMPROVEMENT,B,6000,10.62,1,0.21,N,3
21,50000,MORTGAGE,5,PERSONAL,B,7000,10.59,0,0.14,N,3
21,38400,RENT,5,EDUCATION,B,5000,10.59,0,0.13,N,3
21,38000,RENT,5,VENTURE,B,3500,10.59,0,0.09,N,3
21,39000,RENT,4,EDUCATION,B,6000,10.38,0,0.15,N,3
21,18000,RENT,2,PERSONAL,B,4500,10.38,1,0.25,N,3
21,28800,RENT,1,EDUCATION,B,9600,10.37,1,0.33,N,3
21,50500,RENT,0,MEDICAL,B,5000,10.37,0,0.1,N,3
21,17220,RENT,,DEBTCONSOLIDATION,B,5000,10.37,1,0.29,N,3
21,31000,RENT,5,DEBTCONSOLIDATION,B,3200,10.37,1,0.1,N,3
21,20004,RENT,2,EDUCATION,B,3000,10.37,0,0.15,N,3
21,93600,MORTGAGE,5,EDUCATION,B,25000,10.36,0,0.27,N,3
21,40000,OWN,6,VENTURE,B,5600,10.25,0,0.14,N,3
21,48000,MORTGAGE,1,EDUCATION,B,3500,10.25,1,0.07,N,3
21,40000,RENT,1,EDUCATION,B,6000,10.08,0,0.15,N,3
21,37000,RENT,0,PERSONAL,B,4000,10.08,0,0.11,N,3
21,50000,RENT,4,EDUCATION,B,11000,10,0,0.22,N,3
21,9600,RENT,,MEDICAL,B,2375,10,1,0.25,N,3
21,120000,RENT,4,DEBTCONSOLIDATION,B,10000,9.99,0,0.08,N,3
21,65004,MORTGAGE,5,DEBTCONSOLIDATION,B,5000,9.99,0,0.08,N,3
21,59000,MORTGAGE,5,EDUCATION,B,5000,9.99,1,0.08,N,3
21,51800,MORTGAGE,1,VENTURE,B,5000,9.99,0,0.1,N,3
21,65000,RENT,5,PERSONAL,B,16000,9.91,0,0.25,N,3
21,38000,RENT,5,EDUCATION,B,13500,9.91,1,0.36,N,3
21,29000,RENT,5,DEBTCONSOLIDATION,B,11325,9.91,1,0.39,N,3
21,35000,OWN,5,VENTURE,B,8000,9.91,0,0.23,N,3
21,36000,RENT,,PERSONAL,B,18000,9.88,1,0.5,N,3
21,22240,RENT,5,MEDICAL,B,2650,9.88,0,0.12,N,3
21,33168,MORTGAGE,6,PERSONAL,B,6425,9.63,0,0.19,N,3
21,16000,RENT,5,VENTURE,B,6000,9.63,1,0.38,N,3
21,20004,OWN,2,EDUCATION,B,2500,9.63,0,0.12,N,3
21,90000,RENT,3,EDUCATION,B,4800,9.62,0,0.05,N,3
21,30000,RENT,2,EDUCATION,B,1200,9.62,0,0.04,N,3
21,25000,OWN,0,MEDICAL,B,8800,9.33,0,0.35,N,3
21,25000,OWN,0,EDUCATION,B,8800,9.33,0,0.35,N,3
21,40800,RENT,1,PERSONAL,A,10400,9.32,0,0.25,N,3
21,36000,MORTGAGE,1,DEBTCONSOLIDATION,A,8000,9.32,0,0.22,N,3
21,46800,RENT,2,PERSONAL,A,5000,9.32,0,0.11,N,3
21,36895,RENT,6,MEDICAL,A,4200,9.32,0,0.11,N,3
21,60000,RENT,3,DEBTCONSOLIDATION,B,5600,9.25,0,0.09,N,3
21,33996,RENT,3,PERSONAL,B,5000,9.25,1,0.15,N,3
21,84400,OWN,2,VENTURE,A,12000,8.94,0,0.14,N,3
21,35000,RENT,5,MEDICAL,A,9000,8.94,0,0.26,N,3
21,25200,RENT,5,VENTURE,A,6000,8.94,0,0.24,N,3
21,23000,MORTGAGE,2,MEDICAL,A,7000,8.9,0,0.3,N,3
21,31776,MORTGAGE,5,VENTURE,A,6000,8.9,0,0.19,N,3
21,47000,MORTGAGE,2,MEDICAL,A,5400,8.9,0,0.11,N,3
21,12000,RENT,5,PERSONAL,A,3000,8.9,1,0.25,N,3
21,36450,RENT,0,EDUCATION,A,6000,8.63,0,0.16,N,3
21,249996,MORTGAGE,5,PERSONAL,A,5000,8.59,0,0.02,N,3
21,34500,RENT,5,EDUCATION,A,10500,8.49,1,0.3,N,3
21,45000,RENT,3,MEDICAL,A,9000,8.49,0,0.2,N,3
21,27024,RENT,4,EDUCATION,A,8000,8.49,0,0.3,N,3
21,19000,OWN,5,MEDICAL,A,6000,8.49,1,0.32,N,3
21,15000,RENT,6,VENTURE,A,4800,8.49,1,0.32,N,3
21,26400,RENT,6,DEBTCONSOLIDATION,A,3500,8.49,1,0.13,N,3
21,18000,RENT,1,PERSONAL,A,3200,8.49,1,0.18,N,3
21,180000,MORTGAGE,0,EDUCATION,A,5000,8.07,0,0.03,N,3
21,70500,RENT,5,VENTURE,A,15000,8,0,0.21,N,3
21,32268,OWN,0,MEDICAL,A,8000,8,0,0.25,N,3
21,27996,RENT,5,EDUCATION,A,3700,8,0,0.13,N,3
21,14800,RENT,5,DEBTCONSOLIDATION,A,2800,8,1,0.19,N,3
21,62500,MORTGAGE,6,EDUCATION,A,13200,7.9,0,0.21,N,3
21,39900,RENT,0,VENTURE,A,12000,7.9,0,0.3,N,3
21,25000,RENT,0,EDUCATION,A,8125,7.9,1,0.33,N,3
21,44000,RENT,5,MEDICAL,A,7500,7.9,1,0.17,N,3
21,52000,MORTGAGE,5,DEBTCONSOLIDATION,A,5000,7.9,0,0.1,N,3
21,57500,MORTGAGE,6,VENTURE,A,4000,7.9,0,0.07,N,3
21,45000,RENT,4,MEDICAL,A,4000,7.9,0,0.09,N,3
21,56532,MORTGAGE,,EDUCATION,A,16000,7.88,0,0.28,N,3
21,118000,OWN,5,VENTURE,A,14000,7.88,0,0.12,N,3
21,35000,OWN,2,EDUCATION,A,11000,7.88,0,0.31,N,3
21,28000,OWN,3,VENTURE,A,4000,7.88,0,0.14,N,3
21,50350,RENT,3,EDUCATION,A,3600,7.88,0,0.07,N,3
21,12000,RENT,0,VENTURE,A,3000,7.88,1,0.25,N,3
21,33996,MORTGAGE,2,HOMEIMPROVEMENT,A,2500,7.88,1,0.07,N,3
21,41000,OWN,5,PERSONAL,A,5000,7.74,0,0.12,N,3
21,65004,RENT,5,PERSONAL,A,6000,7.68,0,0.09,N,3
21,35000,RENT,6,VENTURE,A,10000,7.66,0,0.29,N,3
21,35000,RENT,6,VENTURE,A,10000,7.66,0,0.29,N,3
21,64000,OWN,5,MEDICAL,A,10000,7.66,0,0.16,N,3
21,52500,RENT,0,DEBTCONSOLIDATION,A,2225,7.66,0,0.04,N,3
21,60000,RENT,0,PERSONAL,A,12000,7.51,0,0.2,N,3
21,55000,MORTGAGE,5,EDUCATION,A,10500,7.51,0,0.19,N,3
21,38500,MORTGAGE,5,PERSONAL,A,6500,7.51,0,0.17,N,3
21,30000,RENT,4,MEDICAL,A,6000,7.51,0,0.2,N,3
21,46800,MORTGAGE,,DEBTCONSOLIDATION,A,5000,7.51,0,0.11,N,3
21,25000,MORTGAGE,6,PERSONAL,A,1000,7.51,0,0.04,N,3
21,72000,MORTGAGE,5,DEBTCONSOLIDATION,A,24000,7.49,0,0.33,N,3
21,57192,MORTGAGE,0,MEDICAL,A,8000,7.49,0,0.14,N,3
21,25200,RENT,2,EDUCATION,A,6000,7.49,0,0.24,N,3
21,50000,MORTGAGE,5,DEBTCONSOLIDATION,A,5375,7.49,0,0.11,N,3
21,28800,MORTGAGE,0,DEBTCONSOLIDATION,A,5000,7.49,0,0.17,N,3
21,16200,RENT,3,EDUCATION,A,1200,7.49,0,0.07,N,3
21,45000,RENT,5,VENTURE,A,1000,7.49,0,0.02,N,3
21,39000,MORTGAGE,5,EDUCATION,A,1000,7.49,0,0.03,N,3
21,18000,OWN,5,HOMEIMPROVEMENT,A,6500,7.4,1,0.36,N,3
21,32000,RENT,1,VENTURE,A,2500,7.4,0,0.08,N,3
21,35000,MORTGAGE,2,VENTURE,A,800,7.37,0,0.02,N,3
21,75000,MORTGAGE,5,EDUCATION,A,5400,7.29,0,0.07,N,3
21,30000,RENT,0,DEBTCONSOLIDATION,A,1500,7.29,0,0.05,N,3
21,47000,MORTGAGE,5,PERSONAL,A,7000,7.14,0,0.15,N,3
21,100000,OWN,5,PERSONAL,A,5000,7.14,0,0.05,N,3
21,45000,MORTGAGE,5,PERSONAL,A,4000,7.14,0,0.09,N,3
21,33000,MORTGAGE,2,HOMEIMPROVEMENT,A,3250,7.14,1,0.1,N,3
21,14400,RENT,2,DEBTCONSOLIDATION,A,1200,7.14,0,0.08,N,3
21,70000,RENT,5,PERSONAL,A,14000,6.99,0,0.2,N,3
21,70000,RENT,3,PERSONAL,A,12000,6.99,0,0.17,N,3
21,21600,OWN,,VENTURE,A,7125,6.99,0,0.33,N,3
21,21600,OWN,,VENTURE,A,7125,6.99,0,0.33,N,3
21,42504,RENT,0,EDUCATION,A,6300,6.99,0,0.15,N,3
21,26784,MORTGAGE,,EDUCATION,A,2000,6.99,1,0.07,N,3
21,13200,RENT,2,DEBTCONSOLIDATION,A,1875,6.99,0,0.14,N,3
21,66000,MORTGAGE,5,MEDICAL,A,18000,6.91,0,0.27,N,3
21,75000,MORTGAGE,5,EDUCATION,A,8550,6.91,0,0.11,N,3
21,41000,MORTGAGE,2,PERSONAL,A,8200,6.91,0,0.2,N,3
21,30000,RENT,2,MEDICAL,A,4150,6.76,0,0.14,N,3
21,31200,RENT,,MEDICAL,A,15000,6.62,1,0.48,N,3
21,30000,RENT,6,DEBTCONSOLIDATION,A,9200,6.62,1,0.31,N,3
21,39600,OWN,5,PERSONAL,A,3500,6.62,0,0.09,N,3
21,18000,RENT,5,PERSONAL,A,1800,6.62,0,0.1,N,3
21,40000,RENT,0,EDUCATION,A,1775,6.54,0,0.04,N,3
21,13200,RENT,2,HOMEIMPROVEMENT,A,4000,6.39,1,0.3,N,3
21,37000,RENT,0,EDUCATION,A,3000,6.39,0,0.08,N,3
21,19253,MORTGAGE,,DEBTCONSOLIDATION,A,6250,6.17,1,0.32,N,3
21,90000,OWN,6,MEDICAL,A,12000,6.03,0,0.13,N,3
21,65000,MORTGAGE,5,VENTURE,A,10000,6.03,0,0.15,N,3
21,65000,MORTGAGE,5,EDUCATION,A,10000,6.03,0,0.15,N,3
21,48000,RENT,0,PERSONAL,A,10000,6.03,0,0.21,N,3
21,30000,RENT,5,EDUCATION,A,8400,6.03,0,0.28,N,3
21,70000,MORTGAGE,5,MEDICAL,A,7000,6.03,0,0.1,N,3
21,41000,MORTGAGE,4,DEBTCONSOLIDATION,A,7000,6.03,0,0.17,N,3
21,31000,RENT,6,MEDICAL,A,6000,6.03,0,0.19,N,3
21,17916,RENT,1,MEDICAL,A,3000,6,1,0.17,N,3
21,32000,MORTGAGE,,MEDICAL,A,8000,5.99,0,0.25,N,3
21,30000,MORTGAGE,6,MEDICAL,A,3000,5.99,0,0.1,N,3
21,30000,RENT,5,VENTURE,A,12000,5.79,1,0.4,N,3
21,45996,OWN,5,VENTURE,A,10000,5.79,0,0.22,N,3
21,41000,RENT,5,EDUCATION,A,7000,5.79,0,0.17,N,3
21,45000,RENT,1,PERSONAL,A,6800,5.79,0,0.15,N,3
21,40116,RENT,2,VENTURE,A,6500,5.79,0,0.16,N,3
21,40000,MORTGAGE,3,DEBTCONSOLIDATION,A,6000,5.79,0,0.15,N,3
21,42000,RENT,5,EDUCATION,A,1500,5.79,0,0.04,N,3
21,36000,OWN,,EDUCATION,A,11000,5.42,0,0.31,N,3
21,45000,MORTGAGE,0,DEBTCONSOLIDATION,A,6250,5.42,0,0.14,N,3
21,70000,MORTGAGE,6,DEBTCONSOLIDATION,A,6000,5.42,0,0.09,N,3
21,55272,RENT,5,VENTURE,A,5000,5.42,0,0.09,N,3
21,27000,RENT,5,VENTURE,A,5000,5.42,0,0.19,N,3
21,36000,MORTGAGE,1,MEDICAL,A,4000,5.42,0,0.11,N,3
21,57000,RENT,3,PERSONAL,A,3000,5.42,0,0.05,N,3
21,18000,RENT,1,EDUCATION,A,2000,5.42,0,0.11,N,3
21,65253,MORTGAGE,5,VENTURE,A,16075,,0,0.25,N,3
21,70000,RENT,5,EDUCATION,C,15000,,0,0.21,Y,3
21,49000,MORTGAGE,5,VENTURE,A,14000,,0,0.29,N,3
21,51000,MORTGAGE,5,EDUCATION,B,13000,,0,0.25,N,3
21,52000,RENT,5,MEDICAL,B,12500,,0,0.24,N,3
21,110400,OWN,0,PERSONAL,A,12000,,0,0.11,N,3
21,50000,RENT,5,DEBTCONSOLIDATION,A,11975,,0,0.24,N,3
21,82000,MORTGAGE,3,PERSONAL,A,11000,,0,0.13,N,3
21,75000,MORTGAGE,6,DEBTCONSOLIDATION,A,10000,,0,0.13,N,3
21,102000,RENT,5,EDUCATION,D,10000,,0,0.1,Y,3
21,102000,RENT,5,VENTURE,D,10000,,0,0.1,Y,3
21,78000,RENT,3,DEBTCONSOLIDATION,C,9600,,0,0.12,Y,3
21,40000,MORTGAGE,5,EDUCATION,C,8000,,0,0.2,N,3
21,21600,MORTGAGE,6,PERSONAL,A,7575,,0,0.35,N,3
21,30000,MORTGAGE,5,VENTURE,B,6400,,0,0.21,N,3
21,61000,MORTGAGE,6,PERSONAL,C,6000,,0,0.1,N,3
21,55600,RENT,2,PERSONAL,A,6000,,0,0.11,N,3
21,45996,RENT,5,DEBTCONSOLIDATION,D,5000,,1,0.11,Y,3
21,19968,RENT,4,MEDICAL,C,5000,,1,0.25,N,3
21,24996,RENT,1,DEBTCONSOLIDATION,C,5000,,0,0.2,Y,3
21,23040,OWN,1,VENTURE,D,5000,,0,0.22,N,3
21,27200,RENT,0,MEDICAL,C,5000,,0,0.18,N,3
21,27200,RENT,0,EDUCATION,C,5000,,0,0.18,N,3
21,24996,RENT,0,DEBTCONSOLIDATION,D,5000,,1,0.2,N,3
21,30000,OWN,6,DEBTCONSOLIDATION,D,4000,,0,0.13,Y,3
21,46002,MORTGAGE,4,VENTURE,D,4000,,0,0.09,Y,3
21,45000,RENT,0,EDUCATION,C,4000,,0,0.09,N,3
21,40000,RENT,0,VENTURE,A,3000,,0,0.07,N,3
21,25000,MORTGAGE,4,VENTURE,C,2800,,0,0.11,Y,3
21,35760,MORTGAGE,5,HOMEIMPROVEMENT,E,2400,,1,0.07,N,3
21,12000,RENT,0,DEBTCONSOLIDATION,C,2200,,1,0.18,N,3
21,20000,RENT,0,MEDICAL,A,2000,,0,0.1,N,3
21,20000,RENT,0,MEDICAL,A,2000,,0,0.1,N,3
21,41004,RENT,5,EDUCATION,B,1500,,0,0.04,N,3
21,24000,RENT,1,EDUCATION,A,1500,,0,0.06,N,3
21,15874,RENT,,EDUCATION,B,1500,,0,0.09,N,3
21,30000,RENT,0,DEBTCONSOLIDATION,A,1000,,0,0.03,N,3
21,21000,RENT,5,MEDICAL,F,5000,20.89,1,0.24,N,2
21,52240,RENT,5,MEDICAL,E,18000,19.69,1,0.34,N,2
21,17000,RENT,0,DEBTCONSOLIDATION,E,1500,18.64,1,0.09,N,2
21,67400,MORTGAGE,2,VENTURE,E,20000,17.74,1,0.3,Y,2
21,42000,OWN,5,EDUCATION,D,5000,17.49,0,0.12,N,2
21,36000,RENT,1,VENTURE,D,4500,17.27,1,0.13,N,2
21,21000,MORTGAGE,5,DEBTCONSOLIDATION,D,3500,17.27,1,0.17,Y,2
21,30000,RENT,1,HOMEIMPROVEMENT,D,2400,17.19,1,0.08,Y,2
21,26000,RENT,1,DEBTCONSOLIDATION,D,9450,16.77,1,0.36,N,2
21,28200,RENT,2,DEBTCONSOLIDATION,D,2500,16.77,1,0.09,Y,2
21,26000,RENT,2,MEDICAL,E,7750,16.7,1,0.3,Y,2
21,30000,RENT,1,VENTURE,D,2400,16.49,1,0.08,Y,2
21,16200,RENT,2,MEDICAL,D,2200,16.49,1,0.14,N,2
21,30000,RENT,3,VENTURE,E,8000,16.45,1,0.27,Y,2
21,34500,RENT,4,DEBTCONSOLIDATION,E,1000,16.45,1,0.03,N,2
21,44964,RENT,2,EDUCATION,D,24000,16.29,1,0.53,Y,2
21,22200,RENT,2,DEBTCONSOLIDATION,D,2500,16.29,1,0.11,Y,2
21,39760,RENT,0,PERSONAL,D,12000,16.07,1,0.3,Y,2
21,56000,RENT,5,MEDICAL,E,15000,16,1,0.27,N,2
21,44000,MORTGAGE,2,DEBTCONSOLIDATION,E,15000,16,1,0.34,N,2
21,32400,MORTGAGE,5,PERSONAL,E,5000,16,1,0.15,N,2
21,15000,RENT,0,PERSONAL,D,3600,15.95,1,0.24,N,2
21,34000,OTHER,3,VENTURE,E,9600,15.68,1,0.28,Y,2
21,12000,MORTGAGE,5,DEBTCONSOLIDATION,E,3250,15.68,1,0.27,Y,2
21,67000,MORTGAGE,5,EDUCATION,D,25000,15.65,0,0.37,Y,2
21,159800,MORTGAGE,5,MEDICAL,D,30000,15.62,1,0.16,N,2
21,50400,RENT,4,VENTURE,D,8000,15.62,0,0.16,Y,2
21,14400,RENT,2,VENTURE,D,1825,15.62,1,0.13,N,2
21,14400,RENT,2,PERSONAL,D,1825,15.62,1,0.13,Y,2
21,43000,RENT,5,VENTURE,D,8500,15.58,0,0.2,N,2
21,24996,OWN,3,EDUCATION,D,7000,15.58,0,0.28,N,2
21,27000,RENT,5,MEDICAL,D,4000,15.58,1,0.15,Y,2
21,44000,RENT,0,EDUCATION,D,12875,15.31,1,0.29,N,2
21,34500,RENT,2,HOMEIMPROVEMENT,D,11500,15.31,1,0.33,N,2
21,27600,OWN,3,EDUCATION,C,1000,15.27,0,0.04,Y,2
21,28000,RENT,2,EDUCATION,C,4000,15.23,0,0.14,N,2
21,8088,RENT,,MEDICAL,C,1200,15.23,0,0.15,Y,2
21,8088,RENT,,MEDICAL,C,1200,15.23,0,0.15,Y,2
21,40800,RENT,3,MEDICAL,D,12000,15.21,1,0.29,N,2
21,44000,RENT,6,EDUCATION,D,8000,15.21,1,0.18,N,2
21,39600,RENT,3,EDUCATION,D,7000,14.96,0,0.18,Y,2
21,30000,RENT,2,PERSONAL,D,5000,14.96,1,0.17,N,2
21,46500,MORTGAGE,5,EDUCATION,D,1300,14.96,0,0.03,N,2
21,21700,RENT,2,HOMEIMPROVEMENT,D,5500,14.91,1,0.25,N,2
21,37260,RENT,1,HOMEIMPROVEMENT,D,7500,14.84,1,0.2,Y,2
21,24000,RENT,2,MEDICAL,D,4000,14.84,1,0.17,Y,2
21,35000,RENT,6,PERSONAL,C,5000,14.79,1,0.14,N,2
21,26400,RENT,0,EDUCATION,C,2400,14.79,0,0.09,Y,2
21,50000,RENT,2,EDUCATION,D,18000,14.74,1,0.36,N,2
21,55000,MORTGAGE,5,EDUCATION,C,10000,14.72,0,0.18,N,2
21,60675,RENT,5,PERSONAL,C,7200,14.72,0,0.12,Y,2
21,14400,OWN,4,VENTURE,C,6250,14.72,1,0.43,N,2
21,18000,RENT,2,HOMEIMPROVEMENT,C,5800,14.72,1,0.32,Y,2
21,18000,RENT,,VENTURE,C,2400,14.72,0,0.13,N,2
21,200000,MORTGAGE,5,EDUCATION,C,16000,14.65,0,0.08,N,2
21,26000,MORTGAGE,5,MEDICAL,D,14500,14.61,1,0.56,Y,2
21,42500,OTHER,0,EDUCATION,D,7000,14.61,0,0.16,Y,2
21,36588,MORTGAGE,5,DEBTCONSOLIDATION,D,1000,14.61,1,0.03,N,2
21,30000,RENT,1,VENTURE,D,14500,14.59,1,0.48,Y,2
21,19800,OWN,4,HOMEIMPROVEMENT,D,6800,14.59,1,0.34,N,2
21,31200,MORTGAGE,2,EDUCATION,D,1000,14.59,0,0.03,N,2
21,30000,RENT,1,PERSONAL,D,5600,14.46,1,0.19,N,2
21,19200,RENT,5,HOMEIMPROVEMENT,C,7000,14.35,1,0.36,N,2
21,36000,MORTGAGE,2,MEDICAL,C,5000,14.27,1,0.14,Y,2
21,40000,OWN,0,EDUCATION,C,2500,14.27,0,0.06,N,2
21,25200,MORTGAGE,0,PERSONAL,C,6500,14.26,1,0.26,Y,2
21,20000,RENT,2,DEBTCONSOLIDATION,C,1000,14.26,0,0.05,Y,2
21,29004,RENT,5,MEDICAL,C,11000,14.22,1,0.38,N,2
21,58800,MORTGAGE,5,EDUCATION,D,25000,14.09,0,0.43,N,2
21,200000,MORTGAGE,2,DEBTCONSOLIDATION,C,25000,13.99,0,0.13,N,2
21,24000,RENT,0,EDUCATION,C,4600,13.99,0,0.19,Y,2
21,12000,RENT,1,EDUCATION,C,1000,13.98,0,0.08,N,2
21,47208,RENT,2,PERSONAL,C,3000,13.92,0,0.06,Y,2
21,30000,RENT,0,DEBTCONSOLIDATION,C,1500,13.92,0,0.05,N,2
21,36000,OWN,5,EDUCATION,C,8800,13.85,0,0.24,N,2
21,34000,RENT,5,DEBTCONSOLIDATION,C,7800,13.79,1,0.23,N,2
21,146000,MORTGAGE,5,DEBTCONSOLIDATION,C,4000,13.72,0,0.03,N,2
21,39327,RENT,5,MEDICAL,D,3000,13.67,1,0.08,N,2
21,25200,RENT,3,MEDICAL,C,8500,13.61,1,0.34,Y,2
21,91500,MORTGAGE,4,PERSONAL,C,8000,13.61,0,0.09,N,2
21,37000,OWN,3,MEDICAL,C,7200,13.61,0,0.19,N,2
21,24996,RENT,6,DEBTCONSOLIDATION,C,6000,13.61,0,0.24,N,2
21,30000,RENT,3,EDUCATION,C,5600,13.61,0,0.19,Y,2
21,40800,RENT,3,MEDICAL,C,13000,13.57,1,0.32,Y,2
21,55438,RENT,4,VENTURE,C,19400,13.49,1,0.35,N,2
21,72500,RENT,3,EDUCATION,C,14000,13.49,0,0.19,Y,2
21,29000,RENT,6,MEDICAL,C,11000,13.49,1,0.38,Y,2
21,27000,MORTGAGE,3,MEDICAL,C,9600,13.49,0,0.36,Y,2
21,50000,MORTGAGE,5,PERSONAL,C,9000,13.49,0,0.18,N,2
21,26400,RENT,2,EDUCATION,C,5000,13.49,0,0.19,Y,2
21,20000,RENT,5,PERSONAL,C,4500,13.49,0,0.23,N,2
21,112800,MORTGAGE,2,EDUCATION,C,16000,13.48,1,0.14,Y,2
21,39996,MORTGAGE,6,EDUCATION,C,13000,13.48,0,0.33,N,2
21,24000,RENT,,DEBTCONSOLIDATION,C,10000,13.48,1,0.42,N,2
21,24000,RENT,,MEDICAL,C,10000,13.48,1,0.42,N,2
21,60000,MORTGAGE,5,DEBTCONSOLIDATION,C,5000,13.48,0,0.08,N,2
21,25500,RENT,6,EDUCATION,C,2000,13.47,0,0.08,N,2
21,35000,OWN,5,EDUCATION,C,6500,13.43,0,0.19,N,2
21,55000,RENT,5,DEBTCONSOLIDATION,C,4000,13.35,0,0.07,Y,2
21,18456,RENT,2,MEDICAL,C,3500,13.35,1,0.19,Y,2
21,48000,RENT,1,DEBTCONSOLIDATION,C,1800,13.35,0,0.04,Y,2
21,53000,MORTGAGE,0,PERSONAL,D,12000,13.24,0,0.23,N,2
21,42000,RENT,0,EDUCATION,C,12000,13.23,0,0.29,N,2
21,33280,RENT,0,VENTURE,C,6000,13.23,0,0.18,Y,2
21,28800,MORTGAGE,2,PERSONAL,C,5500,13.23,0,0.19,Y,2
21,27000,RENT,3,PERSONAL,C,2600,13.22,0,0.1,Y,2
21,40000,OWN,1,EDUCATION,C,15000,13.16,0,0.38,N,2
21,75000,MORTGAGE,5,PERSONAL,C,20000,13.11,0,0.27,Y,2
21,31200,RENT,0,EDUCATION,C,13000,13.11,1,0.42,Y,2
21,111016,RENT,5,PERSONAL,C,12000,13.11,0,0.11,N,2
21,23040,RENT,3,MEDICAL,C,2000,13.11,0,0.09,Y,2
21,28000,RENT,2,DEBTCONSOLIDATION,C,6625,13.06,1,0.24,N,2
21,30000,RENT,5,MEDICAL,C,9000,12.99,0,0.3,Y,2
21,35368,RENT,0,DEBTCONSOLIDATION,C,5100,12.99,0,0.14,N,2
21,80000,MORTGAGE,5,EDUCATION,C,5000,12.99,0,0.06,N,2
21,24000,RENT,2,MEDICAL,C,5000,12.98,0,0.21,N,2
21,24000,RENT,5,DEBTCONSOLIDATION,C,13000,12.87,1,0.54,N,2
21,45000,RENT,5,VENTURE,C,4000,12.87,0,0.09,Y,2
21,34368,RENT,0,DEBTCONSOLIDATION,C,2500,12.87,0,0.07,Y,2
21,25000,RENT,0,DEBTCONSOLIDATION,D,5000,12.86,1,0.2,Y,2
21,41900,RENT,2,VENTURE,C,16000,12.84,1,0.38,Y,2
21,48000,MORTGAGE,5,EDUCATION,C,10800,12.84,0,0.23,N,2
21,65500,RENT,6,EDUCATION,C,8000,12.84,0,0.12,Y,2
21,33000,RENT,5,EDUCATION,C,5000,12.84,0,0.15,N,2
21,11389,OTHER,5,EDUCATION,C,4000,12.84,1,0.35,Y,2
21,83000,MORTGAGE,5,VENTURE,C,7000,12.73,0,0.08,Y,2
21,13806,RENT,6,EDUCATION,C,4750,12.73,1,0.34,Y,2
21,40000,RENT,,VENTURE,B,12800,12.69,1,0.32,N,2
21,25000,RENT,1,EDUCATION,B,7000,12.69,0,0.28,N,2
21,15360,RENT,0,EDUCATION,B,1600,12.69,0,0.1,N,2
21,31680,RENT,5,VENTURE,C,15000,12.61,1,0.47,Y,2
21,29000,RENT,5,MEDICAL,D,7000,12.61,1,0.24,Y,2
21,18000,RENT,6,DEBTCONSOLIDATION,C,1500,12.61,0,0.08,Y,2
21,37232,RENT,3,MEDICAL,B,17500,12.53,1,0.47,N,2
21,24000,RENT,1,VENTURE,B,6500,12.53,0,0.27,N,2
21,26000,RENT,5,MEDICAL,B,5200,12.53,0,0.2,N,2
21,52000,OWN,1,EDUCATION,B,13200,12.42,0,0.25,N,2
21,36000,MORTGAGE,5,MEDICAL,B,1000,12.42,0,0.03,N,2
21,36000,MORTGAGE,5,MEDICAL,B,1000,12.42,0,0.03,N,2
21,19000,RENT,0,EDUCATION,C,700,12.29,0,0.04,N,2
21,60000,RENT,5,EDUCATION,B,10000,12.18,0,0.17,N,2
21,60000,RENT,3,MEDICAL,B,10000,12.18,0,0.17,N,2
21,60000,RENT,3,EDUCATION,B,10000,12.18,0,0.17,N,2
21,10000,RENT,0,PERSONAL,D,5000,12.17,1,0.5,Y,2
21,75000,RENT,5,PERSONAL,C,12000,12.09,0,0.16,Y,2
21,104740,MORTGAGE,5,EDUCATION,B,19200,11.99,0,0.18,N,2
21,49000,MORTGAGE,4,MEDICAL,B,2000,11.99,1,0.04,N,2
21,52000,RENT,5,PERSONAL,B,1500,11.99,0,0.03,N,2
21,85000,RENT,1,VENTURE,C,12000,11.97,0,0.14,N,2
21,24000,OWN,2,MEDICAL,B,7000,11.86,0,0.29,N,2
21,21000,RENT,2,DEBTCONSOLIDATION,B,4000,11.86,0,0.19,N,2
21,15600,RENT,2,EDUCATION,B,1500,11.86,0,0.1,N,2
21,64500,MORTGAGE,2,EDUCATION,B,15000,11.83,0,0.23,N,2
21,68000,RENT,3,PERSONAL,C,3000,11.78,0,0.04,N,2
21,33800,RENT,5,MEDICAL,B,15000,11.71,1,0.44,N,2
21,21000,RENT,2,EDUCATION,B,10000,11.71,1,0.48,N,2
21,21600,RENT,0,DEBTCONSOLIDATION,B,2000,11.71,1,0.09,N,2
21,87000,RENT,5,MEDICAL,B,11000,11.58,0,0.13,N,2
21,32000,MORTGAGE,5,DEBTCONSOLIDATION,B,4200,11.58,0,0.13,N,2
21,44000,RENT,5,DEBTCONSOLIDATION,B,8500,11.49,1,0.19,N,2
21,32000,RENT,3,VENTURE,B,7000,11.49,0,0.22,N,2
21,39900,RENT,3,EDUCATION,B,6000,11.49,0,0.15,N,2
21,12000,RENT,5,VENTURE,B,5000,11.49,1,0.42,N,2
21,12000,RENT,,VENTURE,B,3200,11.49,1,0.27,N,2
21,32400,RENT,1,EDUCATION,B,10000,11.48,1,0.31,N,2
21,44004,RENT,2,HOMEIMPROVEMENT,B,7000,11.46,1,0.16,N,2
21,44004,RENT,2,EDUCATION,B,7000,11.46,1,0.16,N,2
21,50252,RENT,4,DEBTCONSOLIDATION,B,5000,11.46,0,0.1,N,2
21,54036,MORTGAGE,3,MEDICAL,B,8000,11.36,0,0.15,N,2
21,28000,RENT,1,HOMEIMPROVEMENT,C,9700,11.34,1,0.35,N,2
21,21600,MORTGAGE,2,DEBTCONSOLIDATION,B,10000,11.14,0,0.46,N,2
21,30000,RENT,1,MEDICAL,B,10000,11.14,1,0.33,N,2
21,9600,OWN,5,EDUCATION,B,1000,11.14,0,0.1,N,2
21,151000,MORTGAGE,5,VENTURE,B,8000,11.12,0,0.05,N,2
21,18000,OWN,,EDUCATION,B,5000,11.11,1,0.28,N,2
21,85000,MORTGAGE,5,EDUCATION,B,25000,10.99,0,0.29,N,2
21,49000,RENT,4,EDUCATION,B,25000,10.99,1,0.51,N,2
21,75000,MORTGAGE,5,VENTURE,B,14125,10.99,0,0.19,N,2
21,28000,RENT,3,EDUCATION,B,8000,10.99,1,0.29,N,2
21,47500,RENT,2,DEBTCONSOLIDATION,B,7500,10.99,0,0.16,N,2
21,30000,RENT,2,PERSONAL,B,7000,10.99,1,0.23,N,2
21,20400,RENT,2,PERSONAL,B,4500,10.99,0,0.22,N,2
21,19200,RENT,0,PERSONAL,B,3000,10.99,1,0.16,N,2
21,33388,RENT,3,EDUCATION,B,1000,10.99,0,0.03,N,2
21,30000,RENT,0,MEDICAL,B,1000,10.99,0,0.03,N,2
21,24000,RENT,0,MEDICAL,B,1000,10.99,1,0.04,N,2
21,23000,RENT,5,EDUCATION,B,6000,10.95,0,0.26,N,2
21,36000,RENT,3,MEDICAL,C,18500,10.91,1,0.51,N,2
21,41004,MORTGAGE,5,VENTURE,B,24250,10.75,0,0.59,N,2
21,60000,RENT,5,MEDICAL,B,24000,10.75,1,0.4,N,2
21,50000,RENT,5,MEDICAL,B,6000,10.75,0,0.12,N,2
21,28692,MORTGAGE,5,EDUCATION,B,3000,10.75,0,0.1,N,2
21,28692,MORTGAGE,5,EDUCATION,B,3000,10.75,0,0.1,N,2
21,54000,OWN,5,VENTURE,B,20000,10.74,0,0.37,N,2
21,45192,MORTGAGE,0,PERSONAL,B,11700,10.74,0,0.26,N,2
21,45000,RENT,3,VENTURE,B,6500,10.74,0,0.14,N,2
21,68000,RENT,4,EDUCATION,B,18000,10.65,0,0.26,N,2
21,30000,RENT,3,MEDICAL,B,14000,10.65,1,0.47,N,2
21,50000,RENT,5,VENTURE,B,8500,10.65,0,0.17,N,2
21,57000,OWN,5,VENTURE,B,8000,10.65,0,0.14,N,2
21,48000,MORTGAGE,5,VENTURE,B,7350,10.65,0,0.15,N,2
21,91000,MORTGAGE,5,VENTURE,B,20000,10.62,0,0.22,N,2
21,55000,RENT,5,VENTURE,B,12000,10.62,0,0.22,N,2
21,55000,RENT,5,MEDICAL,B,12000,10.62,0,0.22,N,2
21,34000,MORTGAGE,5,EDUCATION,B,10000,10.62,1,0.29,N,2
21,29760,RENT,1,DEBTCONSOLIDATION,B,8500,10.62,0,0.29,N,2
21,17000,RENT,,DEBTCONSOLIDATION,B,7000,10.62,1,0.41,N,2
21,60000,MORTGAGE,2,VENTURE,B,6000,10.62,0,0.1,N,2
21,45000,RENT,3,EDUCATION,B,10300,10.59,0,0.23,N,2
21,63000,MORTGAGE,2,PERSONAL,B,10000,10.59,0,0.16,N,2
21,12000,RENT,3,EDUCATION,B,1600,10.59,1,0.13,N,2
21,12000,RENT,3,VENTURE,B,1600,10.59,0,0.13,N,2
21,15120,MORTGAGE,0,EDUCATION,B,1500,10.59,0,0.1,N,2
21,36120,RENT,5,VENTURE,B,9000,10.39,0,0.25,N,2
21,61000,RENT,3,EDUCATION,B,7500,10.39,0,0.12,N,2
21,20000,RENT,2,DEBTCONSOLIDATION,B,5000,10.39,0,0.25,N,2
21,70000,RENT,5,EDUCATION,B,15000,10.38,0,0.21,N,2
21,18000,RENT,2,PERSONAL,B,4500,10.38,1,0.25,N,2
21,56000,MORTGAGE,5,EDUCATION,B,18000,10.25,1,0.32,N,2
21,120000,MORTGAGE,5,VENTURE,B,15000,10.25,0,0.13,N,2
21,101004,MORTGAGE,2,DEBTCONSOLIDATION,B,14000,10.25,0,0.14,N,2
21,45000,RENT,3,EDUCATION,B,10000,10.25,0,0.22,N,2
21,45000,RENT,3,PERSONAL,B,10000,10.25,0,0.22,N,2
21,55000,MORTGAGE,0,PERSONAL,B,10000,10.25,0,0.18,N,2
21,53851,MORTGAGE,2,DEBTCONSOLIDATION,B,12000,10,0,0.22,N,2
21,110000,MORTGAGE,0,VENTURE,B,14000,9.99,0,0.13,N,2
21,65000,RENT,1,EDUCATION,B,10000,9.99,0,0.15,N,2
21,60000,MORTGAGE,5,DEBTCONSOLIDATION,B,7800,9.99,0,0.13,N,2
21,90996,MORTGAGE,5,PERSONAL,B,6000,9.99,0,0.07,N,2
21,59000,MORTGAGE,5,HOMEIMPROVEMENT,B,5000,9.99,1,0.08,N,2
21,12000,RENT,2,HOMEIMPROVEMENT,B,3250,9.99,1,0.27,N,2
21,32900,MORTGAGE,2,MEDICAL,B,3000,9.99,0,0.09,N,2
21,42000,RENT,5,MEDICAL,B,2500,9.99,0,0.06,N,2
21,23004,RENT,5,VENTURE,B,1350,9.99,0,0.06,N,2
21,13500,RENT,0,VENTURE,B,3500,9.96,1,0.26,N,2
21,45408,RENT,3,DEBTCONSOLIDATION,B,17475,9.91,1,0.38,N,2
21,57700,MORTGAGE,5,VENTURE,B,13500,9.91,0,0.23,N,2
21,36648,MORTGAGE,,DEBTCONSOLIDATION,B,7125,9.91,0,0.19,N,2
21,19200,OWN,0,PERSONAL,B,2400,9.91,0,0.13,N,2
21,28800,RENT,5,MEDICAL,B,8000,9.88,0,0.28,N,2
21,28800,RENT,5,DEBTCONSOLIDATION,B,8000,9.88,0,0.28,N,2
21,33000,MORTGAGE,5,PERSONAL,B,7800,9.88,0,0.24,N,2
21,19200,RENT,0,PERSONAL,B,6000,9.88,1,0.31,N,2
21,18008,RENT,1,MEDICAL,B,3000,9.7,1,0.17,N,2
21,19500,MORTGAGE,0,EDUCATION,B,15000,9.64,1,0.77,N,2
21,40000,RENT,2,DEBTCONSOLIDATION,B,8000,9.63,0,0.2,N,2
21,30000,MORTGAGE,0,PERSONAL,A,4750,9.63,1,0.16,N,2
21,14400,RENT,2,HOMEIMPROVEMENT,B,3000,9.63,1,0.21,N,2
21,20004,OWN,2,MEDICAL,B,2500,9.63,0,0.12,N,2
21,35000,MORTGAGE,5,EDUCATION,B,1500,9.63,0,0.04,N,2
21,90000,RENT,3,EDUCATION,B,4800,9.62,0,0.05,N,2
21,35000,RENT,0,MEDICAL,B,3500,9.62,0,0.1,N,2
21,35004,OWN,5,VENTURE,B,1500,9.62,0,0.04,N,2
21,31970,RENT,2,VENTURE,A,4650,9.32,0,0.15,N,2
21,55000,RENT,5,DEBTCONSOLIDATION,A,16000,8.94,0,0.29,N,2
21,23040,OWN,0,EDUCATION,A,15000,8.94,0,0.65,N,2
21,42000,RENT,4,EDUCATION,A,12500,8.94,0,0.3,N,2
21,43000,RENT,2,MEDICAL,A,9200,8.94,0,0.21,N,2
21,36140,RENT,5,EDUCATION,A,9000,8.94,1,0.25,N,2
21,30000,RENT,3,MEDICAL,A,6000,8.94,0,0.2,N,2
21,38000,OWN,1,MEDICAL,A,5000,8.94,0,0.13,N,2
21,50000,RENT,5,EDUCATION,A,4900,8.94,0,0.1,N,2
21,9600,RENT,0,EDUCATION,A,1750,8.94,1,0.18,N,2
21,40000,OWN,5,MEDICAL,A,12000,8.9,0,0.3,N,2
21,27120,RENT,0,EDUCATION,A,8500,8.9,1,0.31,N,2
21,28776,MORTGAGE,,VENTURE,A,8000,8.9,0,0.28,N,2
21,17000,RENT,3,MEDICAL,A,5750,8.9,1,0.34,N,2
21,48000,RENT,5,PERSONAL,A,2800,8.9,1,0.06,N,2
21,10800,RENT,4,PERSONAL,B,2500,8.88,1,0.23,N,2
21,24000,MORTGAGE,2,EDUCATION,B,5000,8.7,0,0.21,N,2
21,10000,OWN,2,HOMEIMPROVEMENT,A,4500,8.63,1,0.45,N,2
21,30000,RENT,0,VENTURE,A,5000,8.59,0,0.17,N,2
21,51996,RENT,5,PERSONAL,A,4600,8.59,0,0.09,N,2
21,25000,RENT,0,DEBTCONSOLIDATION,A,3800,8.59,0,0.15,N,2
21,51996,MORTGAGE,1,EDUCATION,A,18000,8.49,0,0.35,N,2
21,69000,RENT,3,MEDICAL,A,15000,8.49,0,0.22,N,2
21,83000,MORTGAGE,3,VENTURE,A,14000,8.49,0,0.17,N,2
21,84000,RENT,5,VENTURE,A,7200,8.49,0,0.09,N,2
21,60000,RENT,2,VENTURE,A,5000,8.49,0,0.08,N,2
21,18000,RENT,1,VENTURE,A,3200,8.49,1,0.18,N,2
21,12120,RENT,0,DEBTCONSOLIDATION,A,3600,8.32,1,0.3,N,2
21,20004,RENT,4,MEDICAL,A,4500,8,0,0.22,N,2
21,35004,MORTGAGE,1,VENTURE,A,3600,8,0,0.1,N,2
21,19000,RENT,0,PERSONAL,A,2900,8,0,0.15,N,2
21,80000,RENT,6,VENTURE,A,18000,7.9,0,0.23,N,2
21,37947,RENT,5,PERSONAL,A,14000,7.9,1,0.37,N,2
21,15000,OWN,0,HOMEIMPROVEMENT,A,6200,7.9,1,0.41,N,2
21,23040,RENT,0,HOMEIMPROVEMENT,A,6000,7.9,1,0.26,N,2
21,47664,RENT,5,DEBTCONSOLIDATION,A,4800,7.9,0,0.1,N,2
21,70000,RENT,5,EDUCATION,A,4000,7.9,0,0.06,N,2
21,30000,RENT,5,PERSONAL,A,3500,7.9,0,0.12,N,2
21,18000,RENT,0,DEBTCONSOLIDATION,A,3000,7.9,1,0.17,N,2
21,18000,RENT,0,DEBTCONSOLIDATION,A,3000,7.9,1,0.17,N,2
21,49800,RENT,6,EDUCATION,A,2975,7.9,0,0.06,N,2
21,31544,MORTGAGE,,MEDICAL,A,2200,7.9,0,0.07,N,2
21,15600,RENT,0,MEDICAL,A,2000,7.9,0,0.13,N,2
21,45000,MORTGAGE,5,VENTURE,A,18000,7.88,0,0.4,N,2
21,35000,OWN,2,MEDICAL,A,11000,7.88,0,0.31,N,2
21,33600,OWN,5,MEDICAL,A,10000,7.88,0,0.3,N,2
21,100000,RENT,1,DEBTCONSOLIDATION,A,7800,7.88,0,0.08,N,2
21,55000,RENT,1,EDUCATION,A,7500,7.88,0,0.14,N,2
21,40200,MORTGAGE,5,MEDICAL,A,7200,7.88,0,0.18,N,2
21,66000,MORTGAGE,4,DEBTCONSOLIDATION,A,7000,7.88,0,0.11,N,2
21,51000,MORTGAGE,5,PERSONAL,A,6000,7.88,0,0.12,N,2
21,22000,RENT,1,MEDICAL,A,4800,7.88,0,0.22,N,2
21,8004,RENT,4,MEDICAL,A,3000,7.88,1,0.37,N,2
21,18000,RENT,3,EDUCATION,A,2500,7.88,0,0.14,N,2
21,12540,RENT,,HOMEIMPROVEMENT,A,2500,7.88,1,0.2,N,2
21,22000,OWN,5,VENTURE,A,7350,7.66,0,0.33,N,2
21,47000,RENT,1,MEDICAL,A,5300,7.66,0,0.11,N,2
21,45000,MORTGAGE,5,PERSONAL,A,10000,7.51,0,0.22,N,2
21,125000,MORTGAGE,0,PERSONAL,A,10000,7.51,0,0.08,N,2
21,15600,RENT,,EDUCATION,A,7000,7.51,1,0.45,N,2
21,34500,MORTGAGE,3,EDUCATION,A,6400,7.51,0,0.19,N,2
21,62000,MORTGAGE,2,DEBTCONSOLIDATION,A,6000,7.51,0,0.1,N,2
21,36500,RENT,2,VENTURE,A,5500,7.51,0,0.15,N,2
21,24996,OWN,5,VENTURE,A,5000,7.51,0,0.2,N,2
21,27000,RENT,1,EDUCATION,A,4800,7.51,0,0.18,N,2
21,40000,RENT,3,EDUCATION,A,4000,7.51,0,0.1,N,2
21,42000,MORTGAGE,6,EDUCATION,A,3500,7.51,0,0.08,N,2
21,21600,RENT,2,DEBTCONSOLIDATION,A,3500,7.51,0,0.16,N,2
21,111000,MORTGAGE,4,VENTURE,A,28000,7.49,0,0.25,N,2
21,150075,OWN,0,VENTURE,A,25000,7.49,0,0.17,N,2
21,53000,MORTGAGE,4,PERSONAL,A,14400,7.49,1,0.27,N,2
21,26000,RENT,5,DEBTCONSOLIDATION,A,6000,7.49,0,0.23,N,2
21,26000,RENT,5,DEBTCONSOLIDATION,A,6000,7.49,0,0.23,N,2
21,66000,MORTGAGE,5,EDUCATION,A,4500,7.49,0,0.07,N,2
21,35360,RENT,1,EDUCATION,A,2200,7.49,0,0.06,N,2
21,8000,RENT,1,DEBTCONSOLIDATION,A,2800,7.4,1,0.35,N,2
21,30600,RENT,,DEBTCONSOLIDATION,A,7000,7.29,0,0.23,N,2
21,25000,RENT,5,VENTURE,A,5600,7.29,0,0.22,N,2
21,35000,OWN,5,EDUCATION,A,4000,7.29,0,0.11,N,2
21,35000,OWN,5,VENTURE,A,4000,7.29,0,0.11,N,2
21,74880,MORTGAGE,5,PERSONAL,A,8500,7.14,0,0.11,N,2
21,45000,MORTGAGE,3,MEDICAL,A,4500,7.14,0,0.1,N,2
21,9900,OWN,2,VENTURE,A,2500,7.14,1,0.25,N,2
21,72252,MORTGAGE,0,VENTURE,A,8000,6.99,0,0.11,N,2
21,36000,MORTGAGE,5,PERSONAL,A,2800,6.99,0,0.08,N,2
21,37459,MORTGAGE,6,EDUCATION,A,5600,6.92,0,0.15,N,2
21,39600,MORTGAGE,5,MEDICAL,A,6400,6.91,1,0.16,N,2
21,60000,MORTGAGE,5,EDUCATION,A,6000,6.91,0,0.1,N,2
21,34000,MORTGAGE,5,PERSONAL,A,7200,6.76,1,0.21,N,2
21,34000,MORTGAGE,5,EDUCATION,A,6000,6.76,0,0.18,N,2
21,34416,RENT,5,EDUCATION,A,2300,6.76,0,0.07,N,2
21,36000,RENT,3,MEDICAL,A,15000,6.62,1,0.42,N,2
21,69000,MORTGAGE,5,PERSONAL,A,13250,6.62,0,0.19,N,2
21,98280,MORTGAGE,2,DEBTCONSOLIDATION,A,10000,6.62,0,0.1,N,2
21,55692,RENT,5,PERSONAL,A,5600,6.62,0,0.1,N,2
21,40000,MORTGAGE,5,PERSONAL,A,5000,6.62,0,0.13,N,2
21,40000,MORTGAGE,5,PERSONAL,A,5000,6.62,0,0.13,N,2
21,36000,RENT,0,EDUCATION,A,4500,6.62,0,0.13,N,2
21,192000,MORTGAGE,0,EDUCATION,A,20000,6.54,0,0.1,N,2
21,55260,RENT,0,EDUCATION,A,14000,6.54,0,0.25,N,2
21,110000,MORTGAGE,5,DEBTCONSOLIDATION,A,10000,6.54,0,0.09,N,2
21,56400,OWN,5,VENTURE,A,5000,6.54,0,0.09,N,2
21,72000,MORTGAGE,5,DEBTCONSOLIDATION,A,2000,6.54,0,0.03,N,2
21,37200,MORTGAGE,3,MEDICAL,A,16800,6.17,1,0.45,N,2
21,55200,MORTGAGE,5,VENTURE,A,8900,6.17,0,0.16,N,2
21,50000,RENT,5,DEBTCONSOLIDATION,A,8075,6.17,0,0.16,N,2
21,19200,OWN,5,EDUCATION,A,3300,6.17,1,0.17,N,2
21,47760,MORTGAGE,2,PERSONAL,A,15000,6.03,0,0.31,N,2
21,47580,MORTGAGE,5,EDUCATION,A,14000,6.03,0,0.29,N,2
21,47580,MORTGAGE,5,EDUCATION,A,14000,6.03,0,0.29,N,2
21,82100,RENT,3,PERSONAL,A,12200,6.03,0,0.15,N,2
21,57200,MORTGAGE,5,DEBTCONSOLIDATION,A,8000,6.03,0,0.14,N,2
21,15300,OWN,5,MEDICAL,A,2500,6.03,1,0.16,N,2
21,52000,MORTGAGE,5,DEBTCONSOLIDATION,A,13250,5.99,0,0.25,N,2
21,80000,MORTGAGE,5,EDUCATION,A,12000,5.99,0,0.15,N,2
21,87547,MORTGAGE,2,EDUCATION,A,12000,5.99,0,0.14,N,2
21,60000,MORTGAGE,5,DEBTCONSOLIDATION,A,10000,5.99,0,0.17,N,2
21,78000,RENT,4,VENTURE,A,10000,5.99,0,0.13,N,2
21,27600,RENT,5,EDUCATION,A,7000,5.99,0,0.25,N,2
21,21600,MORTGAGE,2,DEBTCONSOLIDATION,A,3800,5.99,0,0.18,N,2
21,50031,MORTGAGE,5,PERSONAL,A,2000,5.99,0,0.04,N,2
21,72100,RENT,6,PERSONAL,A,12000,5.79,0,0.17,N,2
21,37500,MORTGAGE,5,PERSONAL,A,12000,5.79,0,0.32,N,2
21,30000,RENT,5,EDUCATION,A,12000,5.79,1,0.4,N,2
21,48000,RENT,1,DEBTCONSOLIDATION,A,10000,5.79,0,0.21,N,2
21,41000,RENT,5,VENTURE,A,7000,5.79,0,0.17,N,2
21,26000,OWN,5,EDUCATION,A,6000,5.79,0,0.23,N,2
21,125000,MORTGAGE,2,PERSONAL,A,6000,5.79,0,0.05,N,2
21,40000,RENT,4,VENTURE,A,5000,5.79,0,0.13,N,2
21,40000,RENT,4,EDUCATION,A,5000,5.79,0,0.13,N,2
21,35100,RENT,1,EDUCATION,A,3500,5.79,0,0.1,N,2
21,14400,RENT,0,DEBTCONSOLIDATION,A,2000,5.79,0,0.14,N,2
21,35000,RENT,3,EDUCATION,A,1500,5.79,0,0.04,N,2
21,55000,MORTGAGE,5,PERSONAL,A,12000,5.42,0,0.22,N,2
21,95400,MORTGAGE,0,PERSONAL,A,12000,5.42,0,0.13,N,2
21,32400,MORTGAGE,2,EDUCATION,A,10000,5.42,0,0.31,N,2
21,59000,RENT,1,EDUCATION,A,5500,5.42,0,0.09,N,2
21,57000,RENT,3,VENTURE,A,3000,5.42,0,0.05,N,2
21,75000,MORTGAGE,4,MEDICAL,B,25000,,0,0.33,N,2
21,36000,RENT,5,MEDICAL,D,20000,,1,0.56,Y,2
21,85800,MORTGAGE,5,VENTURE,B,18900,,0,0.22,N,2
21,60000,OWN,0,VENTURE,D,16000,,0,0.27,N,2
21,95000,MORTGAGE,5,VENTURE,A,15000,,0,0.16,N,2
21,48000,OWN,5,VENTURE,B,15000,,0,0.31,N,2
21,80000,RENT,3,VENTURE,A,15000,,0,0.19,N,2
21,57000,MORTGAGE,5,VENTURE,C,14400,,0,0.25,Y,2
21,27996,RENT,2,VENTURE,B,14075,,1,0.5,N,2
21,38400,OWN,0,VENTURE,C,12200,,0,0.32,N,2
21,32000,RENT,6,MEDICAL,D,12000,,1,0.38,Y,2
21,87500,OWN,5,EDUCATION,C,12000,,0,0.14,N,2
21,44000,MORTGAGE,2,DEBTCONSOLIDATION,A,12000,,0,0.27,N,2
21,45000,RENT,5,EDUCATION,B,10000,,0,0.22,N,2
21,40000,RENT,5,EDUCATION,A,10000,,0,0.25,N,2
21,24000,RENT,5,EDUCATION,A,10000,,1,0.42,N,2
21,26400,RENT,3,MEDICAL,A,10000,,1,0.38,N,2
21,60996,RENT,2,VENTURE,B,8500,,0,0.14,N,2
21,42000,MORTGAGE,5,DEBTCONSOLIDATION,B,8325,,1,0.2,N,2
21,33000,RENT,4,PERSONAL,B,8250,,0,0.25,N,2
21,45000,RENT,5,EDUCATION,D,8000,,0,0.18,Y,2
21,30000,RENT,5,EDUCATION,B,8000,,0,0.27,N,2
21,21600,MORTGAGE,6,MEDICAL,A,7575,,0,0.35,N,2
21,26004,OWN,5,VENTURE,A,7500,,0,0.29,N,2
21,29004,RENT,0,MEDICAL,D,7500,,1,0.26,Y,2
21,45000,OWN,2,VENTURE,A,6000,,0,0.13,N,2
21,19968,RENT,4,EDUCATION,C,5000,,1,0.25,N,2
21,24000,RENT,3,HOMEIMPROVEMENT,D,5000,,1,0.21,Y,2
21,28416,RENT,6,PERSONAL,A,4600,,0,0.16,N,2
21,21216,MORTGAGE,5,HOMEIMPROVEMENT,D,4500,,1,0.21,Y,2
21,19000,RENT,2,HOMEIMPROVEMENT,C,4200,,1,0.22,Y,2
21,38400,MORTGAGE,0,EDUCATION,A,4200,,0,0.11,N,2
21,61464,MORTGAGE,5,HOMEIMPROVEMENT,C,4000,,1,0.07,Y,2
21,52244,MORTGAGE,5,MEDICAL,C,4000,,1,0.07,N,2
21,18000,OWN,5,VENTURE,B,3375,,1,0.19,N,2
21,30000,RENT,6,PERSONAL,A,3200,,0,0.11,N,2
21,12960,RENT,2,VENTURE,B,2525,,1,0.19,N,2
21,42500,RENT,0,DEBTCONSOLIDATION,B,2500,,0,0.06,N,2
21,38400,RENT,5,VENTURE,B,2000,,0,0.05,N,2
20,64000,RENT,3,VENTURE,D,16000,15.31,1,0.25,Y,4
20,32652,MORTGAGE,0,PERSONAL,D,6000,14.61,1,0.18,N,4
20,65000,MORTGAGE,4,VENTURE,B,4800,9.99,0,0.07,N,4
20,188004,MORTGAGE,4,EDUCATION,A,2000,8.59,0,0.01,N,4
20,98000,MORTGAGE,4,EDUCATION,D,24250,,0,0.25,N,4
20,94000,RENT,4,EDUCATION,D,5000,16.02,0,0.05,N,3
20,115731,MORTGAGE,4,DEBTCONSOLIDATION,B,9625,10.74,0,0.08,N,3
20,135000,MORTGAGE,1,VENTURE,C,15000,15.96,0,0.11,Y,2
20,34800,RENT,3,MEDICAL,C,7000,13.61,0,0.2,Y,2
20,42000,RENT,4,VENTURE,B,6500,11.71,0,0.15,N,2
20,77052,MORTGAGE,4,EDUCATION,B,24250,11.36,0,0.31,N,2
20,65000,MORTGAGE,4,EDUCATION,B,4800,9.99,0,0.07,N,2
20,188004,MORTGAGE,4,PERSONAL,A,2000,8.59,0,0.01,N,2
20,85920,MORTGAGE,3,DEBTCONSOLIDATION,A,12000,8.49,0,0.14,N,2
20,77000,MORTGAGE,4,VENTURE,A,6000,8,0,0.08,N,2


